	nucleotide	aminoAcid	count (templates)	frequencyCount (%)	cdr3Length	vMaxResolved	vFamilyName	vGeneName	vGeneAllele	vFamilyTies	vGeneNameTies	vGeneAlleleTies	dMaxResolved	dFamilyName	dGeneName	dGeneAllele	dFamilyTies	dGeneNameTies	dGeneAlleleTies	jMaxResolved	jFamilyName	jGeneName	jGeneAllele	jFamilyTies	jGeneNameTies	jGeneAlleleTies	vDeletion	n1Insertion	d5Deletion	d3Deletion	n2Insertion	jDeletion	vIndex	n1Index	dIndex	n2Index	jIndex	estimatedNumberGenomes	sequenceStatus	cloneResolved	vOrphon	dOrphon	jOrphon	vFunction	dFunction	jFunction	fractionNucleated
0	ATCCAGCGCACAGAGCAGGGGGACTCGGCCATGTATCTCTGTGCCAGCAGCTTTTATGACGGCACCGGGGAGCTGTTTTTTGGAGAA	CASSFYDGTGELFF	48	1.44274121	42	TCRBV07-09	TCRBV07	TCRBV07-09				01,03	unresolved		unresolved		TCRBD01,TCRBD02	TCRBD01-01,TCRBD02-01		TCRBJ02-02*01	TCRBJ02	TCRBJ02-02	1.0				3	4	2	7	2	4	39	53	57	60	62	48	In	VDJ							0.0
1	CCGCTCAGGCTGGAGTTGGCTGCTCCCTCCCAGACATCTGTGTACTTCTGTGCCAGTCGGTTTTCAGATACGCAGTATTTTGGCCCA	CASRFSDTQYF	21	0.63119928	33	TCRBV06-06	TCRBV06	TCRBV06-06				01,02	TCRBD02-01	TCRBD02	TCRBD02-01				01,02	TCRBJ02-03*01	TCRBJ02	TCRBJ02-03	1.0				9	1	8	5	4	4	48	56	57	60	64	21	In	VDJ							0.0
2	CTGTCGGCTGCTCCCTCCCAGACATCTGTGTACTTCTGTGCCAGCAGTACCAGCCGGGACTACACCGGGGAGCTGTTTTTTGGAGAA	CASSTSRDYTGELFF	9	0.27051398	45	TCRBV06-05*01	TCRBV06	TCRBV06-05	1.0				TCRBD02-01	TCRBD02	TCRBD02-01				01,02	TCRBJ02-02*01	TCRBJ02	TCRBJ02-02	1.0				5	7	0	10	0	3	36	48	55	-1	61	9	In	VDJ							0.0
3	GAGCACCTTGGAGCTGGGGGACTCGGCCCTTTATCTTTGCGCCAGCAGCCGAAAGCGCGCTCCTACAATGAGCAGTTCTTCGGGCCA		8	0.24045687	44	TCRBV05-01*01	TCRBV05	TCRBV05-01	1.0				TCRBD02-01	TCRBD02	TCRBD02-01				01,02	TCRBJ02-01*01	TCRBJ02	TCRBJ02-01	1.0				4	4	6	6	2	0	37	49	53	57	59	8	Out	VDJ							0.0
4	CTGGAGTCGGCTGCTCCCTCCCAGACATCTGTGTACTTCTGTGCCAGCAGTGGGGCAGGTGGTGTTGAAAAACTGTTTTTTGGCAGT	CASSGAGGVEKLFF	8	0.24045687	42	TCRBV06-01*01	TCRBV06	TCRBV06-01	1.0				TCRBD01-01*01	TCRBD01	TCRBD01-01	1.0				TCRBJ01-04*01	TCRBJ01	TCRBJ01-04	1.0				4	3	4	4	6	7	39	52	55	59	65	8	In	VDJ							0.0
5	AATTCCCTGGAGCTTGGTGACTCTGCTGTGTATTTCTGTGCCAGCAGCCAAGATTTGGGAATCCAAGAGACCCAGTACTTCGGGCCA	CASSQDLGIQETQYF	7	0.21039976	45	TCRBV03	TCRBV03	unresolved			TCRBV03-01,TCRBV03-02		unresolved		unresolved		TCRBD01,TCRBD02	TCRBD01-01,TCRBD02-01		TCRBJ02-05*01	TCRBJ02	TCRBJ02-05	1.0				0	3	0	8	2	1	36	53	56	60	62	7	In	VDJ							0.0
6	ATCCAGCGCACAGAGCAGGGGGACTCGGCCATGTATCTCTGTGCCAGCAGGACAGGACAGTTCCCCTACGAGCAGTACTTCGGGCCG	CASRTGQFPYEQYF	7	0.21039976	42	TCRBV07-09	TCRBV07	TCRBV07-09				01,03	TCRBD01-01*01	TCRBD01	TCRBD01-01	1.0				TCRBJ02-07*01	TCRBJ02	TCRBJ02-07	1.0				6	4	1	5	4	2	39	50	54	60	64	7	In	VDJ							0.0
7	CGCTCACCAGGCCTGGGGGACGCAGCCATGTACCTGTGTGCCACCAGCAGAGGCGGGGGGGCAACAGATACGCAGTATTTTGGCCCA	CATSRGGGATDTQYF	6	0.18034265	45	TCRBV15-01*01	TCRBV15	TCRBV15-01	1.0				TCRBD02-01*01	TCRBD02	TCRBD02-01	1.0				TCRBJ02-03*01	TCRBJ02	TCRBJ02-03	1.0				1	0	7	0	2	3	36	-1	52	61	63	6	In	VDJ							0.0
8	ATCCTGGAGTCGCCCAGCCCCAACCAGACCTCTCTGTACTTCTGTGCCAGCAGTTTCGGACAGCTCAGGCCCCAGCATTTTGGTGAT	CASSFGQLRPQHF	5	0.15028554	39	TCRBV27-01*01	TCRBV27	TCRBV27-01	1.0				TCRBD01-01*01	TCRBD01	TCRBD01-01	1.0				TCRBJ01-05*01	TCRBJ01	TCRBJ01-05	1.0				3	1	1	5	5	9	42	56	57	63	68	5	In	VDJ							0.0
9	GATCCAGCCCTCAGAACCCAGGGACTCAGCTGTGTACTTCTGTGCCAGCAGTATTCAGGGGGGAGGGCTGAAGCTTTCTTTGGACAA		5	0.15028554	41	TCRBV12	TCRBV12	unresolved			TCRBV12-03,TCRBV12-04		unresolved		unresolved		TCRBD01,TCRBD02	TCRBD01-01,TCRBD02-01		TCRBJ01-01*01	TCRBJ01	TCRBJ01-01	1.0				5	3	4	1	5	6	40	52	55	62	67	5	Out	VDJ							0.0
10	CGCACAGAGCAGGGGGACTCGGCCATGTATCTCTGTGCCAGCAGCCCAGGGTGGGGAGGGGTCGGCTATGGCTACACCTTCGGTTCG	CASSPGWGGVGYGYTF	4	0.12022843	48	TCRBV07-09	TCRBV07	TCRBV07-09				01,03	TCRBD02-01*02	TCRBD02	TCRBD02-01	2.0				TCRBJ01-02*01	TCRBJ01	TCRBJ01-02	1.0				5	8	9	0	5	4	33	45	53	60	65	4	In	VDJ							0.0
11	CTGTCCCTAGAGTCTGCCATCCCCAACCAGACAGCTCTTTACTTCTGTGCCACCAGTGATTTTGGGGAGACCCAGTACTTCGGGCCA	CATSDFGETQYF	4	0.12022843	36	TCRBV24	TCRBV24	unresolved			TCRBV24-01,TCRBV24-or09_02		unresolved		unresolved		TCRBD01,TCRBD02	TCRBD01-01,TCRBD02-01		TCRBJ02-05*01	TCRBJ02	TCRBJ02-05	1.0				1	1	0	9	0	5	45	62	63	-1	66	4	In	VDJ							0.0
12	ATCCAGCGCACACAGCAGGAGGACTCCGCCGTGTATCTCTGTGCCAGCAGCTCGGGACAGCCGAACACTGAAGCTTTCTTTGGACAA	CASSSGQPNTEAFF	4	0.12022843	42	TCRBV07-08*01	TCRBV07	TCRBV07-08	1.0				TCRBD01-01*01	TCRBD01	TCRBD01-01	1.0				TCRBJ01-01*01	TCRBJ01	TCRBJ01-01	1.0				4	1	0	5	2	1	39	52	53	60	62	4	In	VDJ							0.0
13	CCCCTGACCCTGGAGTCTGCCAGGCCCTCACATACCTCTCAGTACCTCTGTGCCAGCGCTCCAGGGGACGAGCAGTACTTCGGGCCG	CASAPGDEQYF	4	0.12022843	33	TCRBV25-01*01	TCRBV25	TCRBV25-01	1.0				TCRBD01-01*01	TCRBD01	TCRBD01-01	1.0				TCRBJ02-07*01	TCRBJ02	TCRBJ02-07	1.0				8	4	4	2	0	5	48	57	61	-1	67	4	In	VDJ							0.0
14	CTACACACCCTGCAGCCAGAAGACTCGGCCCTGTATCTCTGCGCCAGCAGCCAAGACTCGGCGGGCTATGGCTACACCTTCGGTTCG	CASSQDSAGYGYTF	4	0.12022843	42	TCRBV04-03*01	TCRBV04	TCRBV04-03	1.0				TCRBD02-01	TCRBD02	TCRBD02-01				01,02	TCRBJ01-02*01	TCRBJ01	TCRBJ01-02	1.0				0	4	7	4	0	4	39	56	60	-1	65	4	In	VDJ							0.0
15	TCTAAGAAGCTCCTTCTCAGTGACTCTGGCTTCTATCTCTGTGCCTGGATCGGGGCTGTCTCGAACACTGAAGCTTTCTTTGGACAA	CAWIGAVSNTEAFF	4	0.12022843	42	TCRBV30-01*01	TCRBV30	TCRBV30-01	1.0				unresolved		unresolved		TCRBD01,TCRBD02	TCRBD01-01,TCRBD02-01		TCRBJ01-01*01	TCRBJ01	TCRBJ01-01	1.0				4	2	7	0	6	1	39	49	51	56	62	4	In	VDJ							0.0
16	ACTGTGACATCGGCCCAAAAGAACCCGACAGCTTTCTATCTCTGTGCCAGTAAGGCGACAGTCAGCTATGGCTACACCTTCGGTTCG	CASKATVSYGYTF	3	0.09017133	39	TCRBV19-01	TCRBV19	TCRBV19-01				01,02	TCRBD01-01*01	TCRBD01	TCRBD01-01	1.0				TCRBJ01-02*01	TCRBJ01	TCRBJ01-02	1.0				7	4	2	5	4	4	42	52	56	61	65	3	In	VDJ							0.0
17	TCTCTGGAGCTGGGGGACTCAGCTTTGTATTTCTGTGCCAGCAGCGCCCTCGTAGCGGGGGCTGCGTACGAGCAGTACTTCGGGCCG	CASSALVAGAAYEQYF	3	0.09017133	48	TCRBV09-01	TCRBV09	TCRBV09-01				01,02	TCRBD02-01*01	TCRBD02	TCRBD02-01	1.0				TCRBJ02-07*01	TCRBJ02	TCRBJ02-07	1.0				3	6	5	2	5	4	33	46	52	61	66	3	In	VDJ							0.0
18	TCGGCCCAAAAGAACCCGACAGCTTTCTATCTCTGTGCCAGTAGTATTAGACAGGCCAATTCCCGCTATGGCTACACCTTCGGTTCG	CASSIRQANSRYGYTF	3	0.09017133	48	TCRBV19-01	TCRBV19	TCRBV19-01				01,02	TCRBD01-01*01	TCRBD01	TCRBD01-01	1.0				TCRBJ01-02*01	TCRBJ01	TCRBJ01-02	1.0				3	2	2	4	10	4	33	47	49	55	65	3	In	VDJ							0.0
19	CTGGAGTCTGCTGCCTCCTCCCAGACATCTGTATATTTCTGCGCCAGCAGTGACAGGTGTGTCTATCAGCCCCAGCATTTTGGTGAT	CASSDRCVYQPQHF	3	0.09017133	42	TCRBV10-01	TCRBV10	TCRBV10-01				01,02	TCRBD01-01*01	TCRBD01	TCRBD01-01	1.0				TCRBJ01-05*01	TCRBJ01	TCRBJ01-05	1.0				3	0	4	4	7	5	39	-1	53	57	64	3	In	VDJ							0.0
20	GATGAATGTGAGCACCTTGGAGCTGGGGGACTCGGCCCTTTATCTTTGCGCCAGCAGCACGACCCCGGGGAGCTGTTTTTTGGAGAA		3	0.09017133	35	TCRBV05-01*01	TCRBV05	TCRBV05-01	1.0				unresolved		unresolved		TCRBD01,TCRBD02	TCRBD01-01,TCRBD02-01		TCRBJ02-02*01	TCRBJ02	TCRBJ02-02	1.0				4	2	2	7	1	6	46	58	60	63	64	3	Out	VDJ							0.0
21	GAGCTCTCTGGAGCTGGGGGACTCAGCTTTGTATTTCTGTGCCACCCCAAACACGCGAGCCCCACCTACGAGCAGTACTTCGGGCCG		3	0.09017133	44	TCRBV09-01	TCRBV09	TCRBV09-01				01,02	unresolved		unresolved		TCRBD01,TCRBD02	TCRBD01-01,TCRBD02-01		TCRBJ02-07*01	TCRBJ02	TCRBJ02-07	1.0				9	6	3	6	11	2	37	44	50	53	64	3	Out	VDJ							0.0
22	CAGTGCCCATCCTGAAGACAGCAGCTTCTACATCTGCAGTGCTAGGGAACAGGGGCAGGCTATAATTCACCCCTCCACTTTGGGAAC		3	0.09017133	47	TCRBV20	TCRBV20	unresolved			TCRBV20-01,TCRBV20-or09_02		TCRBD01-01*01	TCRBD01	TCRBD01-01	1.0				TCRBJ01-06*01	TCRBJ01	TCRBJ01-06	1.0				3	3	3	2	4	3	34	45	48	55	59	3	Out	VDJ							0.0
23	AAGCTGGAGGACTCAGCCATGTACTTCTGTGCCAGCAGTGGCGGGGGGCGGGACAGAAGAATCAATCAGCCCCAGCATTTTGGTGAT	CASSGGGRDRRINQPQHF	3	0.09017133	54	TCRBV02-01*01	TCRBV02	TCRBV02-01	1.0				TCRBD02-01*01	TCRBD02	TCRBD02-01	1.0				TCRBJ01-05*01	TCRBJ01	TCRBJ01-05	1.0				4	0	7	1	14	3	27	-1	40	48	62	3	In	VDJ							0.0
24	TAGTCTGCTGCCTCCTCCCAGACATCTGTATATTTCTGCGCCAGCACCGGAGGGGACAGGGTGAGCCAGCCCCAGCATTTTGGTGAT	CASTGGDRVSQPQHF	3	0.09017133	45	TCRBV10-01	TCRBV10	TCRBV10-01				01,02	TCRBD01-01*01	TCRBD01	TCRBD01-01	1.0				TCRBJ01-05*01	TCRBJ01	TCRBJ01-05	1.0				7	6	0	3	5	7	36	46	52	61	66	3	In	VDJ							0.0
25	AACCTGAGCTCTCTGGAGCTGGGGGACTCAGCTTTGTATTTCTGTGCCAGCAGCGTGTTAGCCGATTCACCCCTCCACTTTGGGAAC	CASSVLADSPLHF	3	0.09017133	39	TCRBV09-01	TCRBV09	TCRBV09-01				01,02	TCRBD02-01	TCRBD02	TCRBD02-01				01,02	TCRBJ01-06*01	TCRBJ01	TCRBJ01-06	1.0				2	2	5	7	2	8	42	56	58	62	64	3	In	VDJ							0.0
26	TCTTCACATCAATTCCCTGGAGCTTGGTGACTCTGCTGTGTATTTCTGTGCCAGTCGGCACGGAGGTATGGCTACACCTTCGGTTCG		3	0.09017133	35	TCRBV03	TCRBV03	unresolved			TCRBV03-01,TCRBV03-02		TCRBD02-01*02	TCRBD02	TCRBD02-01	2.0				TCRBJ01-02*01	TCRBJ01	TCRBJ01-02	1.0				9	7	10	1	0	5	46	54	61	-1	66	3	Out	VDJ							0.0
27	AACCTGAGCTCTCTGGAGCTGGGGGACTCAGCTTTGTATTTCTGTGCCAGCAGCGTAAGTGGCGCCGGGGAGCTGTTTTTTGGAGAA	CASSVSGAGELFF	3	0.09017133	39	TCRBV09-01	TCRBV09	TCRBV09-01				01,02	unresolved		unresolved		TCRBD01,TCRBD02	TCRBD01-01,TCRBD02-01		TCRBJ02-02*01	TCRBJ02	TCRBJ02-02	1.0				1	3	9	0	1	6	42	57	60	63	64	3	In	VDJ							0.0
28	ATCCAGCCCTCAGAACCCAGGGACTCAGCTGTGTACTTCTGTGCCAGCAGCCTTACTAGCGGCCAAGAGACCCAGTACTTCGGGCCA	CASSLTSGQETQYF	3	0.09017133	42	TCRBV12	TCRBV12	unresolved			TCRBV12-03,TCRBV12-04		TCRBD02-01	TCRBD02	TCRBD02-01				01,02	TCRBJ02-05*01	TCRBJ02	TCRBJ02-05	1.0				6	4	3	5	0	1	39	50	54	-1	62	3	In	VDJ							0.0
29	TCTAAGAAGCTCCTTCTCAGTGACTCTGGCTTCTATCTCTGTGCCTGGAGGACGACAGGGGGCCACTATGGCTACACCTTCGGTTCG	CAWRTTGGHYGYTF	3	0.09017133	42	TCRBV30-01*01	TCRBV30	TCRBV30-01	1.0				TCRBD01-01*01	TCRBD01	TCRBD01-01	1.0				TCRBJ01-02*01	TCRBJ01	TCRBJ01-02	1.0				3	3	2	0	1	3	39	50	53	63	64	3	In	VDJ							0.0
30	ATCCAGCCCTCAGAACCCAGGGACTCAGCTGTGTACTTCTGTGCCAGCAGTTCATGGACAACTAACTATGGCTACACCTTCGGTTCG	CASSSWTTNYGYTF	3	0.09017133	42	TCRBV12	TCRBV12	unresolved			TCRBV12-03,TCRBV12-04		TCRBD01-01*01	TCRBD01	TCRBD01-01	1.0				TCRBJ01-02*01	TCRBJ01	TCRBJ01-02	1.0				4	3	1	6	1	0	39	52	55	60	61	3	In	VDJ							0.0
31	GAACTGGAGGATTCTGGAGTTTATTTCTGTGCCAGCAGCCAAGGACTGACTAGCGGTAGCTCCTACAATGAGCAGTTCTTCGGGCCA	CASSQGLTSGSSYNEQFF	2	0.06011422	54	TCRBV14-01*01	TCRBV14	TCRBV14-01	1.0				TCRBD02-01	TCRBD02	TCRBD02-01				01,02	TCRBJ02-01*01	TCRBJ02	TCRBJ02-01	1.0				1	4	2	5	3	0	27	43	47	56	59	2	In	VDJ							0.0
32	GTGACATCGGCCCAAAAGAACCCGACAGCTTTCTATCTCTGTGCCAGTAGTGGGACTCACAACACCGGGGAGCTGTTTTTTGGAGAA	CASSGTHNTGELFF	2	0.06011422	42	TCRBV19-01	TCRBV19	TCRBV19-01				01,02	TCRBD02-01	TCRBD02	TCRBD02-01				01,02	TCRBJ02-02*01	TCRBJ02	TCRBJ02-02	1.0				5	0	0	10	3	2	39	-1	51	57	60	2	In	VDJ							0.0
33	GTGACATCGGCCCAAAAGAACCCGACAGCTTTCTATCTCTGTGCCACCGCCATCCGGGGGGGTGCGGCTGAAGCTTTCTTTGGACAA	CATAIRGGAAEAFF	2	0.06011422	42	TCRBV19-01	TCRBV19	TCRBV19-01				01,02	TCRBD02-01*01	TCRBD02	TCRBD02-01	1.0				TCRBJ01-01*01	TCRBJ01	TCRBJ01-01	1.0				10	8	8	0	5	6	39	46	54	62	67	2	In	VDJ							0.0
34	ACTGTGACATCGGCCCAAAAGAACCCGACAGCTTTCTATCTCTGTGCCAGTAGTATAGTTTCGACCGGGGAGCTGTTTTTTGGAGAA	CASSIVSTGELFF	2	0.06011422	39	TCRBV19-01	TCRBV19	TCRBV19-01				01,02	TCRBD02-01	TCRBD02	TCRBD02-01				01,02	TCRBJ02-02*01	TCRBJ02	TCRBJ02-02	1.0				1	3	8	6	0	5	42	58	61	-1	63	2	In	VDJ							0.0
35	CGGCCCAAAAGAACCCGACAGCTTTCTATCTCTGTGCCAGTAGTATGGTGGTGGACAGGGGCCGTCTTAGGCTACACCTTCGGTTCG		2	0.06011422	49	TCRBV19-01	TCRBV19	TCRBV19-01				01,02	TCRBD01-01*01	TCRBD01	TCRBD01-01	1.0				TCRBJ01-02*01	TCRBJ01	TCRBJ01-02	1.0				3	6	1	2	8	8	32	46	52	61	69	2	Out	VDJ							0.0
36	TGAAGGTGCAGCCTGCAGAACTGGAGGATTCTGGAGTTTATTTCTGTGCCAGCAGCCGTCGGGGTTAATGAGCAGTTCTTCGGGCCA		2	0.06011422	37	TCRBV14-01*01	TCRBV14	TCRBV14-01	1.0				TCRBD02-01*01	TCRBD02	TCRBD02-01	1.0				TCRBJ02-01*01	TCRBJ02	TCRBJ02-01	1.0				4	2	8	3	2	7	44	57	59	64	66	2	Out	VDJ							0.0
37	GTGACATCGGCCCAAAAGAACCCGACAGCTTTCTATCTCTGTGCCAGTAAGATCGGGGGCAGCCAAGAGACCCAGTACTTCGGGCCA	CASKIGGSQETQYF	2	0.06011422	42	TCRBV19-01	TCRBV19	TCRBV19-01				01,02	unresolved		unresolved		TCRBD01,TCRBD02	TCRBD01-01,TCRBD02-01		TCRBJ02-05*01	TCRBJ02	TCRBJ02-05	1.0				7	5	6	0	2	1	39	49	54	60	62	2	In	VDJ							0.0
38	GTGCAGCCTGCAGAACTGGAGGATTCTGGAGTTTATTTCTGTGCCAGCAGTCTTTGGGACAGAGAAGAAAAACTGTTTTTTGGCAGT	CASSLWDREEKLFF	2	0.06011422	42	TCRBV14-01*01	TCRBV14	TCRBV14-01	1.0				TCRBD01-01*01	TCRBD01	TCRBD01-01	1.0				TCRBJ01-04*01	TCRBJ01	TCRBJ01-04	1.0				6	5	0	5	4	8	39	50	55	62	66	2	In	VDJ							0.0
39	GTGCAGCCTGCAGAACTGGAGGATTCTGGAGTTTATTTCTGTGCCAGCAGCCACTCTTCCGGGGCCAACGTCCTGACTTTCGGGGCC	CASSHSSGANVLTF	2	0.06011422	42	TCRBV14-01*01	TCRBV14	TCRBV14-01	1.0				TCRBD02-01	TCRBD02	TCRBD02-01				01,02	TCRBJ02-06*01	TCRBJ02	TCRBJ02-06	1.0				3	0	4	10	5	4	39	-1	53	55	60	2	In	VDJ							0.0
40	GCAGCCTGCAGAACTGGAGGATTCTGGAGTTTATTTCTGTGCCAGCAGCCCCACAGGACAGGGATCGGCGAGCAGTACTTCGGGCCG		2	0.06011422	44	TCRBV14-01*01	TCRBV14	TCRBV14-01	1.0				TCRBD01-01*01	TCRBD01	TCRBD01-01	1.0				TCRBJ02-07*01	TCRBJ02	TCRBJ02-07	1.0				4	5	1	3	5	6	37	50	55	63	68	2	Out	VDJ							0.0
41	TCCAGCGCACAGAGCAGCGGGACTCGGCCATGTATCGCTGTGCCAGCAGCTTCAAACAGGGGTCGAAACACCATATATTTTGGAGAG		2	0.06011422	43	TCRBV07-06*01	TCRBV07	TCRBV07-06	1.0				TCRBD01-01*01	TCRBD01	TCRBD01-01	1.0				TCRBJ01-03*01	TCRBJ01	TCRBJ01-03	1.0				3	3	3	2	2	5	38	52	55	62	64	2	Out	VDJ							0.0
42	ATCCGCTCACCAGGCCTGGGGGACGCAGCCATGTACCTGTGTGCCACCGGGCGAGCGACGAACACCGGGGAGCTGTTTTTTGGAGAA	CATGRATNTGELFF	2	0.06011422	42	TCRBV15-01*01	TCRBV15	TCRBV15-01	1.0				unresolved		unresolved		TCRBD01,TCRBD02	TCRBD01-01,TCRBD02-01		TCRBJ02-02*01	TCRBJ02	TCRBJ02-02	1.0				8	0	8	0	6	0	39	-1	48	52	58	2	In	VDJ							0.0
43	GTGACATCGGCCCAAAAGAACCCGACAGCTTTCTATCTCTGTGCCAGTAGTGGCAGTTGGGGAGATTCACCCCTCCACTTTGGGAAC	CASSGSWGDSPLHF	2	0.06011422	42	TCRBV19-01	TCRBV19	TCRBV19-01				01,02	TCRBD02-01*02	TCRBD02	TCRBD02-01	2.0				TCRBJ01-06*01	TCRBJ01	TCRBJ01-06	1.0				5	8	9	2	0	8	39	51	59	-1	64	2	In	VDJ							0.0
44	AGCTCTCTGGAGCTGGGGGACTCAGCTTTGTATTTCTGTGCCAGCACCACTACAGGGGACAGGTACAATGAGCAGTTCTTCGGGCCA	CASTTTGDRYNEQFF	2	0.06011422	45	TCRBV09-01	TCRBV09	TCRBV09-01				01,02	TCRBD01-01*01	TCRBD01	TCRBD01-01	1.0				TCRBJ02-01*01	TCRBJ02	TCRBJ02-01	1.0				6	9	0	4	0	4	36	46	55	-1	63	2	In	VDJ							0.0
45	TCTGCTGCCTCCTCCCAGACATCTGTATATTTCTGCGCCAGCAGTGAGTCCGGCAGGCCGAGCCCTTATGGCTACACCTTCGGTTCG	CASSESGRPSPYGYTF	2	0.06011422	48	TCRBV10-01	TCRBV10	TCRBV10-01				01,02	TCRBD01-01*01	TCRBD01	TCRBD01-01	1.0				TCRBJ01-02*01	TCRBJ01	TCRBJ01-02	1.0				0	3	4	4	9	5	33	50	53	57	66	2	In	VDJ							0.0
46	CAGCGCACAGAGCGGGGGGACTCAGCCGTGTATCTCTGTGCCAGCAGCTTAAACAGGGGCGAGACAGATACGCAGTATTTTGGCCCA	CASSLNRGETDTQYF	2	0.06011422	45	TCRBV07-03*01	TCRBV07	TCRBV07-03	1.0				TCRBD01-01*01	TCRBD01	TCRBD01-01	1.0				TCRBJ02-03*01	TCRBJ02	TCRBJ02-03	1.0				1	0	3	2	4	3	36	-1	52	59	63	2	In	VDJ							0.0
47	ATCCAGCGCACAGAGCGGGGGGACTCAGCCGTGTATCTCTGTGCCAGCAGCTTAATCCCAGGGTGAATACCCCAGCATTTTGGTGAT	CASSLIPG*IPQHF	2	0.06011422	42	TCRBV07-03*01	TCRBV07	TCRBV07-03	1.0				TCRBD01-01*01	TCRBD01	TCRBD01-01	1.0				TCRBJ01-05*01	TCRBJ01	TCRBJ01-05	1.0				1	3	4	3	6	10	39	55	58	63	69	2	Stop	VDJ							0.0
48	GTGCAGCCTGCAGAACTGGAGGATTCTGGAGTTTATTTCTGTGCCAGCAGCCAATACGGGCCTCCCTACGAGCAGTACTTCGGGCCG	CASSQYGPPYEQYF	2	0.06011422	42	TCRBV14-01*01	TCRBV14	TCRBV14-01	1.0				unresolved		unresolved		TCRBD01,TCRBD02	TCRBD01-01,TCRBD02-01		TCRBJ02-07*01	TCRBJ02	TCRBJ02-07	1.0				2	3	8	0	3	2	39	54	57	61	64	2	In	VDJ							0.0
49	CGCACAGAGCAGGGGGACTCGGCCATGTATCTCTGTGCCAGCAGCTTAGATGAGTTCTGGAACACCGGGGAGCTGTTTTTTGGAGAA	CASSLDEFWNTGELFF	2	0.06011422	48	TCRBV07-09	TCRBV07	TCRBV07-09				01,03	TCRBD02-01*02	TCRBD02	TCRBD02-01	2.0				TCRBJ02-02*01	TCRBJ02	TCRBJ02-02	1.0				1	2	11	2	5	1	33	49	51	54	59	2	In	VDJ							0.0
50	AAGATCCAGCGCACAGAGCGGGGGGACTCAGCCGTGTATCTCTGTGCCAGCAGCAGACAGGGGGCGGGTGAGCAGTTCTTCGGGCCA	CASSRQGAGEQFF	2	0.06011422	39	TCRBV07-03*01	TCRBV07	TCRBV07-03	1.0				TCRBD01-01*01	TCRBD01	TCRBD01-01	1.0				TCRBJ02-01*01	TCRBJ02	TCRBJ02-01	1.0				5	1	2	0	3	9	42	54	55	65	68	2	In	VDJ							0.0
51	TGGAGTCGCCCAGCCCCAACCAGACCTCTCTGTACTTCTGTGCCAGCATCTTCCTGGCGGAACACCGGGGAGCTGTTTTTTGGAGAA		2	0.06011422	43	TCRBV27-01*01	TCRBV27	TCRBV27-01	1.0				unresolved		unresolved		TCRBD01,TCRBD02	TCRBD01-01,TCRBD02-01		TCRBJ02-02*01	TCRBJ02	TCRBJ02-02	1.0				7	7	9	0	1	1	38	48	55	58	59	2	Out	VDJ							0.0
52	TAAATCTTCACATCAATTCCCTGGAGCTTGGTGACTCTGCTGTGTATTTCTGTGCCAGCAGCCAAGTACGGAGCTTTCTTTGGACAA		2	0.06011422	31	TCRBV03	TCRBV03	unresolved			TCRBV03-01,TCRBV03-02		TCRBD02-01	TCRBD02	TCRBD02-01				01,02	TCRBJ01-01*01	TCRBJ01	TCRBJ01-01	1.0				1	2	8	5	0	10	50	66	68	-1	71	2	Out	VDJ							0.0
53	CAGCGCACAGAGCAGCGGGACTCGGCCATGTATCGCTGTGCCAGCAGCTTCTCCGACAGGGGGCATTCACCCCTCCACTTTGGGAAC	CASSFSDRGHSPLHF	2	0.06011422	45	TCRBV07-06*01	TCRBV07	TCRBV07-06	1.0				TCRBD01-01*01	TCRBD01	TCRBD01-01	1.0				TCRBJ01-06*01	TCRBJ01	TCRBJ01-06	1.0				3	4	2	0	0	8	36	50	54	-1	64	2	In	VDJ							0.0
54	CGCACAGAGCGGGGGGACTCAGCCGTGTATCTCTGTGCCAGCAGCCGATTATCCAGGGACACCGCCGGGGAGCTGTTTTTTGGAGAA	CASSRLSRDTAGELFF	2	0.06011422	48	TCRBV07-03*01	TCRBV07	TCRBV07-03	1.0				TCRBD01-01*01	TCRBD01	TCRBD01-01	1.0				TCRBJ02-02*01	TCRBJ02	TCRBJ02-02	1.0				5	10	0	6	3	6	33	45	55	61	64	2	In	VDJ							0.0
55	TTGGAGCTGGGGGACTCGGCCCTTTATCTTTGCGCCAGCAGCTGGACCGGGACAATGATTGAGTCCGGGGAGCTGTTTTTTGGAGAA	CASSWTGTMIESGELFF	2	0.06011422	51	TCRBV05-01*01	TCRBV05	TCRBV05-01	1.0				TCRBD01-01*01	TCRBD01	TCRBD01-01	1.0				TCRBJ02-02*01	TCRBJ02	TCRBJ02-02	1.0				3	5	0	6	10	6	30	43	48	54	64	2	In	VDJ							0.0
56	GCTGGGGGACTCAGCCCTGTACTTCTGTGCCAGCAGGATGCCGAGCAGATGACTGAGTGAAAGACCTATGGCTACACCTTCGGTTCG		2	0.06011422	56	TCRBV13-01*01	TCRBV13	TCRBV13-01	1.0				TCRBD02-01	TCRBD02	TCRBD02-01				01,02	TCRBJ01-02*01	TCRBJ01	TCRBJ01-02	1.0				6	14	2	10	11	4	25	36	50	54	65	2	Out	VDJ							0.0
57	TCCCTGGAGCTTGGTGACTCTGCTGTGTATTTCTGTGCCAGCAGCCAAGCTGGCAGGGGGAACACCGGGGAGCTGTTTTTTGGAGAA	CASSQAGRGNTGELFF	2	0.06011422	48	TCRBV03	TCRBV03	unresolved			TCRBV03-01,TCRBV03-02		TCRBD01-01*01	TCRBD01	TCRBD01-01	1.0				TCRBJ02-02*01	TCRBJ02	TCRBJ02-02	1.0				1	4	4	2	0	1	33	49	53	-1	59	2	In	VDJ							0.0
58	CTGAGGATCCAGCAGGTAGTGCGAGGAGATTCGGCAGCTTATTTCTGTGCCAGCTGGCAGGGCGGAGAGACCCAGTACTTCGGGCCA	CASWQGGETQYF	2	0.06011422	36	TCRBV18-01*01	TCRBV18	TCRBV18-01	1.0				TCRBD01-01*01	TCRBD01	TCRBD01-01	1.0				TCRBJ02-05*01	TCRBJ02	TCRBJ02-05	1.0				7	2	4	3	3	4	45	55	57	62	65	2	In	VDJ							0.0
59	AGGCTGGAGTCGGCTGCTCCCTCCCAGACATCTGTGTACTTCTGTGCCAGCAGTGGGCAGGTTAATCAGCCCCAGCATTTTGGTGAT	CASSGQVNQPQHF	2	0.06011422	39	TCRBV06-01*01	TCRBV06	TCRBV06-01	1.0				TCRBD01-01*01	TCRBD01	TCRBD01-01	1.0				TCRBJ01-05*01	TCRBJ01	TCRBJ01-05	1.0				4	2	4	4	2	4	42	55	57	61	63	2	In	VDJ							0.0
60	ATGAATGTGAGCACCTTGGAGCTGGGGGACTCGGCCCTTTATCTTTGCGCCAGCAGCTTGGCCGGGGGTGAAGCTTTCTTTGGACAA	CASSLAGGEAFF	2	0.06011422	36	TCRBV05-01*01	TCRBV05	TCRBV05-01	1.0				TCRBD02-01*01	TCRBD02	TCRBD02-01	1.0				TCRBJ01-01*01	TCRBJ01	TCRBJ01-01	1.0				0	1	8	2	0	7	45	61	62	-1	68	2	In	VDJ							0.0
61	CGCACAGAGCAGGGGGACTCGGCCATGTATCTCTGTGCCAGCAGTCAAAGACTAGCGGGGATCACCGGGGAGCTGTTTTTTGGAGAA	CASSQRLAGITGELFF	2	0.06011422	48	TCRBV07-09	TCRBV07	TCRBV07-09				01,03	TCRBD02-01*01	TCRBD02	TCRBD02-01	1.0				TCRBJ02-02*01	TCRBJ02	TCRBJ02-02	1.0				6	5	2	3	2	4	33	44	49	60	62	2	In	VDJ							0.0
62	ATCAATTCCCTGGAGCTTGGTGACTCTGCTGTGTATTTCTGTGCCAGCAGCCAGTCGACAGGGGGCTATGGCTACACCTTCGGTTCG	CASSQSTGGYGYTF	2	0.06011422	42	TCRBV03	TCRBV03	unresolved			TCRBV03-01,TCRBV03-02		TCRBD01-01*01	TCRBD01	TCRBD01-01	1.0				TCRBJ01-02*01	TCRBJ01	TCRBJ01-02	1.0				3	3	2	1	0	4	39	53	56	-1	65	2	In	VDJ							0.0
63	CCAGGCCTGGGGGACGCAGCCATGTACCTGTGTGCCACCAGCAGCCCCTCGGGGGCAGGTGGCAATCAGCCCCAGCATTTTGGTGAT	CATSSPSGAGGNQPQHF	2	0.06011422	51	TCRBV15-01*01	TCRBV15	TCRBV15-01	1.0				unresolved		unresolved		TCRBD01,TCRBD02	TCRBD01-01,TCRBD02-01		TCRBJ01-05*01	TCRBJ01	TCRBJ01-05	1.0				3	6	6	0	5	2	30	44	50	56	61	2	In	VDJ							0.0
64	GTGAACGCCTTGGAGCTGGACGACTCGGCCCTGTATCTCTGTGCCAGCAGCCAAAGCGGGACAGCTGAAAAACTGTTTTTTGGCAGT	CASSQSGTAEKLFF	2	0.06011422	42	TCRBV05-04*01	TCRBV05	TCRBV05-04	1.0				unresolved		unresolved		TCRBD01,TCRBD02	TCRBD01-01,TCRBD02-01		TCRBJ01-04*01	TCRBJ01	TCRBJ01-04	1.0				4	6	0	5	1	7	39	51	57	64	65	2	In	VDJ							0.0
65	ACGATCCAGCGCACACAGCAGGAGGACTCGGCCGTGTATCTCTGTGCCAGCAGCTCTAGTCAAGCCTACGAGCAGTACTTCGGGCCG	CASSSSQAYEQYF	2	0.06011422	39	TCRBV07-02*01	TCRBV07	TCRBV07-02	1.0				TCRBD02-01	TCRBD02	TCRBD02-01				01,02	TCRBJ02-07*01	TCRBJ02	TCRBJ02-07	1.0				4	0	4	8	5	2	42	-1	55	59	64	2	In	VDJ							0.0
66	CCAGCAGGTAGTGCGAGGAGATTCGGCAGCTTATTTCTGTGCCAGCTCACCCAGACAGATCCCAACTATGGCTACACCTTCGGTTCG		2	0.06011422	44	TCRBV18-01*01	TCRBV18	TCRBV18-01	1.0				TCRBD01-01*01	TCRBD01	TCRBD01-01	1.0				TCRBJ01-02*01	TCRBJ01	TCRBJ01-02	1.0				3	2	2	5	5	2	37	51	53	58	63	2	Out	VDJ							0.0
67	ACCTTGGAGCTGGGGGACTCGGCCCTTTATCTTTGCGCCAGCAGCGAAGGACAGGGGGTGATCGGGACTGAAGCTTTCTTTGGACAA	CASSEGQGVIGTEAFF	2	0.06011422	48	TCRBV05-01*01	TCRBV05	TCRBV05-01	1.0				TCRBD01-01*01	TCRBD01	TCRBD01-01	1.0				TCRBJ01-01*01	TCRBJ01	TCRBJ01-01	1.0				4	3	1	1	8	5	33	45	48	58	66	2	In	VDJ							0.0
68	AAGATCCAGCGCACACAGCAGGAGGACTCCGCCGTGTATCTCTGTGCCAGCACTGGGCAGGGGGGTCAGCCCCAGCATTTTGGTGAT	CASTGQGGQPQHF	2	0.06011422	39	TCRBV07-08*01	TCRBV07	TCRBV07-08	1.0				TCRBD01-01*01	TCRBD01	TCRBD01-01	1.0				TCRBJ01-05*01	TCRBJ01	TCRBJ01-05	1.0				7	5	4	1	1	6	42	52	57	64	65	2	In	VDJ							0.0
69	GTGAACGCCTTGGAGCTGGACGACTCGGCCCTGTATCTCTGTGCCAGCAGCCGAGGACAGGGCATCACTGAAGCTTTCTTTGGACAA	CASSRGQGITEAFF	2	0.06011422	42	TCRBV05-04*01	TCRBV05	TCRBV05-04	1.0				TCRBD01-01*01	TCRBD01	TCRBD01-01	1.0				TCRBJ01-01*01	TCRBJ01	TCRBJ01-01	1.0				4	3	1	3	3	4	39	51	54	62	65	2	In	VDJ							0.0
70	CAGCGCACAGAGCAGGGGGACTCGGCCATGTATCTCTGTGCCAGCAGCTCTTCTGGCAGGGGCTATACTGAAGCTTTCTTTGGACAA	CASSSSGRGYTEAFF	2	0.06011422	45	TCRBV07-09	TCRBV07	TCRBV07-09				01,03	TCRBD01-01*01	TCRBD01	TCRBD01-01	1.0				TCRBJ01-01*01	TCRBJ01	TCRBJ01-01	1.0				4	7	4	2	4	5	36	49	56	62	66	2	In	VDJ							0.0
71	CAGCGCACACAGCAGGAGGACTCGGCCGTGTATCTCTGTGCCAGCAGGCCGGACAGGTTCGGTAATTCACCCCTCCACTTTGGGAAC	CASRPDRFGNSPLHF	2	0.06011422	45	TCRBV07-02*01	TCRBV07	TCRBV07-02	1.0				TCRBD01-01*01	TCRBD01	TCRBD01-01	1.0				TCRBJ01-06*01	TCRBJ01	TCRBJ01-06	1.0				6	3	1	4	5	6	36	47	50	57	62	2	In	VDJ							0.0
72	CTGGAGTCGGCTGCTCCCTCCCAGACATCTGTGTACTTCTGTGCCAGCAGTATAAGGGACAGACCCTATGGCTACACCTTCGGTTCG	CASSIRDRPYGYTF	2	0.06011422	42	TCRBV06-01*01	TCRBV06	TCRBV06-01	1.0				TCRBD01-01*01	TCRBD01	TCRBD01-01	1.0				TCRBJ01-02*01	TCRBJ01	TCRBJ01-02	1.0				5	4	0	5	3	4	39	51	55	62	65	2	In	VDJ							0.0
73	CTGGAGTCGGCTGCTCCCTCCCAGACATCTGTGTACTTCTGTGCCAGCAGGTCCGGGACAGGACCTTATGGCTACACCTTCGGTTCG	CASRSGTGPYGYTF	2	0.06011422	42	TCRBV06-01*01	TCRBV06	TCRBV06-01	1.0				TCRBD01-01*01	TCRBD01	TCRBD01-01	1.0				TCRBJ01-02*01	TCRBJ01	TCRBJ01-02	1.0				6	4	0	4	4	5	39	50	54	62	66	2	In	VDJ							0.0
74	CTGGAGTCGCCCAGCCCCAACCAGACCTCTCTGTACTTCTGTGCCAGCAGTCCCGCCGGGGCGTACTACGAGCAGTACTTCGGGCCG	CASSPAGAYYEQYF	2	0.06011422	42	TCRBV27-01*01	TCRBV27	TCRBV27-01	1.0				unresolved		unresolved		TCRBD01,TCRBD02	TCRBD01-01,TCRBD02-01		TCRBJ02-07*01	TCRBJ02	TCRBJ02-07	1.0				5	6	7	0	3	3	39	51	57	62	65	2	In	VDJ							0.0
75	AATGTGAGCACCTTGGAGCTGGGGGACTCGGCCCTTTATCTTTGCGCCAGCAGCTACAGGGAAGGCTATGGCTACACCTTCGGTTCG	CASSYREGYGYTF	2	0.06011422	39	TCRBV05-01*01	TCRBV05	TCRBV05-01	1.0				TCRBD01-01*01	TCRBD01	TCRBD01-01	1.0				TCRBJ01-02*01	TCRBJ01	TCRBJ01-02	1.0				3	0	3	3	4	4	42	-1	55	61	65	2	In	VDJ							0.0
76	ATCCGGTCCACAAAGCTGGAGGACTCAGCCATGTACTTCTGTGCCAGCTTCCAGGGGAGTGCTAATGAAAAACTGTTTTTTGGCAGT	CASFQGSANEKLFF	2	0.06011422	42	TCRBV02-01*01	TCRBV02	TCRBV02-01	1.0				TCRBD01-01*01	TCRBD01	TCRBD01-01	1.0				TCRBJ01-04*01	TCRBJ01	TCRBJ01-04	1.0				8	3	4	2	4	3	39	48	51	57	61	2	In	VDJ							0.0
77	GTGAGCACCTTGGAGCTGGGGGACTCGGCCCTTTATCTTTGCGCCAGCAGCTTCCAGGCCGGGGGCGGCGAGCAGTACTTCGGGCCG	CASSFQAGGGEQYF	2	0.06011422	42	TCRBV05-01*01	TCRBV05	TCRBV05-01	1.0				unresolved		unresolved		TCRBD01,TCRBD02	TCRBD01-01,TCRBD02-01		TCRBJ02-07*01	TCRBJ02	TCRBJ02-07	1.0				2	7	6	0	2	6	39	53	60	66	68	2	In	VDJ							0.0
78	ACCCTGCAGCCAGAAGACTCGGCCCTGTATCTCTGTGCCAGCAGCCAAGCCGGACTAGAGGGGGTCAATGAGCAGTTCTTCGGGCCA	CASSQAGLEGVNEQFF	2	0.06011422	48	TCRBV04-02*01	TCRBV04	TCRBV04-02	1.0				TCRBD02-01	TCRBD02	TCRBD02-01				01,02	TCRBJ02-01*01	TCRBJ02	TCRBJ02-01	1.0				1	2	1	8	7	6	33	49	51	58	65	2	In	VDJ							0.0
79	ACAGTGACCAGTGCCCATCCTGAAGACAGCAGCTTCTACATCTGCAGTGCTAGATCGATTCAGGGCCAGCCCCAGCATTTTGGTGAT	CSARSIQGQPQHF	2	0.06011422	39	TCRBV20	TCRBV20	unresolved			TCRBV20-01,TCRBV20-or09_02		TCRBD01-01*01	TCRBD01	TCRBD01-01	1.0				TCRBJ01-05*01	TCRBJ01	TCRBJ01-05	1.0				2	6	4	3	1	7	42	54	60	65	66	2	In	VDJ							0.0
80	CACACCCTGCAGCCAGAAGACTCGGCCCTGTATCTCTGTGCCAGCAGCCAGGATGGGACAGGGAACACTGAAGCTTTCTTTGGACAA	CASSQDGTGNTEAFF	2	0.06011422	45	TCRBV04-02*01	TCRBV04	TCRBV04-02	1.0				TCRBD01-01*01	TCRBD01	TCRBD01-01	1.0				TCRBJ01-01*01	TCRBJ01	TCRBJ01-01	1.0				3	4	0	4	0	1	36	50	54	-1	62	2	In	VDJ							0.0
81	ACAGTGACCAGTGCCCATCCTGAAGACAGCAGCTTCTACATCTGCAGTGCCCGGACAGATGTTAATTCACCCCTCCACTTTGGGAAC	CSARTDVNSPLHF	2	0.06011422	39	TCRBV20	TCRBV20	unresolved			TCRBV20-01,TCRBV20-or09_02		TCRBD01-01*01	TCRBD01	TCRBD01-01	1.0				TCRBJ01-06*01	TCRBJ01	TCRBJ01-06	1.0				6	2	1	5	4	6	42	50	52	58	62	2	In	VDJ							0.0
82	ACAGTGACCAGTGCCCATCCTGAAGACAGCAGCTTCTACATCTGCAGTGCTAGTTTGGCTGGGGCCAACGTCCTGACTTTCGGGGCC	CSASLAGANVLTF	2	0.06011422	39	TCRBV20	TCRBV20	unresolved			TCRBV20-01,TCRBV20-or09_02		unresolved		unresolved		TCRBD01,TCRBD02	TCRBD01-01,TCRBD02-01		TCRBJ02-06*01	TCRBJ02	TCRBJ02-06	1.0				3	3	0	10	0	2	42	53	56	-1	58	2	In	VDJ							0.0
83	ATCCGGTCCACAAAGCTGGAGGACTCAGCCATGTACTTCTGTGCCAGCAGTGAAGCAGGAGGGAACTATGGCTACACCTTCGGTTCG	CASSEAGGNYGYTF	2	0.06011422	42	TCRBV02-01*01	TCRBV02	TCRBV02-01	1.0				TCRBD02-01*02	TCRBD02	TCRBD02-01	2.0				TCRBJ01-02*01	TCRBJ01	TCRBJ01-02	1.0				0	1	10	0	0	2	39	56	57	-1	63	2	In	VDJ							0.0
84	ACAGTGACCAGTGCCCATCCTGAAGACAGCAGCTTCTACATCTGCAGTGCTAGAGATCCTCGCGGGGGTGGCTACACCTTCGGTTCG	CSARDPRGGGYTF	2	0.06011422	39	TCRBV20	TCRBV20	unresolved			TCRBV20-01,TCRBV20-or09_02		TCRBD02-01*01	TCRBD02	TCRBD02-01	1.0				TCRBJ01-02*01	TCRBJ01	TCRBJ01-02	1.0				0	5	7	2	0	7	42	56	61	-1	68	2	In	VDJ							0.0
85	TGGAGTCGGCTGCTCCCTCCCAGACATCTGTGTACTTCTGTGCCAGTAGGTTCACGGGACAGTCTTGACGAGCAGTACTTCGGGCCG		2	0.06011422	43	TCRBV06-01*01	TCRBV06	TCRBV06-01	1.0				TCRBD01-01*01	TCRBD01	TCRBD01-01	1.0				TCRBJ02-07*01	TCRBJ02	TCRBJ02-07	1.0				9	9	0	5	5	5	38	46	55	62	67	2	Out	VDJ							0.0
86	GTGAGCACCTTGGAGCTGGGGGACTCGGCCCTTTATCTTTGCGCCAGCAGCTTCGGCAGGGATGACTATGGCTACACCTTCGGTTCG	CASSFGRDDYGYTF	2	0.06011422	42	TCRBV05-01*01	TCRBV05	TCRBV05-01	1.0				TCRBD01-01*01	TCRBD01	TCRBD01-01	1.0				TCRBJ01-02*01	TCRBJ01	TCRBJ01-02	1.0				2	3	4	3	3	3	39	53	56	61	64	2	In	VDJ							0.0
87	GATCCAGCCTGCAAAGCTTGAGGACTCGGCCGTGTATCTCTGTGCCAGCAGCACCGGGACCGCGGAAACACCATATATTTTGGAGAG		2	0.06011422	41	TCRBV11-02*02	TCRBV11	TCRBV11-02	2.0				unresolved		unresolved		TCRBD01,TCRBD02	TCRBD01-01,TCRBD02-01		TCRBJ01-03*01	TCRBJ01	TCRBJ01-03	1.0				5	3	0	7	3	4	40	52	55	60	63	2	Out	VDJ							0.0
88	CTCTGGAGTCCGCTACCAGCTCCCAGACATCTGTGTACTTCTGTGCCATCAGGGACAGGGTGCCTCTACGAGCAGTACTTCGGGCCG		2	0.06011422	40	TCRBV10-03*01	TCRBV10	TCRBV10-03	1.0				TCRBD01-01*01	TCRBD01	TCRBD01-01	1.0				TCRBJ02-07*01	TCRBJ02	TCRBJ02-07	1.0				6	0	1	3	5	3	41	-1	52	60	65	2	Out	VDJ							0.0
89	AATGTGAGCACCTTGGAGCTGGGGGACTCGGCCCTTTATCTTTGCGCCAGCAGCCCAACAGTGAACACTGAAGCTTTCTTTGGACAA	CASSPTVNTEAFF	2	0.06011422	39	TCRBV05-01*01	TCRBV05	TCRBV05-01	1.0				TCRBD01-01*01	TCRBD01	TCRBD01-01	1.0				TCRBJ01-01*01	TCRBJ01	TCRBJ01-01	1.0				4	3	3	5	0	0	42	54	57	-1	61	2	In	VDJ							0.0
90	CTGCAGCCAGAAGACTCAGCCCTGTATCTCTGCGCCAGCAGCCAAGCAGGGGGCGGCAGGGGCGCCACTGAAGCTTTCTTTGGACAA	CASSQAGGGRGATEAFF	2	0.06011422	51	TCRBV04-01*01	TCRBV04	TCRBV04-01	1.0				TCRBD01-01*01	TCRBD01	TCRBD01-01	1.0				TCRBJ01-01*01	TCRBJ01	TCRBJ01-01	1.0				1	0	4	0	11	4	30	-1	46	54	65	2	In	VDJ							0.0
91	ACTCTGACAGTGACCAGTGCCCATCCTGAAGACAGCAGCTTCTACATCTGCAGTGCAACCCTGAACACTGAAGCTTTCTTTGGACAA	CSATLNTEAFF	2	0.06011422	33	TCRBV20-01*01	TCRBV20	TCRBV20-01	1.0				unresolved		unresolved		TCRBD01,TCRBD02	TCRBD01-01,TCRBD02-01		TCRBJ01-01*01	TCRBJ01	TCRBJ01-01	1.0				6	1	3	7	2	0	48	56	57	59	61	2	In	VDJ							0.0
92	CTGAAGATCCAGCCCTCAGAACCCAGGGACTCAGCTGTGTACTTCTGTGCCAGCAGCCCACAGAATTCACCCCTCCACTTTGGGAAC	CASSPQNSPLHF	2	0.06011422	36	TCRBV12	TCRBV12	unresolved			TCRBV12-03,TCRBV12-04		TCRBD01-01*01	TCRBD01	TCRBD01-01	1.0				TCRBJ01-06*01	TCRBJ01	TCRBJ01-06	1.0				6	3	3	5	0	7	45	56	59	-1	63	2	In	VDJ							0.0
93	AATGTGAACGCCTTGGAGCTGGACGACTCGGCCCTGTATCTCTGTGCCAGCAGCGCCGGCAGGGGGTACGAGCAGTACTTCGGGCCG	CASSAGRGYEQYF	2	0.06011422	39	TCRBV05-04*01	TCRBV05	TCRBV05-04	1.0				TCRBD01-01*01	TCRBD01	TCRBD01-01	1.0				TCRBJ02-07*01	TCRBJ02	TCRBJ02-07	1.0				4	5	4	1	0	4	42	54	59	-1	66	2	In	VDJ							0.0
94	CAGCGCACACAGCAGGAGGACTCGGCCGTGTATCTCTGTGCCAGCAGCTTAGTCGTGAACTCTAATTCACCCCTCCACTTTGGGAAC	CASSLVVNSNSPLHF	2	0.06011422	45	TCRBV07-02*01	TCRBV07	TCRBV07-02	1.0				TCRBD02-01	TCRBD02	TCRBD02-01				01,02	TCRBJ01-06*01	TCRBJ01	TCRBJ01-06	1.0				1	6	3	10	1	6	36	52	58	61	62	2	In	VDJ							0.0
95	GTGACCAGTGCCCATCCTGAAGACAGCAGCTTCTACATCTGCAGTGCCTACACCCTAGCGGACCAAGAGACCCAGTACTTCGGGCCA	CSAYTLADQETQYF	2	0.06011422	42	TCRBV20	TCRBV20	unresolved			TCRBV20-01,TCRBV20-or09_02		TCRBD02-01	TCRBD02	TCRBD02-01				01,02	TCRBJ02-05*01	TCRBJ02	TCRBJ02-05	1.0				6	7	4	5	0	0	39	47	54	-1	61	2	In	VDJ							0.0
96	GGGTTGGAGTCGGCTGCTCCCTCCCAAACATCTGTGTACTTCTGTGCCAGCAGATCGACAGGGGCCGGGGAGCTGTTTTTTGGAGAA	CASRSTGAGELFF	2	0.06011422	39	TCRBV06	TCRBV06	unresolved			TCRBV06-02,TCRBV06-03		TCRBD01-01*01	TCRBD01	TCRBD01-01	1.0				TCRBJ02-02*01	TCRBJ02	TCRBJ02-02	1.0				6	3	2	2	0	6	42	53	56	-1	64	2	In	VDJ							0.0
97	ATCCAGCCCTCAGAACCCAGGGACTCAGCTGTGTACTTCTGTGCCAGCAGTTTGGGCAGGGGTTCCTATGGCTACACCTTCGGTTCG	CASSLGRGSYGYTF	2	0.06011422	42	TCRBV12	TCRBV12	unresolved			TCRBV12-03,TCRBV12-04		TCRBD01-01*01	TCRBD01	TCRBD01-01	1.0				TCRBJ01-02*01	TCRBJ01	TCRBJ01-02	1.0				3	3	4	2	3	4	39	53	56	62	65	2	In	VDJ							0.0
98	GTGACCAGTGCCCATCCTGAAGACAGCAGCTTCTACATCTGCAGTGCTAGAGATGCGGGGGAGGCCTACGAGCAGTACTTCGGGCCG	CSARDAGEAYEQYF	2	0.06011422	42	TCRBV20	TCRBV20	unresolved			TCRBV20-01,TCRBV20-or09_02		TCRBD02-01*01	TCRBD02	TCRBD02-01	1.0				TCRBJ02-07*01	TCRBJ02	TCRBJ02-07	1.0				0	1	7	2	3	2	39	53	54	61	64	2	In	VDJ							0.0
99	CTGAAGATCCAGCCCTCAGAACCCAGGGACTCAGCTGTGTACTTCTGTGCCAGCAGACTACGGGACAATGGCTACACCTTCGGTTCG	CASRLRDNGYTF	2	0.06011422	36	TCRBV12	TCRBV12	unresolved			TCRBV12-03,TCRBV12-04		TCRBD01-01*01	TCRBD01	TCRBD01-01	1.0				TCRBJ01-02*01	TCRBJ01	TCRBJ01-02	1.0				6	5	0	6	0	6	45	56	61	-1	67	2	In	VDJ							0.0
100	CTGATTCTGGAGTCCGCCAGCACCAACCAGACATCTATGTACCTCTGTGCCAGCAGTTCACCGGGCTACGAGCAGTACTTCGGGCCG	CASSSPGYEQYF	2	0.06011422	36	TCRBV28-01*01	TCRBV28	TCRBV28-01	1.0				TCRBD02-01	TCRBD02	TCRBD02-01				01,02	TCRBJ02-07*01	TCRBJ02	TCRBJ02-07	1.0				4	3	8	4	0	3	45	58	61	-1	65	2	In	VDJ							0.0
101	TCTGCCATCCCCAACCAGACAGCTCTTTACTTCTGTGCCACCAGTGATTCCCGGCCCTCTGGGGCCAACGTCCTGACTTTCGGGGCC	CATSDSRPSGANVLTF	2	0.06011422	48	TCRBV24	TCRBV24	unresolved			TCRBV24-01,TCRBV24-or09_02		unresolved		unresolved		TCRBD01,TCRBD02	TCRBD01-01,TCRBD02-01		TCRBJ02-06*01	TCRBJ02	TCRBJ02-06	1.0				2	3	9	0	1	0	33	49	52	55	56	2	In	VDJ							0.0
102	GAGATCCAGCGCACAGAGCAGGGGGACTCGGCCATGTATCTCTGTGCCAGCAGCGCCGGGGACAGAGGGGGCTACACCTTCGGTTCG	CASSAGDRGGYTF	2	0.06011422	39	TCRBV07-09	TCRBV07	TCRBV07-09				01,03	TCRBD01-01*01	TCRBD01	TCRBD01-01	1.0				TCRBJ01-02*01	TCRBJ01	TCRBJ01-02	1.0				5	4	0	5	4	8	42	54	58	65	69	2	In	VDJ							0.0
103	TTGGAGTCGGCTGCTCCCTCCCAAACATCTGTGTACTTCTGTGCCAGCAGGAGACTAGCGTCCACCGGGGAGCTGTTTTTTGGAGAA	CASRRLASTGELFF	2	0.06011422	42	TCRBV06	TCRBV06	unresolved			TCRBV06-02,TCRBV06-03		TCRBD02-01	TCRBD02	TCRBD02-01				01,02	TCRBJ02-02*01	TCRBJ02	TCRBJ02-02	1.0				6	2	2	6	2	4	39	50	52	60	62	2	In	VDJ							0.0
104	GAGTTGGCTGCTCCCTCCCAGACATCTGTGTACTTCTGTGCCAGCAGGTTGGCGCAGGGTCTCCAAGAGACCCAGTACTTCGGGCCA	CASRLAQGLQETQYF	2	0.06011422	45	TCRBV06-06	TCRBV06	TCRBV06-06				01,02	TCRBD01-01*01	TCRBD01	TCRBD01-01	1.0				TCRBJ02-05*01	TCRBJ02	TCRBJ02-05	1.0				6	7	4	3	3	1	36	47	54	59	62	2	In	VDJ							0.0
105	ACCCTGCAGCCAGAAGACTCGGCCCTGTATCTCTGTGCCAGCAGCATCATCGGCGGTTGAAAGACCTATGGCTACACCTTCGGTTCG	CASSIIGG*KTYGYTF	2	0.06011422	48	TCRBV04-02*01	TCRBV04	TCRBV04-02	1.0				TCRBD02-01	TCRBD02	TCRBD02-01				01,02	TCRBJ01-02*01	TCRBJ01	TCRBJ01-02	1.0				5	7	7	5	9	4	33	45	52	56	65	2	Stop	VDJ							0.0
106	ACTCTGACAGTGACCAGTGCCCATCCTGAAGACAGCAGCTTCTACATCTGCAGTGCTAGGGACGGAGCCAAGCAGTACTTCGGGCCG	CSARDGAKQYF	2	0.06011422	33	TCRBV20-01*01	TCRBV20	TCRBV20-01	1.0				unresolved		unresolved		TCRBD01,TCRBD02	TCRBD01-01,TCRBD02-01		TCRBJ02-07*01	TCRBJ02	TCRBJ02-07	1.0				3	0	1	7	7	8	48	-1	59	63	70	2	In	VDJ							0.0
107	ACCCTGCAGCCAGAAGACTCGGCCCTGTATCTCTGTGCCAGCAGCCAAGAGGGTGACAGGCCTCTCGCTGGCTACACCTTCGGTTCG	CASSQEGDRPLAGYTF	2	0.06011422	48	TCRBV04-02*01	TCRBV04	TCRBV04-02	1.0				TCRBD01-01*01	TCRBD01	TCRBD01-01	1.0				TCRBJ01-02*01	TCRBJ01	TCRBJ01-02	1.0				0	4	2	4	8	7	33	50	54	60	68	2	In	VDJ							0.0
108	TGCCATCCCCAACCAGACAGCTCTTTACTTCTGTGCCACCAGTGATCCTGCCGGGACCGACGAAATTCACCCCTCCACTTTGGGAAC		2	0.06011422	50	TCRBV24	TCRBV24	unresolved			TCRBV24-01,TCRBV24-or09_02		unresolved		unresolved		TCRBD01,TCRBD02	TCRBD01-01,TCRBD02-01		TCRBJ01-06*01	TCRBJ01	TCRBJ01-06	1.0				3	6	0	7	6	7	31	46	52	57	63	2	Out	VDJ							0.0
109	AAGATCCAGCCCTCAGAACCCAGGGACTCAGCTGTGTACTTCTGTGCCAGCAGTTTACGGCAGGTCGGCGAGCAGTACTTCGGGCCG	CASSLRQVGEQYF	2	0.06011422	39	TCRBV12	TCRBV12	unresolved			TCRBV12-03,TCRBV12-04		TCRBD01-01*01	TCRBD01	TCRBD01-01	1.0				TCRBJ02-07*01	TCRBJ02	TCRBJ02-07	1.0				2	3	4	4	4	6	42	57	60	64	68	2	In	VDJ							0.0
110	GGGTTGGAGTCGGCTGCTCCCTCCCAAACATCTGTGTACTTCTGTGCCAGCACCTTAATCCCGAATGAAAAACTGTTTTTTGGCAGT	CASTLIPNEKLFF	2	0.06011422	39	TCRBV06	TCRBV06	unresolved			TCRBV06-02,TCRBV06-03		TCRBD02-01	TCRBD02	TCRBD02-01				01,02	TCRBJ01-04*01	TCRBJ01	TCRBJ01-04	1.0				7	1	4	10	8	5	42	52	53	55	63	2	In	VDJ							0.0
111	CACGCCCTGCAGCCAGAAGACTCAGCCCTGTATCTCTGCGCCAGCAGCCTCAGGACAGGGGGCGCCGATGGCTACACCTTCGGTTCG	CASSLRTGGADGYTF	2	0.06011422	45	TCRBV04-01*01	TCRBV04	TCRBV04-01	1.0				TCRBD01-01*01	TCRBD01	TCRBD01-01	1.0				TCRBJ01-02*01	TCRBJ01	TCRBJ01-02	1.0				4	3	1	0	4	6	36	49	52	63	67	2	In	VDJ							0.0
112	TACACGCCCTGCAGCCAGAAGACTCAGCCCTGTATCTCTGCGCCAGCAGCCATGCGACTTCTGTGGTCACCCCTCCACTTTGGGAAC		2	0.06011422	43	TCRBV04-01*01	TCRBV04	TCRBV04-01	1.0				TCRBD02-01	TCRBD02	TCRBD02-01				01,02	TCRBJ01-06*01	TCRBJ01	TCRBJ01-06	1.0				3	3	2	10	7	10	38	52	55	59	66	2	Out	VDJ							0.0
113	TTGGAGTCGGCTGCTCCCTCCCAAACATCTGTGTACTTCTGTGCCAGCAGCAACCTCGGGGCGCTTGAACCCCTCCACTTTGGGAAC	CASSNLGALEPLHF	2	0.06011422	42	TCRBV06	TCRBV06	unresolved			TCRBV06-02,TCRBV06-03		unresolved		unresolved		TCRBD01,TCRBD02	TCRBD01-01,TCRBD02-01		TCRBJ01-06*01	TCRBJ01	TCRBJ01-06	1.0				6	7	7	0	6	12	39	50	57	62	68	2	In	VDJ							0.0
114	GCCCTGCAGCCAGAAGACTCAGCCCTGTATCTCTGCGCCAGCCGAAACTTCCCGGGACAGGGCAATCAGCCCCAGCATTTTGGTGAT	CASRNFPGQGNQPQHF	2	0.06011422	48	TCRBV04-01*01	TCRBV04	TCRBV04-01	1.0				TCRBD01-01*01	TCRBD01	TCRBD01-01	1.0				TCRBJ01-05*01	TCRBJ01	TCRBJ01-05	1.0				8	11	0	4	0	2	33	42	53	-1	61	2	In	VDJ							0.0
115	AAGATCCAGCCCTCAGAACCCAGGGACTCAGCTGTGTACTTCTGTGCCAGCAACAGACAGGAGGTACATGGCTACACCTTCGGTTCG	CASNRQEVHGYTF	2	0.06011422	39	TCRBV12	TCRBV12	unresolved			TCRBV12-03,TCRBV12-04		TCRBD01-01*01	TCRBD01	TCRBD01-01	1.0				TCRBJ01-02*01	TCRBJ01	TCRBJ01-02	1.0				7	3	2	4	6	6	42	52	55	61	67	2	In	VDJ							0.0
116	TTGGCTGCTCCCTCCCAGACATCTGTGTACTTCTGTGCCAGCAGTCACAAGAGGGACATTGGAATCTACGAGCAGTACTTCGGGCCG	CASSHKRDIGIYEQYF	2	0.06011422	48	TCRBV06-06	TCRBV06	TCRBV06-06				01,02	TCRBD01-01*01	TCRBD01	TCRBD01-01	1.0				TCRBJ02-07*01	TCRBJ02	TCRBJ02-07	1.0				5	7	0	6	7	3	33	45	52	58	65	2	In	VDJ							0.0
117	AGGCTGCTGTCGGCTGCTCCCTCCCAGACATCTGTGTACTTCTGTGCCAGCAGTCCTATGCCTAACTATGGCTACACCTTCGGTTCG	CASSPMPNYGYTF	2	0.06011422	39	TCRBV06-05*01	TCRBV06	TCRBV06-05	1.0				TCRBD02-01	TCRBD02	TCRBD02-01				01,02	TCRBJ01-02*01	TCRBJ01	TCRBJ01-02	1.0				5	1	4	9	3	0	42	54	55	58	61	2	In	VDJ							0.0
118	TCCCTAGAGTCTGCCATCCCCAACCAGACAGCTCTTTACTTCTGTGCCACCAGTCCCGGGACAGGGTTCGGCTACACCTTCGGTTCG	CATSPGTGFGYTF	2	0.06011422	39	TCRBV24	TCRBV24	unresolved			TCRBV24-01,TCRBV24-or09_02		TCRBD01-01*01	TCRBD01	TCRBD01-01	1.0				TCRBJ01-02*01	TCRBJ01	TCRBJ01-02	1.0				6	3	0	3	3	8	42	54	57	66	69	2	In	VDJ							0.0
119	CACCTACACACCCTGCAGCCAGAAGACTCGGCCCTGTATCTCTGCGCCAGCAGCCAAGATTTACGGCAGACCCAGTACTTCGGGCCA	CASSQDLRQTQYF	2	0.06011422	39	TCRBV04-03*01	TCRBV04	TCRBV04-03	1.0				unresolved		unresolved		TCRBD01,TCRBD02	TCRBD01-01,TCRBD02-01		TCRBJ02-05*01	TCRBJ02	TCRBJ02-05	1.0				0	5	9	0	0	6	42	59	64	-1	67	2	In	VDJ							0.0
120	AAGAAGCTCCTTCTCAGTGACTCTGGCTTCTATCTCTGTGCCTGGAGTTACCGGACTCTTAACACCGGGGAGCTGTTTTTTGGAGAA	CAWSYRTLNTGELFF	2	0.06011422	45	TCRBV30-01*01	TCRBV30	TCRBV30-01	1.0				TCRBD02-01	TCRBD02	TCRBD02-01				01,02	TCRBJ02-02*01	TCRBJ02	TCRBJ02-02	1.0				2	4	1	10	3	2	36	48	52	57	60	2	In	VDJ							0.0
121	AAGAAGCTCCTTCTCAGTGACTCTGGCTTCTATCTCTGTGCCTGGGTCATGGGTCCAGGGCCCCACTATGGCTACACCTTCGGTTCG	CAWVMGPGPHYGYTF	2	0.06011422	45	TCRBV30-01*01	TCRBV30	TCRBV30-01	1.0				TCRBD01-01*01	TCRBD01	TCRBD01-01	1.0				TCRBJ01-02*01	TCRBJ01	TCRBJ01-02	1.0				5	10	4	3	4	3	36	45	55	60	64	2	In	VDJ							0.0
122	AGTTCTAAGAAGCTCCTTCTCAGTGACTCTGGCTTCTATCTCTGTGCCTGGAGGCGATCCTATAATTCACCCCTCCACTTTGGGAAC	CAWRRSYNSPLHF	2	0.06011422	39	TCRBV30-01*01	TCRBV30	TCRBV30-01	1.0				TCRBD02-01	TCRBD02	TCRBD02-01				01,02	TCRBJ01-06*01	TCRBJ01	TCRBJ01-06	1.0				3	0	7	6	1	1	42	-1	53	56	57	2	In	VDJ							0.0
123	AAGATCCAGCGCACAGAGCGGGGGGACTCAGCCGTGTATCTCTGTGCCAGCAGCTTGAGTGTTAACACTGAAGCTTTCTTTGGACAA	CASSLSVNTEAFF	2	0.06011422	39	TCRBV07-03*01	TCRBV07	TCRBV07-03	1.0				TCRBD02-01*02	TCRBD02	TCRBD02-01	2.0				TCRBJ01-01*01	TCRBJ01	TCRBJ01-01	1.0				3	0	11	2	4	2	42	-1	56	59	63	2	In	VDJ							0.0
124	CAGCCCTCAGAACCCAGGGACTCAGCTGTGTACTTCTGTGCCAGCAGAGACGACAGCCTTGGGGGCAATGAGCAGTTCTTCGGGCCA	CASRDDSLGGNEQFF	2	0.06011422	45	TCRBV12	TCRBV12	unresolved			TCRBV12-03,TCRBV12-04		unresolved		unresolved		TCRBD01,TCRBD02	TCRBD01-01,TCRBD02-01		TCRBJ02-01*01	TCRBJ02	TCRBJ02-01	1.0				6	4	2	5	9	6	36	47	51	56	65	2	In	VDJ							0.0
125	AACCTGAGCTCTCTGGAGCTGGGGGACTCAGCTTTGTATTTCTGTGCCAGCAGGGGCACTAGCTCGGGAGAGCAGTTCTTCGGGCCA	CASRGTSSGEQFF	2	0.06011422	39	TCRBV09-01	TCRBV09	TCRBV09-01				01,02	TCRBD02-01	TCRBD02	TCRBD02-01				01,02	TCRBJ02-01*01	TCRBJ02	TCRBJ02-01	1.0				5	4	3	7	6	10	42	53	57	63	69	2	In	VDJ							0.0
126	TGTCGGCTGCTCCCTCCCAGACATCTGTGTACTTCTGTGCCAGCAGTTACGGGTGATGATAGCCGGGGTACGCAGTATTTTGGCCCA		2	0.06011422	46	TCRBV06-05*01	TCRBV06	TCRBV06-05	1.0				TCRBD02-01*01	TCRBD02	TCRBD02-01	1.0				TCRBJ02-03*01	TCRBJ02	TCRBJ02-03	1.0				2	13	8	3	0	8	35	50	63	-1	68	2	Out	VDJ							0.0
127	CAGCGCACAGAGCAGCGGGACTCGGCCATGTATCGCTGTGCCAGCAGCTTAAGGGCGGGAGGCCCAGAGACCCAGTACTTCGGGCCA	CASSLRAGGPETQYF	2	0.06011422	45	TCRBV07-06*01	TCRBV07	TCRBV07-06	1.0				TCRBD02-01*02	TCRBD02	TCRBD02-01	2.0				TCRBJ02-05*01	TCRBJ02	TCRBJ02-05	1.0				2	3	7	1	3	4	36	51	54	62	65	2	In	VDJ							0.0
128	AAGATCCGGTCCACAAAGCTGGAGGACTCAGCCATGTACTTCTGTGCCAGCACACGGGACCTCACAGATACGCAGTATTTTGGCCCA	CASTRDLTDTQYF	2	0.06011422	39	TCRBV02-01*01	TCRBV02	TCRBV02-01	1.0				unresolved		unresolved		TCRBD01,TCRBD02	TCRBD01-01,TCRBD02-01		TCRBJ02-03*01	TCRBJ02	TCRBJ02-03	1.0				7	3	0	7	2	2	42	52	55	60	62	2	In	VDJ							0.0
129	AAGATCCAGCCCTCAGAACCCAGGGACTCAGCTGTGTATTTTTGTGCTAGTGGTCTCGGGACAGGTGAGACCCAGTACTTCGGGCCA	CASGLGTGETQYF	2	0.06011422	39	TCRBV12-05*01	TCRBV12	TCRBV12-05	1.0				TCRBD01-01*01	TCRBD01	TCRBD01-01	1.0				TCRBJ02-05*01	TCRBJ02	TCRBJ02-05	1.0				5	3	0	4	1	5	42	54	57	65	66	2	In	VDJ							0.0
130	GTGAGCACCTTGGAGCTGGGGGACTCGGCCCTTTATCTTTGCGCCAGCAGCCCCCAGGGGGCTAAAGACGAGCAGTACTTCGGGCCG	CASSPQGAKDEQYF	2	0.06011422	42	TCRBV05-01*01	TCRBV05	TCRBV05-01	1.0				TCRBD01-01*01	TCRBD01	TCRBD01-01	1.0				TCRBJ02-07*01	TCRBJ02	TCRBJ02-07	1.0				4	3	4	0	5	5	39	51	54	62	67	2	In	VDJ							0.0
131	CAGCCTGCAAAGCTTGAGGACTCGGCCGTGTATCTCTGTGCCAGCAGCTTTTCCGACAGCACCAACACTGAAGCTTTCTTTGGACAA	CASSFSDSTNTEAFF	2	0.06011422	45	TCRBV11-02*02	TCRBV11	TCRBV11-02	2.0				TCRBD01-01*01	TCRBD01	TCRBD01-01	1.0				TCRBJ01-01*01	TCRBJ01	TCRBJ01-01	1.0				3	4	2	5	4	2	36	50	54	59	63	2	In	VDJ							0.0
132	CAGCCCCAACCAGACCTCTCTGTACTTCTGTGCCAGCAGGGCCCTACCCTAGCTAGCTCTAGCACAGATACGCAGTATTTTGGCCCA		2	0.06011422	53	TCRBV27-01*01	TCRBV27	TCRBV27-01	1.0				TCRBD02-01	TCRBD02	TCRBD02-01				01,02	TCRBJ02-03*01	TCRBJ02	TCRBJ02-03	1.0				6	9	4	7	7	0	28	39	48	53	60	2	Out	VDJ							0.0
133	ACATCGGCCCAAAAGAACCCGACAGCTTTCTATCTCTGTGCCAGTAGTATACGGCGGACCCTCCAAGAGACCCAGTACTTCGGGCCA	CASSIRRTLQETQYF	2	0.06011422	45	TCRBV19-01	TCRBV19	TCRBV19-01				01,02	unresolved		unresolved		TCRBD01,TCRBD02	TCRBD01-01,TCRBD02-01		TCRBJ02-05*01	TCRBJ02	TCRBJ02-05	1.0				2	4	1	7	3	1	36	51	55	59	62	2	In	VDJ							0.0
134	CAGCGCACAGAGCAGGGGGACTCGGCCATGTATCTCTGTGCCAGCAGCTTCGGGACGGGGTTGGTGGAAAAACTGTTTTTTGGCAGT	CASSFGTGLVEKLFF	2	0.06011422	45	TCRBV07-09	TCRBV07	TCRBV07-09				01,03	unresolved		unresolved		TCRBD01,TCRBD02	TCRBD01-01,TCRBD02-01		TCRBJ01-04*01	TCRBJ01	TCRBJ01-04	1.0				3	1	0	7	10	8	36	50	51	56	66	2	In	VDJ							0.0
135	TCGGCCCAAAAGAACCCGACAGCTTTCTATCTCTGTGCCAGTAGTATCCGGGCCGGACAGGGGAGCACTGAAGCTTTCTTTGGACAA	CASSIRAGQGSTEAFF	2	0.06011422	48	TCRBV19-01	TCRBV19	TCRBV19-01				01,02	TCRBD01-01*01	TCRBD01	TCRBD01-01	1.0				TCRBJ01-01*01	TCRBJ01	TCRBJ01-01	1.0				3	7	1	2	2	4	33	47	54	63	65	2	In	VDJ							0.0
136	ACCAGTGCCCATCCTGAAGACAGCAGCTTCTACATCTGCAGTGCTAGAGATCTCCGGACAGCACAAGAGACCCAGTACTTCGGGCCA	CSARDLRTAQETQYF	2	0.06011422	45	TCRBV20	TCRBV20	unresolved			TCRBV20-01,TCRBV20-or09_02		TCRBD01-01*01	TCRBD01	TCRBD01-01	1.0				TCRBJ02-05*01	TCRBJ02	TCRBJ02-05	1.0				0	5	1	5	2	2	36	50	55	61	63	2	In	VDJ							0.0
137	CGGCCCAAAAGAACCCGACAGCTTTCTATCTCTGTGCCAGTAGTATAAGCCTTGCCTATCCCTACCGGGGAGCTGTTTTTTGGAGAA		2	0.06011422	49	TCRBV19-01	TCRBV19	TCRBV19-01				01,02	TCRBD02-01	TCRBD02	TCRBD02-01				01,02	TCRBJ02-02*01	TCRBJ02	TCRBJ02-02	1.0				2	8	4	9	5	5	32	47	55	58	63	2	Out	VDJ							0.0
138	AAGATCCAGCCTGCAAAGCTTGAGGACTCGGCCGTGTATCTCTGTGCCAGCAGCCCGGACAGGTACAATGAGCAGTTCTTCGGGCCA	CASSPDRYNEQFF	2	0.06011422	39	TCRBV11-02*02	TCRBV11	TCRBV11-02	2.0				TCRBD01-01*01	TCRBD01	TCRBD01-01	1.0				TCRBJ02-01*01	TCRBJ02	TCRBJ02-01	1.0				5	2	1	4	0	4	42	54	56	-1	63	2	In	VDJ							0.0
139	ACTGTGACATCGGCCCAAAAGAACCCGACAGCTTTCTATCTCTGTGCCAGTCGGGATACAGGGCACTATGGCTACACCTTCGGTTCG	CASRDTGHYGYTF	2	0.06011422	39	TCRBV19-01	TCRBV19	TCRBV19-01				01,02	TCRBD01-01*01	TCRBD01	TCRBD01-01	1.0				TCRBJ01-02*01	TCRBJ01	TCRBJ01-02	1.0				8	6	3	3	1	3	42	51	57	63	64	2	In	VDJ							0.0
140	CTGTGACATCGGCCCAAAAGAACCCGACAGCTTTCTATCTCTGTGCCAGTACCCCAGGGGCCAAATCAGCCCCAGCATTTTGGTGAT		2	0.06011422	40	TCRBV19-01	TCRBV19	TCRBV19-01				01,02	TCRBD01-01*01	TCRBD01	TCRBD01-01	1.0				TCRBJ01-05*01	TCRBJ01	TCRBJ01-05	1.0				7	3	4	2	3	4	41	51	54	60	63	2	Out	VDJ							0.0
141	ACATCGGCCCAAAAGAACCCGACAGCTTTCTATCTCTGTGCCAGTAGTATAACGACACCTAGCAATCAGCCCCAGCATTTTGGTGAT	CASSITTPSNQPQHF	2	0.06011422	45	TCRBV19-01	TCRBV19	TCRBV19-01				01,02	TCRBD01-01*01	TCRBD01	TCRBD01-01	1.0				TCRBJ01-05*01	TCRBJ01	TCRBJ01-05	1.0				2	2	2	6	2	0	36	51	53	57	59	2	In	VDJ							0.0
142	CTCACTGTGACATCGGCCCAAAAGAACCCGACAGCTTTCTATCTCTGTGCCAGTAGTACCAACACCGGGGAGCTGTTTTTTGGAGAA	CASSTNTGELFF	2	0.06011422	36	TCRBV19-01	TCRBV19	TCRBV19-01				01,02	unresolved		unresolved					TCRBJ02-02*01	TCRBJ02	TCRBJ02-02	1.0				4	0	0	0	2	2	45	-1	-1	58	60	2	In	VJ							0.0
143	ATCCAGCCTGCAGAGCTTGGGGACTCGGCCGTGTATCTCTGTGCCAGCAGCGAAATGGGACCCACAGATACGCAGTATTTTGGCCCA	CASSEMGPTDTQYF	2	0.06011422	42	TCRBV11-03*01	TCRBV11	TCRBV11-03	1.0				unresolved		unresolved		TCRBD01,TCRBD02	TCRBD01-01,TCRBD02-01		TCRBJ02-03*01	TCRBJ02	TCRBJ02-03	1.0				5	5	0	7	1	2	39	51	56	61	62	2	In	VDJ							0.0
144	ACGTTGGCGTCTGCTGTACCCTCTCAGACATCTGTGTACTTCTGTGCCAGCAGTGAAAGCGAACGCGGGGCCCTCCACTTTGGGAAC	CASSESERGALHF	2	0.06011422	39	TCRBV06-04	TCRBV06	TCRBV06-04				01,02	TCRBD02-01*01	TCRBD02	TCRBD02-01	1.0				TCRBJ01-06*01	TCRBJ01	TCRBJ01-06	1.0				3	8	7	3	0	14	42	56	64	-1	70	2	In	VDJ							0.0
145	ACCTTGGAGCTGGGGGACTCGGCCCTTTATCTTTGCGCCAGCATCCCGGAGGGCAGGGTAGGGCATCAGCCCCAGCATTTTGGTGAT	CASIPEGRVGHQPQHF	2	0.06011422	48	TCRBV05-01*01	TCRBV05	TCRBV05-01	1.0				TCRBD02-01*02	TCRBD02	TCRBD02-01	2.0				TCRBJ01-05*01	TCRBJ01	TCRBJ01-05	1.0				6	4	10	0	11	5	33	43	47	53	64	2	In	VDJ							0.0
146	ACTGTGACATCGGCCCAAAAGAACCCGACAGCTTTCTATCTCTGTGCCAGTAGTATAGCGGGAGCAGATACGCAGTATTTTGGCCCA	CASSIAGADTQYF	2	0.06011422	39	TCRBV19-01	TCRBV19	TCRBV19-01				01,02	TCRBD02-01*02	TCRBD02	TCRBD02-01	2.0				TCRBJ02-03*01	TCRBJ02	TCRBJ02-03	1.0				1	0	8	2	0	4	42	-1	58	-1	64	2	In	VDJ							0.0
147	ATCCAGCGCACAGAGCAGGGGGACTCGGCCATGTATCTCTGTGCCAGCAGCCCCCCCGGGGGAGCCGGCGAGCAGTACTTCGGGCCG	CASSPPGGAGEQYF	2	0.06011422	42	TCRBV07-09	TCRBV07	TCRBV07-09				01,03	TCRBD02-01*01	TCRBD02	TCRBD02-01	1.0				TCRBJ02-07*01	TCRBJ02	TCRBJ02-07	1.0				5	5	8	2	6	6	39	51	56	62	68	2	In	VDJ							0.0
148	AGTGCCCATCCTGAAGACAGCAGCTTCTACATCTGCAGTGCTTCCCGACTAGCGGGGGGGCCCCGAGAGACCCAGTACTTCGGGCCA	CSASRLAGGPRETQYF	2	0.06011422	48	TCRBV20	TCRBV20	unresolved			TCRBV20-01,TCRBV20-or09_02		TCRBD02-01*01	TCRBD02	TCRBD02-01	1.0				TCRBJ02-05*01	TCRBJ02	TCRBJ02-05	1.0				5	4	2	0	5	4	33	42	46	60	65	2	In	VDJ							0.0
149	GCCTTGTTGCTGGGGGACTCGGCCCTCTATCTCTGTGCCAGCAGCTCCTTCCGGGACAGGGAGGATCAGCCCCAGCATTTTGGTGAT	CASSSFRDREDQPQHF	2	0.06011422	48	TCRBV05-06*01	TCRBV05	TCRBV05-06	1.0				TCRBD01-01*01	TCRBD01	TCRBD01-01	1.0				TCRBJ01-05*01	TCRBJ01	TCRBJ01-05	1.0				3	6	0	3	3	5	33	46	52	61	64	2	In	VDJ							0.0
150	ATCCTGGAGTCGCCCAGCCCCAACCAGACCTCTCTGTACTTCTGTGCCAGCAGTTTAGTGGAGAACACTGAAGCTTTCTTTGGACAA	CASSLVENTEAFF	2	0.06011422	39	TCRBV27-01*01	TCRBV27	TCRBV27-01	1.0				unresolved		unresolved		TCRBD01,TCRBD02	TCRBD01-01,TCRBD02-01		TCRBJ01-01*01	TCRBJ01	TCRBJ01-01	1.0				2	2	1	8	0	1	42	57	59	-1	62	2	In	VDJ							0.0
151	TCGGCCCAAAAGAACCCGACAGCTTTCTATCTCTGTGCCAGTAGTATAGATCGGGAGACCCCAAATTCACCCCTCCACTTTGGGAAC	CASSIDRETPNSPLHF	2	0.06011422	48	TCRBV19-01	TCRBV19	TCRBV19-01				01,02	TCRBD02-01*02	TCRBD02	TCRBD02-01	2.0				TCRBJ01-06*01	TCRBJ01	TCRBJ01-06	1.0				0	1	8	2	6	7	33	50	51	57	63	2	In	VDJ							0.0
152	CTGCTGTCGGCTGCTCCCTCCCAGACATCTGTGTACTTCTGTGCCAGCACAGAGGAGGGTCCCCCCTACGAGCAGTACTTCGGGCCG	CASTEEGPPYEQYF	2	0.06011422	42	TCRBV06-05*01	TCRBV06	TCRBV06-05	1.0				TCRBD02-01*02	TCRBD02	TCRBD02-01	2.0				TCRBJ02-07*01	TCRBJ02	TCRBJ02-07	1.0				7	4	10	0	5	2	39	49	53	59	64	2	In	VDJ							0.0
153	ACTGTGACATCGGCCCAAAAGAACCCGACAGCTTTCTATCTCTGTGCCAGTAGTCCCGGGTTTTCCTACGAGCAGTACTTCGGGCCG	CASSPGFSYEQYF	2	0.06011422	39	TCRBV19-01	TCRBV19	TCRBV19-01				01,02	TCRBD02-01	TCRBD02	TCRBD02-01				01,02	TCRBJ02-07*01	TCRBJ02	TCRBJ02-07	1.0				5	2	8	4	3	1	42	54	56	60	63	2	In	VDJ							0.0
154	CATCGGCCCAAAAGAACCCGACAGCTTTCTATCTCTGTGCCAGTAGTACAGACAGGGAAAATGAACACTGAAGCTTTCTTTGGACAA		2	0.06011422	46	TCRBV19-01	TCRBV19	TCRBV19-01				01,02	TCRBD01-01*01	TCRBD01	TCRBD01-01	1.0				TCRBJ01-01*01	TCRBJ01	TCRBJ01-01	1.0				0	0	4	3	4	0	35	-1	52	57	61	2	Out	VDJ							0.0
155	CTACACACCCTGCAGCCAGAAGACTCGGCCCTGTATCTCTGCGCCAGCAGCCAAGCGGGGGACGACAGCATTCAGTACTTCGGCGCC	CASSQAGDDSIQYF	2	0.06011422	42	TCRBV04-03*01	TCRBV04	TCRBV04-03	1.0				TCRBD02-01*01	TCRBD02	TCRBD02-01	1.0				TCRBJ02-04*01	TCRBJ02	TCRBJ02-04	1.0				1	0	8	2	7	9	39	-1	55	61	68	2	In	VDJ							0.0
156	GAGTCTGCTGCCTCCTCCCAGACATCTGTATATTTCTGCGCCAGCAGTGATCCGGACAGGGTTGGAAACACCATATATTTTGGAGAG	CASSDPDRVGNTIYF	2	0.06011422	45	TCRBV10-01	TCRBV10	TCRBV10-01				01,02	TCRBD01-01*01	TCRBD01	TCRBD01-01	1.0				TCRBJ01-03*01	TCRBJ01	TCRBJ01-03	1.0				3	3	1	3	1	3	36	50	53	61	62	2	In	VDJ							0.0
157	ACGATCCAGCGCACAGAGCAGCGGGACTCGGCCATGTATCGCTGTGCCAGCAGCTTGTGGGCTCGGGATGAGCAGTTCTTCGGGCCA	CASSLWARDEQFF	2	0.06011422	39	TCRBV07-06*01	TCRBV07	TCRBV07-06	1.0				unresolved		unresolved		TCRBD01,TCRBD02	TCRBD01-01,TCRBD02-01		TCRBJ02-01*01	TCRBJ02	TCRBJ02-01	1.0				3	2	8	0	5	8	42	56	58	62	67	2	In	VDJ							0.0
158	ACTCTGACGATCCAGCGCACACAGCAGGAGGACTCGGCCGTGTATCTCTGTGCCAGCAGCCCTGGAAACACCATATATTTTGGAGAG	CASSPGNTIYF	2	0.06011422	33	TCRBV07-02*01	TCRBV07	TCRBV07-02	1.0				unresolved		unresolved					TCRBJ01-03*01	TCRBJ01	TCRBJ01-03	1.0				5	0	0	0	1	2	48	-1	-1	60	61	2	In	VJ							0.0
159	CTGCCAGGCCCTCACATACCTCTCAGTACCTCTGTGCCAGCATACTATTTGGGACAGGGGACGAACACTGAAGCTTTCTTTGGACAA		2	0.06011422	49	TCRBV25-01*01	TCRBV25	TCRBV25-01	1.0				TCRBD01-01*01	TCRBD01	TCRBD01-01	1.0				TCRBJ01-01*01	TCRBJ01	TCRBJ01-01	1.0				7	8	0	2	2	1	32	42	50	60	62	2	Out	VDJ							0.0
160	CAGCGCACACAGCAGGAGGACTCGGCCGTGTATCTCTGTGCCAGCAGCTTAGACTATAGCTCCTACAATGAGCAGTTCTTCGGGCCA	CASSLDYSSYNEQFF	2	0.06011422	45	TCRBV07-02*01	TCRBV07	TCRBV07-02	1.0				TCRBD02-01	TCRBD02	TCRBD02-01				01,02	TCRBJ02-01*01	TCRBJ02	TCRBJ02-01	1.0				1	0	3	9	3	0	36	-1	52	56	59	2	In	VDJ							0.0
161	GAGTCGGCTGCTCCCTCCCAGACATCTGTGTACTTCTGTGCCAGCAGTGTTGAGGGGGCGCCCCCCTATGGCTACACCTTCGGTTCG	CASSVEGAPPYGYTF	2	0.06011422	45	TCRBV06-01*01	TCRBV06	TCRBV06-01	1.0				TCRBD01-01*01	TCRBD01	TCRBD01-01	1.0				TCRBJ01-02*01	TCRBJ01	TCRBJ01-02	1.0				4	3	5	0	6	4	36	49	52	59	65	2	In	VDJ							0.0
162	TCGCCCAGCCCCAACCAGACCTCTCTGTACTTCTGTGCCAGCAGTTTATTGGCCAGCGGGGCCTACAATGAGCAGTTCTTCGGGCCA	CASSLLASGAYNEQFF	2	0.06011422	48	TCRBV27-01*01	TCRBV27	TCRBV27-01	1.0				TCRBD02-01*01	TCRBD02	TCRBD02-01	1.0				TCRBJ02-01*01	TCRBJ02	TCRBJ02-01	1.0				1	5	6	3	0	2	33	49	54	-1	61	2	In	VDJ							0.0
163	GATCCAGTCCACGGAGTCAGGGGACACAGCACTGTATTTCTGTGCCAGCAGCAAAGGACATGATACTACGAGCAGTACTTCGGGCCG		2	0.06011422	41	TCRBV21-01*01	TCRBV21	TCRBV21-01	1.0				TCRBD01-01*01	TCRBD01	TCRBD01-01	1.0				TCRBJ02-07*01	TCRBJ02	TCRBJ02-07	1.0				1	0	2	6	5	3	40	-1	56	60	65	2	Out	VDJ							0.0
164	CGCACAGAGCGGGGGGACTCAGCCGTGTATCTCTGTGCCAGCAGCCCGCAACTAGCGGGGAACACCGGGGAGCTGTTTTTTGGAGAA	CASSPQLAGNTGELFF	2	0.06011422	48	TCRBV07-03*01	TCRBV07	TCRBV07-03	1.0				TCRBD02-01	TCRBD02	TCRBD02-01				01,02	TCRBJ02-02*01	TCRBJ02	TCRBJ02-02	1.0				5	5	3	4	0	1	33	45	50	-1	59	2	In	VDJ							0.0
165	TTGGCGTCTGCTGTACCCTCTCAGACATCTGTGTACTTCTGTGCCAGCAGCCCGGAGAGGGGGACCGGGGAGCTGTTTTTTGGAGAA	CASSPERGTGELFF	2	0.06011422	42	TCRBV06-04	TCRBV06	TCRBV06-04				01,02	TCRBD01-01*01	TCRBD01	TCRBD01-01	1.0				TCRBJ02-02*01	TCRBJ02	TCRBJ02-02	1.0				6	7	5	1	0	5	39	50	57	-1	63	2	In	VDJ							0.0
166	TCCCTGGAGCTTGGTGACTCTGCTGTGTATTTCTGTGCCAGCAGCCAAGTGGGGGGGCGCTTCGGAAACACCATATATTTTGGAGAG	CASSQVGGRFGNTIYF	2	0.06011422	48	TCRBV03	TCRBV03	unresolved			TCRBV03-01,TCRBV03-02		TCRBD02-01*01	TCRBD02	TCRBD02-01	1.0				TCRBJ01-03*01	TCRBJ01	TCRBJ01-03	1.0				1	1	9	0	6	4	33	49	50	57	63	2	In	VDJ							0.0
167	CTCACTGTGACATCGGCCCAAAAGAACCCGACAGCTTTCTATCTCTGTGCCAGTAGTATACGGAACTATGGCTACACCTTCGGTTCG	CASSIRNYGYTF	2	0.06011422	36	TCRBV19-01	TCRBV19	TCRBV19-01				01,02	TCRBD02-01	TCRBD02	TCRBD02-01				01,02	TCRBJ01-02*01	TCRBJ01	TCRBJ01-02	1.0				2	0	8	5	0	2	45	-1	60	-1	63	2	In	VDJ							0.0
168	GCGCACACAGCAGGAGGACTCCGCCGTGTATCTCTGTGCCAGCAGCTTAGGCCACACCGAGGTGGCTATGGCTACACCTTCGGTTCG		2	0.06011422	47	TCRBV07-08*01	TCRBV07	TCRBV07-08	1.0				TCRBD02-01*02	TCRBD02	TCRBD02-01	2.0				TCRBJ01-02*01	TCRBJ01	TCRBJ01-02	1.0				1	8	11	1	3	4	34	50	58	62	65	2	Out	VDJ							0.0
169	CTGGAGTCGCCCAGCCCCAACCAGACCTCTCTGTACTTCTGTGCCAGCAGTTTGAGGGCGAACACCGGGGAGCTGTTTTTTGGAGAA	CASSLRANTGELFF	2	0.06011422	42	TCRBV27-01*01	TCRBV27	TCRBV27-01	1.0				TCRBD02-01*02	TCRBD02	TCRBD02-01	2.0				TCRBJ02-02*01	TCRBJ02	TCRBJ02-02	1.0				3	0	11	0	0	0	39	-1	53	-1	58	2	In	VDJ							0.0
170	TTGGAGATCCAGTCCACGGAGTCAGGGGACACAGCACTGTATTTCTGTGCCAGCAGCGGCACCTTTCATCCCCTCCACTTTGGGAAC	CASSGTFHPLHF	2	0.06011422	36	TCRBV21-01*01	TCRBV21	TCRBV21-01	1.0				TCRBD01-01*01	TCRBD01	TCRBD01-01	1.0				TCRBJ01-06*01	TCRBJ01	TCRBJ01-06	1.0				5	0	9	0	9	13	45	-1	57	60	69	2	In	VDJ							0.0
171	GAGCTGGACGACTCGGCCCTGTATCTCTGTGCCAGCAGCCGTTTCACGGGAACAGGTCTCTCTGGAAACACCATATATTTTGGAGAG	CASSRFTGTGLSGNTIYF	2	0.06011422	54	TCRBV05-04*01	TCRBV05	TCRBV05-04	1.0				unresolved		unresolved		TCRBD01,TCRBD02	TCRBD01-01,TCRBD02-01		TCRBJ01-03*01	TCRBJ01	TCRBJ01-03	1.0				4	12	3	4	3	0	27	39	51	56	59	2	In	VDJ							0.0
172	ATCCAGCGCACACAGCAGGAGGACTCGGCCGTGTATCTCTGTGCCAGCAGCTTAGCAGGGGATAATTCACCCCTCCACTTTGGGAAC	CASSLAGDNSPLHF	2	0.06011422	42	TCRBV07-02*01	TCRBV07	TCRBV07-02	1.0				TCRBD01-01*01	TCRBD01	TCRBD01-01	1.0				TCRBJ01-06*01	TCRBJ01	TCRBJ01-06	1.0				0	0	5	2	0	5	39	-1	56	-1	61	2	In	VDJ							0.0
173	TGCTGCCTCCTCCCAGACATCTGTATATTTCTGCGCCAGCAGCAGATGGACAGGGAACTTTATAATTCACCCCTCCACTTTGGGAAC		2	0.06011422	50	TCRBV10-01	TCRBV10	TCRBV10-01				01,02	TCRBD01-01*01	TCRBD01	TCRBD01-01	1.0				TCRBJ01-06*01	TCRBJ01	TCRBJ01-06	1.0				6	5	1	3	5	4	31	42	47	55	60	2	Out	VDJ							0.0
174	CTCACCAGGCCTGGGGGACGCAGCCATGTACCTGTGTGCCACCAGCAGAGAGTTCCGGACAGGCATTACGAGCAGTACTTCGGGCCG		2	0.06011422	47	TCRBV15-01*01	TCRBV15	TCRBV15-01	1.0				TCRBD01-01*01	TCRBD01	TCRBD01-01	1.0				TCRBJ02-07*01	TCRBJ02	TCRBJ02-07	1.0				0	5	1	4	3	4	34	51	56	63	66	2	Out	VDJ							0.0
175	GCGCACACAGCAGGAGGACTCGGCCGTGTATCTCTGTGCCAGCAGCTTAGGTGTGAGGGGGGCAATCAGCCCCAGCATTTTGGTGAT		2	0.06011422	47	TCRBV07-02*01	TCRBV07	TCRBV07-02	1.0				TCRBD01-01*01	TCRBD01	TCRBD01-01	1.0				TCRBJ01-05*01	TCRBJ01	TCRBJ01-05	1.0				1	5	5	1	0	2	34	50	55	-1	61	2	Out	VDJ							0.0
176	ACGATCCAGCGCACACAGCAGGAGGACTCGGCCGTGTATCTCTGTGCCAGCAGCTTCTCAGGGGAGACTGAAGCTTTCTTTGGACAA	CASSFSGETEAFF	2	0.06011422	39	TCRBV07-02*01	TCRBV07	TCRBV07-02	1.0				TCRBD01-01*01	TCRBD01	TCRBD01-01	1.0				TCRBJ01-01*01	TCRBJ01	TCRBJ01-01	1.0				3	2	4	2	2	5	42	56	58	64	66	2	In	VDJ							0.0
177	ATCCGGTCCACAAAGCTGGAGGACTCAGCCATGTACTTCTGTGCCAGCAGTTTACTAGCGTCCCAAGAGACCCAGTACTTCGGGCCA	CASSLLASQETQYF	2	0.06011422	42	TCRBV02-01*01	TCRBV02	TCRBV02-01	1.0				TCRBD02-01	TCRBD02	TCRBD02-01				01,02	TCRBJ02-05*01	TCRBJ02	TCRBJ02-05	1.0				5	2	3	6	2	1	39	51	53	60	62	2	In	VDJ							0.0
178	AATTCCCTGGAGCTTGGTGACTCTGCTGTGTATTTCTGTGCCAGCAGCCAAGGTGGCGGCAATAATTCACCCCTCCACTTTGGGAAC	CASSQGGGNNSPLHF	2	0.06011422	45	TCRBV03	TCRBV03	unresolved			TCRBV03-01,TCRBV03-02		TCRBD02-01	TCRBD02	TCRBD02-01				01,02	TCRBJ01-06*01	TCRBJ01	TCRBJ01-06	1.0				1	3	7	5	2	5	36	52	55	59	61	2	In	VDJ							0.0
179	CCTTGGAGATCCAGTCCACGGAGTCAGGGGACACAGCACTGTATTTCTGTGCCAGCGAGAGGAGTTTCACCCCTCCACTTTGGGAAC		2	0.06011422	34	TCRBV21-01*01	TCRBV21	TCRBV21-01	1.0				TCRBD02-01*02	TCRBD02	TCRBD02-01	2.0				TCRBJ01-06*01	TCRBJ01	TCRBJ01-06	1.0				8	4	10	2	1	9	47	56	60	64	65	2	Out	VDJ							0.0
180	TCTGCTGCCTCCTCCCAGACATCTGTATATTTCTGCGCCAGCAGTCGGCCTAGCGGGGGACACACCGGGGAGCTGTTTTTTGGAGAA	CASSRPSGGHTGELFF	2	0.06011422	48	TCRBV10-01	TCRBV10	TCRBV10-01				01,02	TCRBD02-01*01	TCRBD02	TCRBD02-01	1.0				TCRBJ02-02*01	TCRBJ02	TCRBJ02-02	1.0				5	4	4	2	2	3	33	45	49	59	61	2	In	VDJ							0.0
181	GAGTCGCCCAGCCCCAACCAGACCTCTCTGTACTTCTGTGCCAGCAGTTTAGACAGGGCGATTCCCGGGGAGCTGTTTTTTGGAGAA	CASSLDRAIPGELFF	2	0.06011422	45	TCRBV27-01*01	TCRBV27	TCRBV27-01	1.0				TCRBD01-01*01	TCRBD01	TCRBD01-01	1.0				TCRBJ02-02*01	TCRBJ02	TCRBJ02-02	1.0				2	0	2	3	6	6	36	-1	51	58	64	2	In	VDJ							0.0
182	CTGCTGCCTCCTCCCAGACATCTGTATATTTCTGCGCCAGCAGTGAGGGGAGAGCGGGGGAACGAAGAGACCCAGTACTTCGGGCCA		2	0.06011422	49	TCRBV10-01	TCRBV10	TCRBV10-01				01,02	TCRBD02-01*01	TCRBD02	TCRBD02-01	1.0				TCRBJ02-05*01	TCRBJ02	TCRBJ02-05	1.0				2	5	6	2	4	3	32	47	52	60	64	2	Out	VDJ							0.0
183	CAGCGCACAGAGCGGGGGGACTCAGCCGTGTATCTCTGTGCCAGCAGCCCGGGGACAGGGGTGGATTCACCCCTCCACTTTGGGAAC	CASSPGTGVDSPLHF	2	0.06011422	45	TCRBV07-03*01	TCRBV07	TCRBV07-03	1.0				TCRBD01-01*01	TCRBD01	TCRBD01-01	1.0				TCRBJ01-06*01	TCRBJ01	TCRBJ01-06	1.0				5	3	0	2	3	8	36	48	51	61	64	2	In	VDJ							0.0
184	CTGAGCTCTCTGGAGCTGGGGGACTCAGCTTTGTATTTCTGTGCCAGCAGCGTTACGACAGACCCCTATGGCTACACCTTCGGTTCG	CASSVTTDPYGYTF	2	0.06011422	42	TCRBV09-01	TCRBV09	TCRBV09-01				01,02	TCRBD01-01*01	TCRBD01	TCRBD01-01	1.0				TCRBJ01-02*01	TCRBJ01	TCRBJ01-02	1.0				2	3	2	5	4	4	39	53	56	61	65	2	In	VDJ							0.0
185	GGGACTCGGCCCTTTATCTTTGCGCCAGCAACTGATCTGTGTATTATCCTGGACAGGGTAAGCAATCAGCCCCAGCATTTTGGTGAT		2	0.06011422	61	TCRBV05-01*01	TCRBV05	TCRBV05-01	1.0				TCRBD01-01*01	TCRBD01	TCRBD01-01	1.0				TCRBJ01-05*01	TCRBJ01	TCRBJ01-05	1.0				6	20	1	3	2	1	20	30	50	58	60	2	Out	VDJ							0.0
186	GTGAACGCCTTGGAGCTGGACGACTCGGCCCTGTATCTCTGTGCCAGCAGCCAGGGGTGGAACACCGGGGAGCTGTTTTTTGGAGAA	CASSQGWNTGELFF	2	0.06011422	42	TCRBV05-04*01	TCRBV05	TCRBV05-04	1.0				TCRBD01-01*01	TCRBD01	TCRBD01-01	1.0				TCRBJ02-02*01	TCRBJ02	TCRBJ02-02	1.0				4	0	4	2	2	1	39	-1	51	57	59	2	In	VDJ							0.0
187	GAGTCGCCCAGCCCCAACCAGACCTCTCTGTACTTCTGTGCCAGCAGTTTCCGTGGACAGGGGTTGTCACCCCTCCACTTTGGGAAC	CASSFRGQGLSPLHF	2	0.06011422	45	TCRBV27-01*01	TCRBV27	TCRBV27-01	1.0				TCRBD01-01*01	TCRBD01	TCRBD01-01	1.0				TCRBJ01-06*01	TCRBJ01	TCRBJ01-06	1.0				3	4	1	2	3	10	36	50	54	63	66	2	In	VDJ							0.0
188	ATCAATTCCCTGGAGCTTGGTGACTCTGCTGTGTATTTCTGTGCCAGCAGCCGGGCAGGGACTAATGAAAAACTGTTTTTTGGCAGT	CASSRAGTNEKLFF	2	0.06011422	42	TCRBV03	TCRBV03	unresolved			TCRBV03-01,TCRBV03-02		TCRBD01-01*01	TCRBD01	TCRBD01-01	1.0				TCRBJ01-04*01	TCRBJ01	TCRBJ01-04	1.0				4	3	4	3	0	2	39	52	55	-1	60	2	In	VDJ							0.0
189	CACATCAATTCCCTGGAGCTTGGTGACTCTGCTGTGTATTTCTGTGCCAGCAGGCGTGAGATGAACACTGAAGCTTTCTTTGGACAA	CASRREMNTEAFF	2	0.06011422	39	TCRBV03	TCRBV03	unresolved			TCRBV03-01,TCRBV03-02		TCRBD02-01	TCRBD02	TCRBD02-01				01,02	TCRBJ01-01*01	TCRBJ01	TCRBJ01-01	1.0				6	0	7	6	5	0	42	-1	53	56	61	2	In	VDJ							0.0
190	AAGCTGGAGGACTCAGCCATGTACTTCTGTGCCAGCAGCCTGGGACAGGACCTCTCCTGGCTATTCAGTGGTGTGCTCTTCGGGCCA	CASSLGQDLSWLFSGVLF	2	0.06011422	54	TCRBV02-01*01	TCRBV02	TCRBV02-01	1.0				TCRBD01-01*01	TCRBD01	TCRBD01-01	1.0				TCRBJ02-01*01	TCRBJ02	TCRBJ02-01	1.0				6	3	0	4	27	17	27	38	41	49	76	2	In	VDJ							0.0
191	AATTCCCTGGAGCTTGGTGACTCTGCTGTGTATTTCTGTGCCAGCAGCCAACCAACATCAGCTGGAAACACCATATATTTTGGAGAG	CASSQPTSAGNTIYF	2	0.06011422	45	TCRBV03	TCRBV03	unresolved			TCRBV03-01,TCRBV03-02		TCRBD01-01*01	TCRBD01	TCRBD01-01	1.0				TCRBJ01-03*01	TCRBJ01	TCRBJ01-03	1.0				2	3	3	6	4	2	36	51	54	57	61	2	In	VDJ							0.0
192	GATCCTGGAGTCGCCCAGCCCCAACCAGACCTCTCTGTACTTCTGTGCCAGCAGTCGGGGCAGGGGGATGGCTACACCTTCGGTTCG		2	0.06011422	38	TCRBV27-01*01	TCRBV27	TCRBV27-01	1.0				TCRBD01-01*01	TCRBD01	TCRBD01-01	1.0				TCRBJ01-02*01	TCRBJ01	TCRBJ01-02	1.0				5	5	4	1	0	6	43	55	60	-1	67	2	Out	VDJ							0.0
193	ATCCAGCAGGTAGTGCGAGGAGATTCGGCAGCTTATTTCTGTGCCAGCTCACCAGCCCAGGCCCAAGGTGGCTACACCTTCGGTTCG	CASSPAQAQGGYTF	2	0.06011422	42	TCRBV18-01*01	TCRBV18	TCRBV18-01	1.0				TCRBD01-01*01	TCRBD01	TCRBD01-01	1.0				TCRBJ01-02*01	TCRBJ01	TCRBJ01-02	1.0				2	3	4	4	7	7	39	54	57	61	68	2	In	VDJ							0.0
194	CTGAGCTCTCTGGAGCTGGGGGACTCAGCTTTGTATTTCTGTGCCAGCAGCACAACAGGGTACAATCAGCCCCAGCATTTTGGTGAT	CASSTTGYNQPQHF	2	0.06011422	42	TCRBV09-01	TCRBV09	TCRBV09-01				01,02	TCRBD01-01*01	TCRBD01	TCRBD01-01	1.0				TCRBJ01-05*01	TCRBJ01	TCRBJ01-05	1.0				4	3	3	3	2	3	39	51	54	60	62	2	In	VDJ							0.0
195	ACAGTGACCAGTGCCCATCCTGAAGACAGCAGCTTCTACATCTGCAGTGCTACCGACACTTACACCGGGGAGCTGTTTTTTGGAGAA	CSATDTYTGELFF	2	0.06011422	39	TCRBV20	TCRBV20	unresolved			TCRBV20-01,TCRBV20-or09_02		TCRBD01-01*01	TCRBD01	TCRBD01-01	1.0				TCRBJ02-02*01	TCRBJ02	TCRBJ02-02	1.0				4	2	2	6	3	3	42	52	54	58	61	2	In	VDJ							0.0
196	CCCCAACCAGACCTCTCTGTACTTCTGTGCCAGCAGTCGCTCACAGCTAGACAGCTTTAACCTTTCTTACCCCTCCACTTTGGGAAC		2	0.06011422	56	TCRBV27-01*01	TCRBV27	TCRBV27-01	1.0				TCRBD01-01*01	TCRBD01	TCRBD01-01	1.0				TCRBJ01-06*01	TCRBJ01	TCRBJ01-06	1.0				5	12	2	5	14	12	25	37	49	54	68	2	Out	VDJ							0.0
197	AGCAGGTAGTGCGAGGAGATTCGGCAGCTTATTTCTGTGCCAGCTCAACATTGATGAAGTCGGGCCAACGTCCTGACTTTCGGGGCC		2	0.06011422	46	TCRBV18-01*01	TCRBV18	TCRBV18-01	1.0				TCRBD01-01*01	TCRBD01	TCRBD01-01	1.0				TCRBJ02-06*01	TCRBJ02	TCRBJ02-06	1.0				5	0	3	6	11	5	35	-1	47	50	61	2	Out	VDJ							0.0
198	CACATCAATTCCCTGGAGCTTGGTGACTCTGCTGTGTATTTCTGTGCCAGCAGCTACAGCTCTGGAAACACCATATATTTTGGAGAG	CASSYSSGNTIYF	2	0.06011422	39	TCRBV03	TCRBV03	unresolved			TCRBV03-01,TCRBV03-02		TCRBD01-01*01	TCRBD01	TCRBD01-01	1.0				TCRBJ01-03*01	TCRBJ01	TCRBJ01-03	1.0				5	1	3	5	0	0	42	54	55	-1	59	2	In	VDJ							0.0
199	GCGTCTGCTGTACCCTCTCAGACATCTGTGTACTTCTGTGCCAGCAGTGAAGAGGCAGGGGTCAATCAGCCCCAGCATTTTGGTGAT	CASSEEAGVNQPQHF	2	0.06011422	45	TCRBV06-04	TCRBV06	TCRBV06-04				01,02	TCRBD01-01*01	TCRBD01	TCRBD01-01	1.0				TCRBJ01-05*01	TCRBJ01	TCRBJ01-05	1.0				3	5	4	2	1	3	36	50	55	61	62	2	In	VDJ							0.0
200	CTGGAGTCGCCCAGCCCCAACCAGACCTCTCTGTACTTCTGTGCCAGCAGGAGGGAGTTGAACACCGGGGAGCTGTTTTTTGGAGAA	CASRRELNTGELFF	2	0.06011422	42	TCRBV27-01*01	TCRBV27	TCRBV27-01	1.0				TCRBD02-01*02	TCRBD02	TCRBD02-01	2.0				TCRBJ02-02*01	TCRBJ02	TCRBJ02-02	1.0				6	2	9	2	2	1	39	50	52	57	59	2	In	VDJ							0.0
201	AGGATCCAGCAGGTAGTGCGAGGAGATTCGGCAGCTTATTTCTGTGCCAGCTCCCCAGGGGGCGACTATGGCTACACCTTCGGTTCG	CASSPGGDYGYTF	2	0.06011422	39	TCRBV18-01*01	TCRBV18	TCRBV18-01	1.0				TCRBD01-01*01	TCRBD01	TCRBD01-01	1.0				TCRBJ01-02*01	TCRBJ01	TCRBJ01-02	1.0				2	0	6	0	1	3	42	-1	57	63	64	2	In	VDJ							0.0
202	CGCACAGAGCAGGGGGACTCGGCCATGTATCTCTGTGCCAGCAGCTTAGGATCTGGACAGGATAATTCACCCCTCCACTTTGGGAAC	CASSLGSGQDNSPLHF	2	0.06011422	48	TCRBV07-09	TCRBV07	TCRBV07-09				01,03	TCRBD01-01*01	TCRBD01	TCRBD01-01	1.0				TCRBJ01-06*01	TCRBJ01	TCRBJ01-06	1.0				1	5	1	4	0	5	33	49	54	-1	61	2	In	VDJ							0.0
203	ACGATCCAGCGCACACAGCAGGAGGACTCGGCCGTGTATCTCTGTGCCAGCAGTTTAGGGCCGGGTACCGTGCAGTACTTCGGGCCG	CASSLGPGTVQYF	2	0.06011422	39	TCRBV07-02*01	TCRBV07	TCRBV07-02	1.0				TCRBD02-01	TCRBD02	TCRBD02-01				01,02	TCRBJ02-07*01	TCRBJ02	TCRBJ02-07	1.0				1	3	8	4	6	9	42	58	61	65	71	2	In	VDJ							0.0
204	CTGAATGTGAACGCCTTGGAGCTGGAGGACTCGGCCCTGTATCTCTGTGCCAGCAGCCGACGAATGGTTGACTACACCTTCGGTTCG	CASSRRMVDYTF	2	0.06011422	36	TCRBV05-08*01	TCRBV05	TCRBV05-08	1.0				unresolved		unresolved		TCRBD01,TCRBD02	TCRBD01-01,TCRBD02-01		TCRBJ01-02*01	TCRBJ01	TCRBJ01-02	1.0				4	1	2	7	10	10	45	57	58	61	71	2	In	VDJ							0.0
205	AATTCCCTGGAGCTTGGTGACTCTGCTGTGTATTTCTGTGCCAGCAGCCCGGCTGGGACGGTCTCTGATGGCTACACCTTCGGTTCG	CASSPAGTVSDGYTF	2	0.06011422	45	TCRBV03	TCRBV03	unresolved			TCRBV03-01,TCRBV03-02		unresolved		unresolved		TCRBD01,TCRBD02	TCRBD01-01,TCRBD02-01		TCRBJ01-02*01	TCRBJ01	TCRBJ01-02	1.0				4	5	0	7	8	6	36	49	54	59	67	2	In	VDJ							0.0
206	ATTCCCTGGAGCTTGGTGACTCTGCTGTGTATTTCTGTGCCAGCAGCAGTTTATTTTTGAAAGACCTATGGCTACACCTTCGGTTCG		2	0.06011422	46	TCRBV03	TCRBV03	unresolved			TCRBV03-01,TCRBV03-02		unresolved		unresolved		TCRBD01,TCRBD02	TCRBD01-01,TCRBD02-01		TCRBJ01-02*01	TCRBJ01	TCRBJ01-02	1.0				5	15	2	7	0	4	35	47	62	-1	65	2	Out	VDJ							0.0
207	ATCCAGCCTGCAGAGCTTGGGGACTCGGCCGTGTATCTCTGTGCCAGCAGCTTACGGCCGGACGGGCATGAAGCTTTCTTTGGACAA	CASSLRPDGHEAFF	2	0.06011422	42	TCRBV11-03*01	TCRBV11	TCRBV11-03	1.0				unresolved		unresolved		TCRBD01,TCRBD02	TCRBD01-01,TCRBD02-01		TCRBJ01-01*01	TCRBJ01	TCRBJ01-01	1.0				2	5	1	7	5	7	39	54	59	63	68	2	In	VDJ							0.0
208	CGGTCCACAAAGCTGGAGGACTCAGCCATGTACTTCTGTGCCAGCAGCCAGACAGGGGGCGACACCGGGGAGCTGTTTTTTGGAGAA	CASSQTGGDTGELFF	2	0.06011422	45	TCRBV02-01*01	TCRBV02	TCRBV02-01	1.0				TCRBD01-01*01	TCRBD01	TCRBD01-01	1.0				TCRBJ02-02*01	TCRBJ02	TCRBJ02-02	1.0				6	3	2	0	1	3	36	47	50	60	61	2	In	VDJ							0.0
209	CAGCGCACAGAGCAGGGGGACTCGGCCATGTATCTCTGTGCCAGCAGCTTCAGCGGGGGCACCTCCTACGAGCAGTACTTCGGGCCG	CASSFSGGTSYEQYF	2	0.06011422	45	TCRBV07-09	TCRBV07	TCRBV07-09				01,03	TCRBD02-01*01	TCRBD02	TCRBD02-01	1.0				TCRBJ02-07*01	TCRBJ02	TCRBJ02-07	1.0				3	1	6	2	3	0	36	50	51	59	62	2	In	VDJ							0.0
210	GAGATCCAGCGCACAGAGCAGGGGGACTCGGCCATGTATCTCTGTGCCAGCAGCCCCCGAGTGAACACTGAAGCTTTCTTTGGACAA	CASSPRVNTEAFF	2	0.06011422	39	TCRBV07-09	TCRBV07	TCRBV07-09				01,03	TCRBD02-01*02	TCRBD02	TCRBD02-01	2.0				TCRBJ01-01*01	TCRBJ01	TCRBJ01-01	1.0				5	4	11	2	0	0	42	54	58	-1	61	2	In	VDJ							0.0
211	ACTCTGACAGTGACCAGTGCCCATCCTGAAGACAGCAGCTTCTACATCTGCAGTGCCGTCCGGGGTGGGGAGCTGTTTTTTGGAGAA	CSAVRGGELFF	2	0.06011422	33	TCRBV20-01*01	TCRBV20	TCRBV20-01	1.0				TCRBD02-01*01	TCRBD02	TCRBD02-01	1.0				TCRBJ02-02*01	TCRBJ02	TCRBJ02-02	1.0				6	4	8	3	1	8	48	56	60	65	66	2	In	VDJ							0.0
212	CCAGCGCACAGAGCGGGGGGACTCAGCCGTGTATCTCTGTGCCAGCAGTTAGACCCGGACAGCTCCTACGAGCAGTACTTCGGGCCG		2	0.06011422	44	TCRBV07-03*01	TCRBV07	TCRBV07-03	1.0				TCRBD01-01*01	TCRBD01	TCRBD01-01	1.0				TCRBJ02-07*01	TCRBJ02	TCRBJ02-07	1.0				6	8	1	5	0	0	37	48	56	-1	62	2	Out	VDJ							0.0
213	ATCCAGCGCACAGAGCAGGGGGACTCGGCCATGTATCTCTGTGCCAGCAGCCCCAGCGGGTTGGCCTACGAGCAGTACTTCGGGCCG	CASSPSGLAYEQYF	2	0.06011422	42	TCRBV07-09	TCRBV07	TCRBV07-09				01,03	TCRBD02-01	TCRBD02	TCRBD02-01				01,02	TCRBJ02-07*01	TCRBJ02	TCRBJ02-07	1.0				5	3	6	4	4	2	39	51	54	60	64	2	In	VDJ							0.0
214	GAGATCCAGCGCACAGAGCAGGGGGACTCGGCCATGTATCTCTGTGCCAGCAGCTGGGAACAGGGGGTTGGCTACACCTTCGGTTCG	CASSWEQGVGYTF	2	0.06011422	39	TCRBV07-09	TCRBV07	TCRBV07-09				01,03	TCRBD01-01*01	TCRBD01	TCRBD01-01	1.0				TCRBJ01-02*01	TCRBJ01	TCRBJ01-02	1.0				4	4	3	1	1	7	42	55	59	67	68	2	In	VDJ							0.0
215	TCGCCCAGCCCCAACCAGACCTCTCTGTACTTCTGTGCCAGCAGCCCGAGATCGACAGGGCGGGATTCACCCCTCCACTTTGGGAAC	CASSPRSTGRDSPLHF	2	0.06011422	48	TCRBV27-01*01	TCRBV27	TCRBV27-01	1.0				TCRBD01-01*01	TCRBD01	TCRBD01-01	1.0				TCRBJ01-06*01	TCRBJ01	TCRBJ01-06	1.0				6	9	2	3	4	8	33	44	53	60	64	2	In	VDJ							0.0
216	CTGGAGCTGGGGGACTCAGCTTTGTATTTCTGTGCCAGCAGCGAGGGACAGGGAGAGACCGCCCCCTACGAGCAGTACTTCGGGCCG	CASSEGQGETAPYEQYF	2	0.06011422	51	TCRBV09-01	TCRBV09	TCRBV09-01				01,02	TCRBD01-01*01	TCRBD01	TCRBD01-01	1.0				TCRBJ02-07*01	TCRBJ02	TCRBJ02-07	1.0				3	1	0	3	11	2	30	43	44	53	64	2	In	VDJ							0.0
217	GCCCAGCCCCAACCAGACCTCTCTGTACTTCTGTGCCAGCATCCACCCTGCCGGTGGGCCCCTCTTTACGAGCAGTACTTCGGGCCG		2	0.06011422	50	TCRBV27-01*01	TCRBV27	TCRBV27-01	1.0				TCRBD01-01*01	TCRBD01	TCRBD01-01	1.0				TCRBJ02-07*01	TCRBJ02	TCRBJ02-07	1.0				7	14	8	0	7	4	31	41	55	59	66	2	Out	VDJ							0.0
218	ACAGTGACCAGTGCCCATCCTGAAGACAGCAGCTTCTACATCTGCAGTGCTAGTCCCCGGGCGAACACTGAAGCTTTCTTTGGACAA	CSASPRANTEAFF	2	0.06011422	39	TCRBV20	TCRBV20	unresolved			TCRBV20-01,TCRBV20-or09_02		unresolved		unresolved		TCRBD01,TCRBD02	TCRBD01-01,TCRBD02-01		TCRBJ01-01*01	TCRBJ01	TCRBJ01-01	1.0				3	5	8	0	0	1	42	53	58	-1	62	2	In	VDJ							0.0
219	CCCAGCCCCAACCAGACCTCTCTGTACTTCTGTGCCAGCAGTTTAAAGGGGCAGGGCTCGAGTCCCTATGGCTACACCTTCGGTTCG	CASSLKGQGSSPYGYTF	2	0.06011422	51	TCRBV27-01*01	TCRBV27	TCRBV27-01	1.0				TCRBD01-01*01	TCRBD01	TCRBD01-01	1.0				TCRBJ01-02*01	TCRBJ01	TCRBJ01-02	1.0				2	6	4	3	9	4	30	45	51	56	65	2	In	VDJ							0.0
220	CCTTGGAGCTGGACGACTCGGCCCTGTATCTCTGTGCCAGCAGCTTGACCGGGGACAGGGAGGCATCAGCCCCAGCATTTTGGTGAT		2	0.06011422	49	TCRBV05-04*01	TCRBV05	TCRBV05-04	1.0				TCRBD01-01*01	TCRBD01	TCRBD01-01	1.0				TCRBJ01-05*01	TCRBJ01	TCRBJ01-05	1.0				1	4	0	3	4	5	32	47	51	60	64	2	Out	VDJ							0.0
221	CGGTCCACAAAGCTGGAGGACTCAGCCATGTACTTCTGTGCCAGCAGTACTCCCAGTCGTGCTATCACTGAAGCTTTCTTTGGACAA	CASSTPSRAITEAFF	2	0.06011422	45	TCRBV02-01*01	TCRBV02	TCRBV02-01	1.0				unresolved		unresolved		TCRBD01,TCRBD02	TCRBD01-01,TCRBD02-01		TCRBJ01-01*01	TCRBJ01	TCRBJ01-01	1.0				5	5	4	5	9	4	36	48	53	56	65	2	In	VDJ							0.0
222	CGCACACAGCAGGAGGACTCGGCCGTGTATCTCTGTGCCAGCAGCTTAGGGGGGAGCTCCTATAATTCACCCCTCCACTTTGGGAAC	CASSLGGSSYNSPLHF	2	0.06011422	48	TCRBV07-02*01	TCRBV07	TCRBV07-02	1.0				unresolved		unresolved		TCRBD01,TCRBD02	TCRBD01-01,TCRBD02-01		TCRBJ01-06*01	TCRBJ01	TCRBJ01-06	1.0				1	0	6	1	2	0	33	-1	49	54	56	2	In	VDJ							0.0
223	CAGCAGGAGGACTCGGCCGTGTATCTCTGTGCCAGCAGCCGAGCGACGAGACGACAAAGTCGGGCCAACGTCCTGACTTTCGGGGCC	CASSRATRRQSRANVLTF	2	0.06011422	54	TCRBV07-02*01	TCRBV07	TCRBV07-02	1.0				unresolved		unresolved		TCRBD01,TCRBD02	TCRBD01-01,TCRBD02-01		TCRBJ02-06*01	TCRBJ02	TCRBJ02-06	1.0				5	13	2	6	5	5	27	39	52	56	61	2	In	VDJ							0.0
224	CAGCGCACACAGCAGGAGGACTCGGCCGTGTATCTCTGTGCCACCGTCAAAAACCCTGCAGGGGACTATGGCTACACCTTCGGTTCG	CATVKNPAGDYGYTF	2	0.06011422	45	TCRBV07-02*01	TCRBV07	TCRBV07-02	1.0				TCRBD01-01*01	TCRBD01	TCRBD01-01	1.0				TCRBJ01-02*01	TCRBJ01	TCRBJ01-02	1.0				10	15	4	2	0	3	36	43	58	-1	64	2	In	VDJ							0.0
225	CTGGAGTCGCCCAGCCCCAACCAGACCTCTCTGTACTTCTGTGCCAGCAGTTTAAGGCGGGGGTGGCATGGCTACACCTTCGGTTCG	CASSLRRGWHGYTF	2	0.06011422	42	TCRBV27-01*01	TCRBV27	TCRBV27-01	1.0				TCRBD02-01*01	TCRBD02	TCRBD02-01	1.0				TCRBJ01-02*01	TCRBJ01	TCRBJ01-02	1.0				2	2	7	2	4	6	39	54	56	63	67	2	In	VDJ							0.0
226	CCAGCGCACAGAGCAGGGGGACTCGGCCATGTATCTCTGTGCCAGCAGCTTAGGGACAGATAAAATTCACCCCTCCACTTTGGGAAC		2	0.06011422	44	TCRBV07-09	TCRBV07	TCRBV07-09				01,03	TCRBD01-01*01	TCRBD01	TCRBD01-01	1.0				TCRBJ01-06*01	TCRBJ01	TCRBJ01-06	1.0				1	0	1	5	4	7	37	-1	53	59	63	2	Out	VDJ							0.0
227	CACATCAATTCCCTGGAGCTTGGTGACTCTGCTGTGTATTTCTGTGCCAGCAGCCAAGATCCTCATTCACCCCTCCACTTTGGGAAC	CASSQDPHSPLHF	2	0.06011422	39	TCRBV03	TCRBV03	unresolved			TCRBV03-01,TCRBV03-02		TCRBD02-01	TCRBD02	TCRBD02-01				01,02	TCRBJ01-06*01	TCRBJ01	TCRBJ01-06	1.0				0	2	4	10	1	8	42	59	61	63	64	2	In	VDJ							0.0
228	CTGACAGTGACCAGTGCCCATCCTGAAGACAGCAGCTTCTACATCTGCAGTGCCCGACGGGGGAACGCTGAAGCTTTCTTTGGACAA	CSARRGNAEAFF	2	0.06011422	36	TCRBV20	TCRBV20	unresolved			TCRBV20-01,TCRBV20-or09_02		TCRBD02-01*01	TCRBD02	TCRBD02-01	1.0				TCRBJ01-01*01	TCRBJ01	TCRBJ01-01	1.0				6	4	8	2	4	6	45	53	57	63	67	2	In	VDJ							0.0
229	CGCACAGAGCGGGGGGACTCAGCCGTGTATCTCTGTGCCAGCAGCTTAAACCCCAATAGGGAAGCCTATGGCTACACCTTCGGTTCG	CASSLNPNREAYGYTF	2	0.06011422	48	TCRBV07-03*01	TCRBV07	TCRBV07-03	1.0				unresolved		unresolved		TCRBD01,TCRBD02	TCRBD01-01,TCRBD02-01		TCRBJ01-02*01	TCRBJ01	TCRBJ01-02	1.0				1	9	0	8	3	4	33	49	58	62	65	2	In	VDJ							0.0
230	CTGACAGTGACCAGTGCCCATCCTGAAGACAGCAGCTTCTACATCTGCAGTGTCGGACAGGCTAATTCACCCCTCCACTTTGGGAAC	CSVGQANSPLHF	2	0.06011422	36	TCRBV20	TCRBV20	unresolved			TCRBV20-01,TCRBV20-or09_02		TCRBD01-01*01	TCRBD01	TCRBD01-01	1.0				TCRBJ01-06*01	TCRBJ01	TCRBJ01-06	1.0				7	2	1	4	1	6	45	52	54	61	62	2	In	VDJ							0.0
231	CTCAGGCTGGAGTTGGCTGCTCCCTCCCAGACATCTGTGTACTTCTGTGCGGCAGGCGACTCTGGAAACACCATATATTTTGGAGAG	CAAGDSGNTIYF	2	0.06011422	36	TCRBV06-06	TCRBV06	TCRBV06-06				01,02	TCRBD01-01*01	TCRBD01	TCRBD01-01	1.0				TCRBJ01-03*01	TCRBJ01	TCRBJ01-03	1.0				12	2	4	4	3	0	45	50	52	56	59	2	In	VDJ							0.0
232	CACATCAATTCCCTGGAGCTTGGTGACTCTGCTGTGTATTTCTGTGCCAGCAGCCAAGAATACGGCTACGAGCAGTACTTCGGGCCG	CASSQEYGYEQYF	2	0.06011422	39	TCRBV03	TCRBV03	unresolved			TCRBV03-01,TCRBV03-02		TCRBD02-01	TCRBD02	TCRBD02-01				01,02	TCRBJ02-07*01	TCRBJ02	TCRBJ02-07	1.0				0	3	8	5	0	3	42	59	62	-1	65	2	In	VDJ							0.0
233	AATGTGAACGCCTTGGAGCTGGACGACTCGGCCCTGTATCTCTGTGCCAGCAGTCAGGGAGGGGATCAGCCCCAGCATTTTGGTGAT	CASSQGGDQPQHF	2	0.06011422	39	TCRBV05-04*01	TCRBV05	TCRBV05-04	1.0				TCRBD02-01*02	TCRBD02	TCRBD02-01	2.0				TCRBJ01-05*01	TCRBJ01	TCRBJ01-05	1.0				5	3	9	0	1	5	42	53	56	63	64	2	In	VDJ							0.0
234	CAGCGCACAGAGCGGGGGGACTCAGCCGTGTATCTCTGTGCCAGCAGCTTTACCGGGACACCTCAATCACCCCTCCACTTTGGGAAC	CASSFTGTPQSPLHF	2	0.06011422	45	TCRBV07-03*01	TCRBV07	TCRBV07-03	1.0				TCRBD01-01*01	TCRBD01	TCRBD01-01	1.0				TCRBJ01-06*01	TCRBJ01	TCRBJ01-06	1.0				3	4	0	6	6	10	36	50	54	60	66	2	In	VDJ							0.0
235	GTGAACGCCTTGGAGCTGGACGACTCGGCCCTGTGTGGACCTAGTGGGGGGCCCCAGGGACGGTCCTACGAGCAGTACTTCGGGCCG	PSGGPQGRSYEQYF	2	0.06011422	42	TCRBV05-04*01	TCRBV05	TCRBV05-04	1.0				unresolved		unresolved		TCRBD01,TCRBD02	TCRBD01-01,TCRBD02-01		TCRBJ02-07*01	TCRBJ02	TCRBJ02-07	1.0				21	12	6	0	11	1	39	34	46	52	63	2	In	VDJ							0.0
236	AAGATCCAGCGCACAGAGCGGGGGGACTCAGCCGTGTATCTCTGTGCCAGCAGCGTTACTTCGGGGGGTGGCTACACCTTCGGTTCG	CASSVTSGGGYTF	2	0.06011422	39	TCRBV07-03*01	TCRBV07	TCRBV07-03	1.0				TCRBD02-01*01	TCRBD02	TCRBD02-01	1.0				TCRBJ01-02*01	TCRBJ01	TCRBJ01-02	1.0				5	7	8	1	0	7	42	54	61	-1	68	2	In	VDJ							0.0
237	AGTTCTAAGAAGCTCCTTCTCAGTGACTCTGGCTTCTATCTCTGTGCCTGGACACAGGGAGTCGGAAACACCATATATTTTGGAGAG	CAWTQGVGNTIYF	2	0.06011422	39	TCRBV30-01*01	TCRBV30	TCRBV30-01	1.0				TCRBD01-01*01	TCRBD01	TCRBD01-01	1.0				TCRBJ01-03*01	TCRBJ01	TCRBJ01-03	1.0				4	1	3	3	4	4	42	52	53	59	63	2	In	VDJ							0.0
238	ATCCAGCGCACACAGCAGGAGGACTCGGCCGTGTATCTCTGTGCCAGCAGCTTAAGAGATGCTGGGTACGAGCAGTACTTCGGGCCG	CASSLRDAGYEQYF	2	0.06011422	42	TCRBV07-02*01	TCRBV07	TCRBV07-02	1.0				unresolved		unresolved		TCRBD01,TCRBD02	TCRBD01-01,TCRBD02-01		TCRBJ02-07*01	TCRBJ02	TCRBJ02-07	1.0				2	9	0	9	0	4	39	54	63	-1	66	2	In	VDJ							0.0
239	CTGTCGGCTGCTCCCTCCCAGACATCTGTGTACTTCTGTGCCAGCAGGGCGGGGGGGGCTGCCAAAAACATTCAGTACTTCGGCGCC	CASRAGGAAKNIQYF	2	0.06011422	45	TCRBV06-05*01	TCRBV06	TCRBV06-05	1.0				TCRBD02-01*01	TCRBD02	TCRBD02-01	1.0				TCRBJ02-04*01	TCRBJ02	TCRBJ02-04	1.0				6	1	7	0	3	1	36	47	48	57	60	2	In	VDJ							0.0
240	GAGATCCAGCGCACAGAGCAGGGGGACTCGGCCATGTATCTCTGTGCCAGTACGGGCAGACGGTATTACGAGCAGTACTTCGGGCCG	CASTGRRYYEQYF	2	0.06011422	39	TCRBV07-09	TCRBV07	TCRBV07-09				01,03	unresolved		unresolved		TCRBD01,TCRBD02	TCRBD01-01,TCRBD02-01		TCRBJ02-07*01	TCRBJ02	TCRBJ02-07	1.0				9	3	8	0	9	4	42	50	53	57	66	2	In	VDJ							0.0
241	GCACCTTGGAGCTGGGGGACTCGGCCCTTTATCTTTGCGCCAGCAGCTCGACAGGGCCTGAAGGACGAGCCCCAGCATTTTGGTGAT		2	0.06011422	46	TCRBV05-01*01	TCRBV05	TCRBV05-01	1.0				TCRBD01-01*01	TCRBD01	TCRBD01-01	1.0				TCRBJ01-05*01	TCRBJ01	TCRBJ01-05	1.0				3	1	2	3	11	8	35	48	49	56	67	2	Out	VDJ							0.0
242	CTACACACCCTGCAGCCAGAAGACTCGGCCCTGTATCTCTGTGCCAGCACCGAAACTCGGGATAATTCACCCCTCCACTTTGGGAAC	CASTETRDNSPLHF	2	0.06011422	42	TCRBV04-02*01	TCRBV04	TCRBV04-02	1.0				TCRBD02-01	TCRBD02	TCRBD02-01				01,02	TCRBJ01-06*01	TCRBJ01	TCRBJ01-06	1.0				7	8	8	4	0	5	39	49	57	-1	61	2	In	VDJ							0.0
243	ACAGTGACCAGTGCCCATCCTGAAGACAGCAGCTTCTACATCTGCAGTGCTGAAACAGGGACAATCTATGGCTACACCTTCGGTTCG	CSAETGTIYGYTF	2	0.06011422	39	TCRBV20	TCRBV20	unresolved			TCRBV20-01,TCRBV20-or09_02		TCRBD01-01*01	TCRBD01	TCRBD01-01	1.0				TCRBJ01-02*01	TCRBJ01	TCRBJ01-02	1.0				5	6	0	6	2	4	42	51	57	63	65	2	In	VDJ							0.0
244	CTGAAGATCCAGCGCACAGAGCGGGGGGACTCAGCCGTGTATCTCTGTGCCAGCAGCAGACAGGGGTATGGCTACACCTTCGGTTCG	CASSRQGYGYTF	2	0.06011422	36	TCRBV07-03*01	TCRBV07	TCRBV07-03	1.0				TCRBD01-01*01	TCRBD01	TCRBD01-01	1.0				TCRBJ01-02*01	TCRBJ01	TCRBJ01-02	1.0				5	1	2	2	0	5	45	57	58	-1	66	2	In	VDJ							0.0
245	GCTCAGGCTGGAGTTGGCTGCTCCCTCCCAGACATCTGTGTACTTCTGTGCCAGCAGTGATACAGGGGTGTGGCTTTCTTTGGACAA		2	0.06011422	35	TCRBV06-06	TCRBV06	TCRBV06-06				01,02	TCRBD01-01*01	TCRBD01	TCRBD01-01	1.0				TCRBJ01-01*01	TCRBJ01	TCRBJ01-01	1.0				5	3	3	2	4	11	46	58	61	68	72	2	Out	VDJ							0.0
246	GTGACCAGTGCCCATCCTGAAGACAGCAGCTTCTACATCTGCAGTGCTAGAGAGGTCGCAGAGGAGTCACCCCTCCACTTTGGGAAC	CSAREVAEESPLHF	2	0.06011422	42	TCRBV20	TCRBV20	unresolved			TCRBV20-01,TCRBV20-or09_02		TCRBD02-01*02	TCRBD02	TCRBD02-01	2.0				TCRBJ01-06*01	TCRBJ01	TCRBJ01-06	1.0				0	9	10	2	0	10	39	53	62	-1	66	2	In	VDJ							0.0
247	AAGATCCGGTCCACAAAGCTGGAGGACTCAGCCATGTACTTCTGTGCCAGCAGTGGGTCCAGAAATTCACCCCTCCACTTTGGGAAC	CASSGSRNSPLHF	2	0.06011422	39	TCRBV02-01*01	TCRBV02	TCRBV02-01	1.0				TCRBD01-01*01	TCRBD01	TCRBD01-01	1.0				TCRBJ01-06*01	TCRBJ01	TCRBJ01-06	1.0				4	4	4	5	1	7	42	55	59	62	63	2	In	VDJ							0.0
248	ACTCTGAAGATCCGGTCCACAAAGCTGGAGGACTCAGCCATGTACTTCTGTGCCAGCTTCGGGGGGAATGGCTACACCTTCGGTTCG	CASFGGNGYTF	2	0.06011422	33	TCRBV02-01*01	TCRBV02	TCRBV02-01	1.0				TCRBD02-01*01	TCRBD02	TCRBD02-01	1.0				TCRBJ01-02*01	TCRBJ01	TCRBJ01-02	1.0				8	2	8	1	1	6	48	57	59	66	67	2	In	VDJ							0.0
249	AAGATCCAGCGCACAGAGCGGGGGGACTCAGCCGTGTATCTCTGTGCCAGCAGCTTAAGCCAGAACTATGGCTACACCTTCGGTTCG	CASSLSQNYGYTF	2	0.06011422	39	TCRBV07-03*01	TCRBV07	TCRBV07-03	1.0				TCRBD01-01*01	TCRBD01	TCRBD01-01	1.0				TCRBJ01-02*01	TCRBJ01	TCRBJ01-02	1.0				1	2	4	5	0	2	42	58	60	-1	63	2	In	VDJ							0.0
250	CACACCCTGCAGCCAGAAGACTCGGCCCTGTATCTCTGTGCCAGCTACCTTTCCGGGACAGGGGACTATGGCTACACCTTCGGTTCG	CASYLSGTGDYGYTF	2	0.06011422	45	TCRBV04-02*01	TCRBV04	TCRBV04-02	1.0				TCRBD01-01*01	TCRBD01	TCRBD01-01	1.0				TCRBJ01-02*01	TCRBJ01	TCRBJ01-02	1.0				8	9	0	2	0	3	36	45	54	-1	64	2	In	VDJ							0.0
251	ACCAGTGCCCATCCTGAAGACAGCAGCTTCTACATCTGCAGTGCTAGTGTTGGACAGGGATAGAATCAGCCCCAGCATTTTGGTGAT	CSASVGQG*NQPQHF	2	0.06011422	45	TCRBV20	TCRBV20	unresolved			TCRBV20-01,TCRBV20-or09_02		TCRBD01-01*01	TCRBD01	TCRBD01-01	1.0				TCRBJ01-05*01	TCRBJ01	TCRBJ01-05	1.0				3	4	1	3	4	4	36	47	51	59	63	2	Stop	VDJ							0.0
252	TTGGAGTCGGCTGCTCCCTCCCAAACATCTGTGTACTTCTGTGCCAGCCATGGGACTAGCGGCACCGGGGAGCTGTTTTTTGGAGAA	CASHGTSGTGELFF	2	0.06011422	42	TCRBV06	TCRBV06	unresolved			TCRBV06-02,TCRBV06-03		TCRBD02-01	TCRBD02	TCRBD02-01				01,02	TCRBJ02-02*01	TCRBJ02	TCRBJ02-02	1.0				8	3	0	5	0	4	39	48	51	-1	62	2	In	VDJ							0.0
253	GAGATCCAGCGCACAGAGCAGGGGGACTCGGCCATGTATCTCTGTGCCAGCAGCTTACAGGGAGGCTACGAGCAGTACTTCGGGCCG	CASSLQGGYEQYF	2	0.06011422	39	TCRBV07-09	TCRBV07	TCRBV07-09				01,03	TCRBD02-01*02	TCRBD02	TCRBD02-01	2.0				TCRBJ02-07*01	TCRBJ02	TCRBJ02-07	1.0				2	2	9	1	0	3	42	57	59	-1	65	2	In	VDJ							0.0
254	ACCTTGGAGATCCAGCGCACAGAGCAGGGGGACTCGGCCATGTATCTCTGTGCCAGCAGCCCGTCGGGGTGGCAGTACTTCGGGCCG	CASSPSGWQYF	2	0.06011422	33	TCRBV07-09	TCRBV07	TCRBV07-09				01,03	TCRBD02-01*01	TCRBD02	TCRBD02-01	1.0				TCRBJ02-07*01	TCRBJ02	TCRBJ02-07	1.0				5	4	8	3	2	9	48	60	64	69	71	2	In	VDJ							0.0
255	ACAGTGACCAGTGCCCATCCTGAAGACAGCAGCTTCTACATCTGCAGTGCTAGAGTGCAGGGGGCGGGTGGCTACACCTTCGGTTCG	CSARVQGAGGYTF	2	0.06011422	39	TCRBV20	TCRBV20	unresolved			TCRBV20-01,TCRBV20-or09_02		TCRBD01-01*01	TCRBD01	TCRBD01-01	1.0				TCRBJ01-02*01	TCRBJ01	TCRBJ01-02	1.0				1	2	4	0	3	7	42	55	57	65	68	2	In	VDJ							0.0
256	CTGGAGTCTGCCAGGCCCTCACATACCTCTCAGTACCTCTGTGCCAGCAGTGGGAACGGGGACACCGGGGAGCTGTTTTTTGGAGAA	CASSGNGDTGELFF	2	0.06011422	42	TCRBV25-01*01	TCRBV25	TCRBV25-01	1.0				TCRBD02-01*01	TCRBD02	TCRBD02-01	1.0				TCRBJ02-02*01	TCRBJ02	TCRBJ02-02	1.0				4	4	8	3	0	3	39	52	56	-1	61	2	In	VDJ							0.0
257	ATCCAGCGCACAGAGCAGGGGGACTCGGCCATGTATCTCTGTGCCAGCAGCTTAGCTGGGTCCAATCAGCCCCAGCATTTTGGTGAT	CASSLAGSNQPQHF	2	0.06011422	42	TCRBV07-09	TCRBV07	TCRBV07-09				01,03	unresolved		unresolved		TCRBD01,TCRBD02	TCRBD01-01,TCRBD02-01		TCRBJ01-05*01	TCRBJ01	TCRBJ01-05	1.0				0	1	0	9	2	3	39	56	57	60	62	2	In	VDJ							0.0
258	CATCCTGAAGACAGCAGCTTCTACATCTGCAGTGCTAGAGATCTGGGGGCGGGCAGAACCCGCGACACTGAAGCTTTCTTTGGACAA	CSARDLGAGRTRDTEAFF	2	0.06011422	54	TCRBV20	TCRBV20	unresolved			TCRBV20-01,TCRBV20-or09_02		TCRBD01-01*01	TCRBD01	TCRBD01-01	1.0				TCRBJ01-01*01	TCRBJ01	TCRBJ01-01	1.0				0	3	6	0	14	3	27	41	44	50	64	2	In	VDJ							0.0
259	CACACCCTGCAGCCAGAAGACTCGGCCCTGTATCTCTGTGCCAGCAGCCAAGATCGGCAGGGCCGGAGTGAAGCTTTCTTTGGACAA	CASSQDRQGRSEAFF	2	0.06011422	45	TCRBV04-02*01	TCRBV04	TCRBV04-02	1.0				TCRBD01-01*01	TCRBD01	TCRBD01-01	1.0				TCRBJ01-01*01	TCRBJ01	TCRBJ01-01	1.0				0	4	4	3	6	7	36	53	57	62	68	2	In	VDJ							0.0
260	CTACACACCCTGCAGCCAGAAGACTCGGCCCTGTATCTCTGCGCCAGCAGCCAAGTTACGCCAACCGGGGAGCTGTTTTTTGGAGAA	CASSQVTPTGELFF	2	0.06011422	42	TCRBV04-03*01	TCRBV04	TCRBV04-03	1.0				unresolved		unresolved		TCRBD01,TCRBD02	TCRBD01-01,TCRBD02-01		TCRBJ02-02*01	TCRBJ02	TCRBJ02-02	1.0				1	2	3	7	4	5	39	55	57	59	63	2	In	VDJ							0.0
261	GTGAGCACCTTGGAGCTGGGGGACTCGGCCCTTTATCTTTGCGCCAGCAGTCTTGACGGGGGTGCTTATGGCTACACCTTCGGTTCG	CASSLDGGAYGYTF	2	0.06011422	42	TCRBV05-01*01	TCRBV05	TCRBV05-01	1.0				TCRBD02-01*01	TCRBD02	TCRBD02-01	1.0				TCRBJ01-02*01	TCRBJ01	TCRBJ01-02	1.0				5	6	8	2	4	5	39	50	56	62	66	2	In	VDJ							0.0
262	CTGGAGTCGGCTGCTCCCTCCCAGACATCTGTGTACTTCTGTGCCAGCAGTGGTGCTAGTATCTCCTACGAGCAGTACTTCGGGCCG	CASSGASISYEQYF	2	0.06011422	42	TCRBV06-01*01	TCRBV06	TCRBV06-01	1.0				TCRBD02-01	TCRBD02	TCRBD02-01				01,02	TCRBJ02-07*01	TCRBJ02	TCRBJ02-07	1.0				4	3	4	8	3	0	39	52	55	59	62	2	In	VDJ							0.0
263	CACCCTGCAGCCAGAAGACTCGGCCCTGTATCTCTGTGCCAGCAGCTGGGCCTACAATGAAAGACCTATGGCTACACCTTCGGTTCG		2	0.06011422	47	TCRBV04-02*01	TCRBV04	TCRBV04-02	1.0				TCRBD01-01*01	TCRBD01	TCRBD01-01	1.0				TCRBJ01-02*01	TCRBJ01	TCRBJ01-02	1.0				5	1	8	0	14	4	34	46	47	51	65	2	Out	VDJ							0.0
264	CGGTCCACAAAGCTGGAGGACTCAGCCATGTACTTCTGTGCCAGCAGTGAAGAGGGGGCAGGGGGTACCCCCCAGCATTTTGGTGAT	CASSEEGAGGTPQHF	2	0.06011422	45	TCRBV02-01*01	TCRBV02	TCRBV02-01	1.0				TCRBD01-01*01	TCRBD01	TCRBD01-01	1.0				TCRBJ01-05*01	TCRBJ01	TCRBJ01-05	1.0				1	6	4	1	4	10	36	52	58	65	69	2	In	VDJ							0.0
265	GAGTCCGCTACCAGCTCCCAGACATCTGTGTACTTCTGTGCCATCAGTGAGTCGGCACAGCGGGACACTGAAGCTTTCTTTGGACAA	CAISESAQRDTEAFF	2	0.06011422	45	TCRBV10-03*01	TCRBV10	TCRBV10-03	1.0				TCRBD02-01	TCRBD02	TCRBD02-01				01,02	TCRBJ01-01*01	TCRBJ01	TCRBJ01-01	1.0				0	5	6	4	0	3	36	53	58	-1	64	2	In	VDJ							0.0
266	CTCAGGCTGCTGTCGGCTGCTCCCTCCCAGACATCTGTGTACTTCTGTGCCAGCAACACCGACACCGGGGAGCTGTTTTTTGGAGAA	CASNTDTGELFF	2	0.06011422	36	TCRBV06-05*01	TCRBV06	TCRBV06-05	1.0				TCRBD01-01*01	TCRBD01	TCRBD01-01	1.0				TCRBJ02-02*01	TCRBJ02	TCRBJ02-02	1.0				7	0	3	6	3	3	45	-1	55	58	61	2	In	VDJ							0.0
267	AAGATCCGGTCCACAAAGCTGGAGGACTCAGCCATGTACTTCTGTGCCAGCAGTGGAAGACAGGGACAGCCCCAGCATTTTGGTGAT	CASSGRQGQPQHF	2	0.06011422	39	TCRBV02-01*01	TCRBV02	TCRBV02-01	1.0				TCRBD01-01*01	TCRBD01	TCRBD01-01	1.0				TCRBJ01-05*01	TCRBJ01	TCRBJ01-05	1.0				4	3	2	3	1	7	42	55	58	65	66	2	In	VDJ							0.0
268	TTGGAGTCGGCTGCTCCCTCCCAAACATCTGTGTACTTCTGTGCCAGCAGTTACTCCAACAGGGCGCAGCCCCAGCATTTTGGTGAT	CASSYSNRAQPQHF	2	0.06011422	42	TCRBV06	TCRBV06	unresolved			TCRBV06-02,TCRBV06-03		TCRBD01-01*01	TCRBD01	TCRBD01-01	1.0				TCRBJ01-05*01	TCRBJ01	TCRBJ01-05	1.0				0	2	3	3	2	7	39	56	58	64	66	2	In	VDJ							0.0
269	CACCTACACACCCTGCAGCCAGAAGACTCGGCCCTGTATCTCTGCGCCAGCAGCCAATTAAAAAGCACTGAAGCTTTCTTTGGACAA	CASSQLKSTEAFF	2	0.06011422	39	TCRBV04-03*01	TCRBV04	TCRBV04-03	1.0				unresolved		unresolved		TCRBD01,TCRBD02	TCRBD01-01,TCRBD02-01		TCRBJ01-01*01	TCRBJ01	TCRBJ01-01	1.0				2	6	5	5	0	4	42	57	63	-1	65	2	In	VDJ							0.0
270	CTCTGAAGATCCAGCCCTCAGAACCCAGGGACTCAGCTGTGTACTTCTGTGCCAGCAGACAACAGGGGGCGAGCTTTCTTTGGACAA		2	0.06011422	34	TCRBV12	TCRBV12	unresolved			TCRBV12-03,TCRBV12-04		TCRBD01-01*01	TCRBD01	TCRBD01-01	1.0				TCRBJ01-01*01	TCRBJ01	TCRBJ01-01	1.0				6	3	3	0	1	10	47	58	61	70	71	2	Out	VDJ							0.0
271	TTGGAGTCGGCTGCTCCCTCCCAAACATCTGTGTACTTCTGTGCCAGCAGTTATAATGAAGCCAACACTGAAGCTTTCTTTGGACAA	CASSYNEANTEAFF	2	0.06011422	42	TCRBV06	TCRBV06	unresolved			TCRBV06-02,TCRBV06-03		TCRBD02-01	TCRBD02	TCRBD02-01				01,02	TCRBJ01-01*01	TCRBJ01	TCRBJ01-01	1.0				3	6	6	7	1	2	39	53	59	62	63	2	In	VDJ							0.0
272	TTGGCTGCTCCCTCCCAGACATCTGTGTACTTCTGTGCCAGCAGCCGAGACAGGCAGAGCTATAATTCACCCCTCCACTTTGGGAAC	CASSRDRQSYNSPLHF	2	0.06011422	48	TCRBV06-06	TCRBV06	TCRBV06-06				01,02	TCRBD01-01*01	TCRBD01	TCRBD01-01	1.0				TCRBJ01-06*01	TCRBJ01	TCRBJ01-06	1.0				6	4	2	4	5	3	33	44	48	54	59	2	In	VDJ							0.0
273	GTGAACGCCTTGGAGCTGGACGACTCGGCCCTGTATCTCTGTGCCAGCAGCCAGGGACCGATCTCCTACGAGCAGTACTTCGGGCCG	CASSQGPISYEQYF	2	0.06011422	42	TCRBV05-04*01	TCRBV05	TCRBV05-04	1.0				unresolved		unresolved		TCRBD01,TCRBD02	TCRBD01-01,TCRBD02-01		TCRBJ02-07*01	TCRBJ02	TCRBJ02-07	1.0				4	2	0	7	4	0	39	51	53	58	62	2	In	VDJ							0.0
274	ACAGTGACCAGTGCCCATCCTGAAGACAGCAGCTTCTACATCTGCAGTGCTTTGGGACAGGGTTCCTACGAGCAGTACTTCGGGCCG	CSALGQGSYEQYF	2	0.06011422	39	TCRBV20	TCRBV20	unresolved			TCRBV20-01,TCRBV20-or09_02		TCRBD01-01*01	TCRBD01	TCRBD01-01	1.0				TCRBJ02-07*01	TCRBJ02	TCRBJ02-07	1.0				5	2	0	3	1	1	42	51	53	62	63	2	In	VDJ							0.0
275	CTGGAGTCTGCTGCCTCCTCCCAGACATCTGTATATTTCTGCGCCAGCAGTGATCGCTCGGGGGCGGGCGAGCAGTACTTCGGGCCG	CASSDRSGAGEQYF	2	0.06011422	42	TCRBV10-01	TCRBV10	TCRBV10-01				01,02	unresolved		unresolved		TCRBD01,TCRBD02	TCRBD01-01,TCRBD02-01		TCRBJ02-07*01	TCRBJ02	TCRBJ02-07	1.0				3	6	6	0	3	6	39	53	59	65	68	2	In	VDJ							0.0
276	CCTGCAAAGCTTGAGGACTCGGCCGTGTATCTCTGTGCCAGCAGCTTAACCGGGACAGGGGAAGGGAAGGGCTACACCTTCGGTTCG	CASSLTGTGEGKGYTF	2	0.06011422	48	TCRBV11-02*02	TCRBV11	TCRBV11-02	2.0				TCRBD01-01*01	TCRBD01	TCRBD01-01	1.0				TCRBJ01-02*01	TCRBJ01	TCRBJ01-02	1.0				2	3	0	2	8	8	33	48	51	61	69	2	In	VDJ							0.0
277	AGTGCCCATCCTGAAGACAGCAGCTTCTACATCTGCAGTGCTAGGGACGGACAGGCCACCCTTAACTATGGCTACACCTTCGGTTCG	CSARDGQATLNYGYTF	2	0.06011422	48	TCRBV20	TCRBV20	unresolved			TCRBV20-01,TCRBV20-or09_02		TCRBD01-01*01	TCRBD01	TCRBD01-01	1.0				TCRBJ01-02*01	TCRBJ01	TCRBJ01-02	1.0				3	4	1	4	7	1	33	44	48	55	62	2	In	VDJ							0.0
278	GCCCTGCAGCCAGAAGACTCAGCCCTGTATCTCTGCGCCAGCAGCCAAGAACCGACAGGGCGGCATGAAAAACTGTTTTTTGGCAGT	CASSQEPTGRHEKLFF	2	0.06011422	48	TCRBV04-01*01	TCRBV04	TCRBV04-01	1.0				TCRBD01-01*01	TCRBD01	TCRBD01-01	1.0				TCRBJ01-04*01	TCRBJ01	TCRBJ01-04	1.0				0	3	2	3	4	6	33	50	53	60	64	2	In	VDJ							0.0
279	GTCGGCTGCTCCCTCCCAGACATCTGTGTACTTCTGTGCCAGAGGACAGGGGGCTTCTTTTAGGATTCACCCCTCCACTTTGGGAAC		2	0.06011422	47	TCRBV06	TCRBV06	unresolved			TCRBV06-01,TCRBV06-05		TCRBD01-01*01	TCRBD01	TCRBD01-01	1.0				TCRBJ01-06*01	TCRBJ01	TCRBJ01-06	1.0				9	1	1	0	10	8	34	42	43	54	64	2	Out	VDJ							0.0
280	AATGTGAACGCCTTGGAGCTGGAGGACTCGGCCCTGTATCTCTGTGCCAGCAGCTTGGGGACCCGGCGCGAGCAGTACTTCGGGCCG	CASSLGTRREQYF	2	0.06011422	39	TCRBV05-08*01	TCRBV05	TCRBV05-08	1.0				unresolved		unresolved		TCRBD01,TCRBD02	TCRBD01-01,TCRBD02-01		TCRBJ02-07*01	TCRBJ02	TCRBJ02-07	1.0				0	0	1	7	6	6	42	-1	58	62	68	2	In	VDJ							0.0
281	TCGGCTGCTCCCTCCCAAACATCTGTGTACTTCTGTGCCAGCAGTCGCGTTGCCCTGAGGGGGAATGAAAAACTGTTTTTTGGCAGT	CASSRVALRGNEKLFF	2	0.06011422	48	TCRBV06	TCRBV06	unresolved			TCRBV06-02,TCRBV06-03		TCRBD01-01*01	TCRBD01	TCRBD01-01	1.0				TCRBJ01-04*01	TCRBJ01	TCRBJ01-04	1.0				5	12	5	1	0	5	33	45	57	-1	63	2	In	VDJ							0.0
282	AGGCTGGAGTCGGCTGCTCCCTCCCAGACATCTGTGTACTTCTGTGCCAGCAGATACATCCCCCCTAACGAGCAGTACTTCGGGCCG	CASRYIPPNEQYF	2	0.06011422	39	TCRBV06-01*01	TCRBV06	TCRBV06-01	1.0				unresolved		unresolved		TCRBD01,TCRBD02	TCRBD01-01,TCRBD02-01		TCRBJ02-07*01	TCRBJ02	TCRBJ02-07	1.0				6	2	3	6	9	5	42	53	55	58	67	2	In	VDJ							0.0
283	ACAGTGACCAGTGCCCATCCTGAAGACAGCAGCTTCTACATCTGCAGTGCGGGCGGGACCGCTAACTATGGCTACACCTTCGGTTCG	CSAGGTANYGYTF	2	0.06011422	39	TCRBV20	TCRBV20	unresolved			TCRBV20-01,TCRBV20-or09_02		TCRBD02-01*02	TCRBD02	TCRBD02-01	2.0				TCRBJ01-02*01	TCRBJ01	TCRBJ01-02	1.0				6	2	7	3	3	0	42	50	52	58	61	2	In	VDJ							0.0
284	GAGATCCAGCGCACAGAGCAGGGGGACTCGGCCATGTATCTCTGTGCCAGCAGCTTCTCGGGGATCGGAGGCTACACCTTCGGTTCG	CASSFSGIGGYTF	2	0.06011422	39	TCRBV07-09	TCRBV07	TCRBV07-09				01,03	TCRBD02-01*01	TCRBD02	TCRBD02-01	1.0				TCRBJ01-02*01	TCRBJ01	TCRBJ01-02	1.0				3	2	8	3	6	8	42	56	58	63	69	2	In	VDJ							0.0
285	AATGTGAACGCCTTGGAGCTGGACGACTCGGCCCTGTATCTCTGTGCCAGCAGCTTTTTGGGCGGAGAGACCCAGTACTTCGGGCCA	CASSFLGGETQYF	2	0.06011422	39	TCRBV05-04*01	TCRBV05	TCRBV05-04	1.0				unresolved		unresolved		TCRBD01,TCRBD02	TCRBD01-01,TCRBD02-01		TCRBJ02-05*01	TCRBJ02	TCRBJ02-05	1.0				2	3	8	0	2	4	42	56	59	63	65	2	In	VDJ							0.0
286	AAGATCCGGTCCACAAAGCTGGAGGACTCAGCCATGTACTTCTGTGCCAGCAGGCCCCGAGAGGTAGGACCCCTCCACTTTGGGAAC	CASRPREVGPLHF	2	0.06011422	39	TCRBV02-01*01	TCRBV02	TCRBV02-01	1.0				TCRBD02-01*02	TCRBD02	TCRBD02-01	2.0				TCRBJ01-06*01	TCRBJ01	TCRBJ01-06	1.0				6	7	11	1	4	12	42	53	60	64	68	2	In	VDJ							0.0
287	CTGACCTTGTCCACTCTGACAGTGACCAGTGCCCATCCTGAAGACAGCAGCTTCAAGGGTCCAATCAACGAGCAGTACTTCGGGCCG	PINEQYF	2	0.06011422	21	TCRBV20-01*01	TCRBV20	TCRBV20-01	1.0				unresolved		unresolved		TCRBD01,TCRBD02	TCRBD01-01,TCRBD02-01		TCRBJ02-07*01	TCRBJ02	TCRBJ02-07	1.0				20	1	5	3	8	5	60	54	55	59	67	2	In	VDJ							0.0
288	CACTCTGAAGATCCAGCCCTCAGAACCCAGGGACTCAGCTGTGTACTTCTGTGCCAGCGGGGCTCCTACGAGCAGTACTTCGGGCCG		2	0.06011422	32	TCRBV12	TCRBV12	unresolved			TCRBV12-03,TCRBV12-04		unresolved		unresolved		TCRBD01,TCRBD02	TCRBD01-01,TCRBD02-01		TCRBJ02-07*01	TCRBJ02	TCRBJ02-07	1.0				8	0	6	2	0	0	49	-1	58	-1	62	2	Out	VDJ							0.0
289	CACACCCTGCAGCCAGAAGACTCGGCCCTGTATCTCTGCGCCAGCAGCCAGTCAAATCAGGAGTATTCACCCCTCCACTTTGGGAAC	CASSQSNQEYSPLHF	2	0.06011422	45	TCRBV04-03*01	TCRBV04	TCRBV04-03	1.0				unresolved		unresolved		TCRBD01,TCRBD02	TCRBD01-01,TCRBD02-01		TCRBJ01-06*01	TCRBJ01	TCRBJ01-06	1.0				3	7	4	4	3	8	36	50	57	61	64	2	In	VDJ							0.0
290	TCCCTAGAGTCTGCCATCCCCAACCAGACAGCTCTTTACTTCTGTGCCACCAGTGAACCAGGACAGGAAAAACTGTTTTTTGGCAGT	CATSEPGQEKLFF	2	0.06011422	39	TCRBV24	TCRBV24	unresolved			TCRBV24-01,TCRBV24-or09_02		TCRBD01-01*01	TCRBD01	TCRBD01-01	1.0				TCRBJ01-04*01	TCRBJ01	TCRBJ01-04	1.0				4	4	1	5	0	8	42	56	60	-1	66	2	In	VDJ							0.0
291	AATGTGAACGCCTTGTTGCTGGGGGACTCGGCCCTCTATCTCTGTGCCAGCAGCGTGCTGAGGAATTCACCCCTCCACTTTGGGAAC	CASSVLRNSPLHF	2	0.06011422	39	TCRBV05-06*01	TCRBV05	TCRBV05-06	1.0				TCRBD02-01*02	TCRBD02	TCRBD02-01	2.0				TCRBJ01-06*01	TCRBJ01	TCRBJ01-06	1.0				4	5	11	1	0	7	42	54	59	-1	63	2	In	VDJ							0.0
292	CTGTCGGCTGCTCCCTCCCAGACATCTGTGTACTTCTGTGCCAGCAGTTACAGTACGTCCTATAATTCACCCCTCCACTTTGGGAAC	CASSYSTSYNSPLHF	2	0.06011422	45	TCRBV06-05*01	TCRBV06	TCRBV06-05	1.0				unresolved		unresolved		TCRBD01,TCRBD02	TCRBD01-01,TCRBD02-01		TCRBJ01-06*01	TCRBJ01	TCRBJ01-06	1.0				2	3	3	7	1	1	36	51	54	56	57	2	In	VDJ							0.0
293	ATCCGGTCCACAAAGCTGGAGGACTCAGCCATGTACTTCTGTGCCAGCAGTGTGCGGGACAGGGATTCACCCCTCCACTTTGGGAAC	CASSVRDRDSPLHF	2	0.06011422	42	TCRBV02-01*01	TCRBV02	TCRBV02-01	1.0				TCRBD01-01*01	TCRBD01	TCRBD01-01	1.0				TCRBJ01-06*01	TCRBJ01	TCRBJ01-06	1.0				4	3	0	3	0	8	39	52	55	-1	64	2	In	VDJ							0.0
294	CTGAAGATCCGGTCCACAAAGCTGGAGGACTCAGCCATGTACTTCTGTGCCAGCTCCGGGGGGTCTTCACCCCTCCACTTTGGGAAC	CASSGGSSPLHF	2	0.06011422	36	TCRBV02-01*01	TCRBV02	TCRBV02-01	1.0				TCRBD02-01*01	TCRBD02	TCRBD02-01	1.0				TCRBJ01-06*01	TCRBJ01	TCRBJ01-06	1.0				8	2	8	1	2	9	45	54	56	63	65	2	In	VDJ							0.0
295	AAGATCCAGCCTGCAAAGCTTGAGGACTCGGCCGTGTATCTCTGTGCCAGCACCGACAGCGGCAATTCACCCCTCCACTTTGGGAAC	CASTDSGNSPLHF	2	0.06011422	39	TCRBV11-02*02	TCRBV11	TCRBV11-02	2.0				unresolved		unresolved		TCRBD01,TCRBD02	TCRBD01-01,TCRBD02-01		TCRBJ01-06*01	TCRBJ01	TCRBJ01-06	1.0				7	2	2	5	4	7	42	52	54	59	63	2	In	VDJ							0.0
296	CTGACAGTGACCAGTGCCCATCCTGAAGACAGCAGCTTCTACATCTGCAGTGCTAGTTTATCGGGGGGCGGGCAGTACTTCGGGCCG	CSASLSGGGQYF	2	0.06011422	36	TCRBV20	TCRBV20	unresolved			TCRBV20-01,TCRBV20-or09_02		TCRBD02-01*01	TCRBD02	TCRBD02-01	1.0				TCRBJ02-07*01	TCRBJ02	TCRBJ02-07	1.0				3	5	8	1	3	9	45	56	61	68	71	2	In	VDJ							0.0
297	TTGGAGATCCAGCGCACAGAGCAGGGGGACTCGGCCATGTATCTCTGTGCCAGCAGCTCCACCGATTACGAGCAGTACTTCGGGCCG	CASSSTDYEQYF	2	0.06011422	36	TCRBV07-09	TCRBV07	TCRBV07-09				01,03	unresolved		unresolved		TCRBD01,TCRBD02	TCRBD01-01,TCRBD02-01		TCRBJ02-07*01	TCRBJ02	TCRBJ02-07	1.0				4	5	2	8	1	4	45	58	63	65	66	2	In	VDJ							0.0
298	ACCTTGGAGCTGGGGGACTCGGCCCTTTATCTTTGCGCCAGCAGCTTGGGGCCAGGGGTGGACAATCAGCCCCAGCATTTTGGTGAT	CASSLGPGVDNQPQHF	2	0.06011422	48	TCRBV05-01*01	TCRBV05	TCRBV05-01	1.0				TCRBD01-01*01	TCRBD01	TCRBD01-01	1.0				TCRBJ01-05*01	TCRBJ01	TCRBJ01-05	1.0				0	3	4	2	4	3	33	49	52	58	62	2	In	VDJ							0.0
299	GCCCTGCAGCCAGAAGACTCAGCCCTGTATCTCTGCGCCAGCAGCCAAGATCGAGGCAGGGCTCAACAGCCCCAGCATTTTGGTGAT	CASSQDRGRAQQPQHF	2	0.06011422	48	TCRBV04-01*01	TCRBV04	TCRBV04-01	1.0				TCRBD01-01*01	TCRBD01	TCRBD01-01	1.0				TCRBJ01-05*01	TCRBJ01	TCRBJ01-05	1.0				0	6	4	3	5	7	33	50	56	61	66	2	In	VDJ							0.0
300	CTGGAGTTGGCTGCTCCCTCCCAGACATCTGTGTACTTCTGTGCCACTGCTAGGACTAGCAATGATTACGAGCAGTACTTCGGGCCG	CATARTSNDYEQYF	2	0.06011422	42	TCRBV06-06	TCRBV06	TCRBV06-06				01,02	TCRBD02-01	TCRBD02	TCRBD02-01				01,02	TCRBJ02-07*01	TCRBJ02	TCRBJ02-07	1.0				10	6	1	7	6	4	39	46	52	60	66	2	In	VDJ							0.0
301	CCAGAAGACTCAGCCCTGTATCTCTGCGCCAGCAGCCAAGGGGGAACAGGGTCGCCTTACTTCCACTATGGCTACACCTTCGGTTCG	CASSQGGTGSPYFHYGYTF	2	0.06011422	57	TCRBV04-01*01	TCRBV04	TCRBV04-01	1.0				TCRBD01-01*01	TCRBD01	TCRBD01-01	1.0				TCRBJ01-02*01	TCRBJ01	TCRBJ01-02	1.0				1	5	3	3	13	3	24	40	45	51	64	2	In	VDJ							0.0
302	GCTGAATGTGAACGCCTTGTTGCTGGGGGACTCGGCCCTCTATCTCTGTGCCAGCAGCCCCATAGAACACCCCTCCACTTTGGGAAC		2	0.06011422	35	TCRBV05-06*01	TCRBV05	TCRBV05-06	1.0				TCRBD02-01	TCRBD02	TCRBD02-01				01,02	TCRBJ01-06*01	TCRBJ01	TCRBJ01-06	1.0				4	4	5	8	2	11	46	58	62	65	67	2	Out	VDJ							0.0
303	ACACCCTGCAGCCAGAAGACTCGGCCCTGTATCTCTGCGCCAGCAGCCAAGACCCGGTCGAGGACAGGGTGCTACACCTTCGGTTCG		2	0.06011422	46	TCRBV04-03*01	TCRBV04	TCRBV04-03	1.0				TCRBD01-01*01	TCRBD01	TCRBD01-01	1.0				TCRBJ01-02*01	TCRBJ01	TCRBJ01-02	1.0				0	9	1	3	1	9	35	52	61	69	70	2	Out	VDJ							0.0
304	GTCGGCTGCTCCCTCCCAAACATCTGTGTACTTCTGTGCCAGCAGTAGCATCGACAAAGTCGGGCCAACGTCCTGACTTTCGGGGCC		2	0.06011422	47	TCRBV06	TCRBV06	unresolved			TCRBV06-02,TCRBV06-03		TCRBD01-01*01	TCRBD01	TCRBD01-01	1.0				TCRBJ02-06*01	TCRBJ02	TCRBJ02-06	1.0				5	6	2	6	5	5	34	46	52	56	61	2	Out	VDJ							0.0
305	CCCTAGAGTCTGCCATCCCCAACCAGACAGCTCTTTACTTCTGTGCCACCAGTGATTTAACGGAACTACGAGCAGTACTTCGGGCCG		2	0.06011422	40	TCRBV24	TCRBV24	unresolved			TCRBV24-01,TCRBV24-or09_02		unresolved		unresolved		TCRBD01,TCRBD02	TCRBD01-01,TCRBD02-01		TCRBJ02-07*01	TCRBJ02	TCRBJ02-07	1.0				1	3	1	8	1	3	41	58	61	64	65	2	Out	VDJ							0.0
306	GAGTCTGCCATCCCCAACCAGACAGCTCTTTACTTCTGTGCCACCCAGGGGGGCAGTGTCCCTTATCAGCCCCAGCATTTTGGTGAT	CATQGGSVPYQPQHF	2	0.06011422	45	TCRBV24	TCRBV24	unresolved			TCRBV24-01,TCRBV24-or09_02		TCRBD01-01*01	TCRBD01	TCRBD01-01	1.0				TCRBJ01-05*01	TCRBJ01	TCRBJ01-05	1.0				9	0	4	1	12	5	36	-1	45	52	64	2	In	VDJ							0.0
307	CACCTACACGCCCTGCAGCCAGAAGACTCAGCCCTGTATCTCTGCGCCAGCAGCCAAATCGGGAATTCACCCCTCCACTTTGGGAAC	CASSQIGNSPLHF	2	0.06011422	39	TCRBV04-01*01	TCRBV04	TCRBV04-01	1.0				TCRBD02-01	TCRBD02	TCRBD02-01				01,02	TCRBJ01-06*01	TCRBJ01	TCRBJ01-06	1.0				2	2	8	4	0	7	42	57	59	-1	63	2	In	VDJ							0.0
308	TCAACTCTGACTGTGAGCAACATGAGCCCTGAAGACAGCAGCATATATCTCTGCAGCGTTAGGGACAGGGAAGAATATTTTGGAGAG	CSVRDREEYF	2	0.06011422	30	TCRBV29-01*01	TCRBV29	TCRBV29-01	1.0				TCRBD01-01*01	TCRBD01	TCRBD01-01	1.0				TCRBJ01-03*01	TCRBJ01	TCRBJ01-03	1.0				5	1	0	3	4	15	51	60	61	70	74	2	In	VDJ							0.0
309	CTGGGGTTGGAGTCGGCTGCTCCCTCCCAAACATCTGTGTACTTCTGTGCCAGCAGTTACGGGCCCTTCTATTACACCTTCGGTTCG	CASSYGPFYYTF	2	0.06011422	36	TCRBV06	TCRBV06	unresolved			TCRBV06-02,TCRBV06-03		TCRBD01-01*01	TCRBD01	TCRBD01-01	1.0				TCRBJ01-02*01	TCRBJ01	TCRBJ01-02	1.0				2	0	8	0	8	11	45	-1	60	64	72	2	In	VDJ							0.0
310	CCTGCAGCCAGAAGACTCGGCCCTGTATCTCTGTGCCAGCAGCCCCCGGACGAGCCCTTCTGGGACTATGGCTACACCTTCGGTTCG		2	0.06011422	50	TCRBV04-02*01	TCRBV04	TCRBV04-02	1.0				unresolved		unresolved		TCRBD01,TCRBD02	TCRBD01-01,TCRBD02-01		TCRBJ01-02*01	TCRBJ01	TCRBJ01-02	1.0				4	3	1	7	13	3	31	44	47	51	64	2	Out	VDJ							0.0
311	CACACCCTGCAGCCAGAAGACTCGGCCCTGTATCTCTGTGCCAGCAGCCAAAAGCGAGGACAGTATAACGAGCAGTACTTCGGGCCG	CASSQKRGQYNEQYF	2	0.06011422	45	TCRBV04-02*01	TCRBV04	TCRBV04-02	1.0				TCRBD01-01*01	TCRBD01	TCRBD01-01	1.0				TCRBJ02-07*01	TCRBJ02	TCRBJ02-07	1.0				2	6	1	5	4	5	36	51	57	63	67	2	In	VDJ							0.0
312	CACCTACACGCCCTGCAGCCAGAAGACTCAGCCCTGTATCTCTGCGCCAGCAGCCAAGACCCCGGGGACGAGCAGTACTTCGGGCCG	CASSQDPGDEQYF	2	0.06011422	39	TCRBV04-01*01	TCRBV04	TCRBV04-01	1.0				TCRBD02-01*01	TCRBD02	TCRBD02-01	1.0				TCRBJ02-07*01	TCRBJ02	TCRBJ02-07	1.0				0	3	8	3	0	5	42	59	62	-1	67	2	In	VDJ							0.0
313	AGTTCTAAGAAGCTCCTTCTCAGTGACTCTGGCTTCTATCTCTGTGCCTGGAGTGTCGGATATGGAAACACCATATATTTTGGAGAG	CAWSVGYGNTIYF	2	0.06011422	39	TCRBV30-01*01	TCRBV30	TCRBV30-01	1.0				unresolved		unresolved		TCRBD01,TCRBD02	TCRBD01-01,TCRBD02-01		TCRBJ01-03*01	TCRBJ01	TCRBJ01-03	1.0				0	1	1	8	2	3	42	56	57	60	62	2	In	VDJ							0.0
314	AAGCTCCTTCTCAGTGACTCTGGCTTCTATCTCTGTGCCTGGACATTCGCGGGTTACTCCTATAATTCACCCCTCCACTTTGGGAAC	CAWTFAGYSYNSPLHF	2	0.06011422	48	TCRBV30-01*01	TCRBV30	TCRBV30-01	1.0				TCRBD02-01	TCRBD02	TCRBD02-01				01,02	TCRBJ01-06*01	TCRBJ01	TCRBJ01-06	1.0				4	5	7	4	3	0	33	43	48	53	56	2	In	VDJ							0.0
315	ACTCTGACTGTGAGCAACATGAGCCCTGAAGACAGCAGCATATATCTCTGCATCGTTGAGAGCGGCTATGGCTACACCTTCGGTTCG	CIVESGYGYTF	2	0.06011422	33	TCRBV29-01*01	TCRBV29	TCRBV29-01	1.0				TCRBD02-01	TCRBD02	TCRBD02-01				01,02	TCRBJ01-02*01	TCRBJ01	TCRBJ01-02	1.0				3	1	6	5	0	4	48	59	60	-1	65	2	In	VDJ							0.0
316	AGTTCTAAGAAGCTCCTTCTCAGTGACTCTGGCTTCTATCTCTGTGCCTGGAGCCCCAGCTCTGGAAACACCATATATTTTGGAGAG	CAWSPSSGNTIYF	2	0.06011422	39	TCRBV30-01*01	TCRBV30	TCRBV30-01	1.0				TCRBD01-01*01	TCRBD01	TCRBD01-01	1.0				TCRBJ01-03*01	TCRBJ01	TCRBJ01-03	1.0				3	3	4	5	0	0	42	53	56	-1	59	2	In	VDJ							0.0
317	AGTTCTAAGAAGCTCCTTCTCAGTGACTCTGGCTTCTATCTCTGTGCCTGGAGTGGGGGACAGGGCGGTGGCTACACCTTCGGTTCG	CAWSGGQGGGYTF	2	0.06011422	39	TCRBV30-01*01	TCRBV30	TCRBV30-01	1.0				TCRBD01-01*01	TCRBD01	TCRBD01-01	1.0				TCRBJ01-02*01	TCRBJ01	TCRBJ01-02	1.0				1	1	0	3	3	7	42	55	56	65	68	2	In	VDJ							0.0
318	TCTAAGAAGCTCCTTCTCAGTGACTCTGGCTTCTATCTCTGTGCCTGGAGTGTAGGGGGGGCTAGTGTGGGCTACACCTTCGGTTCG	CAWSVGGASVGYTF	2	0.06011422	42	TCRBV30-01*01	TCRBV30	TCRBV30-01	1.0				TCRBD02-01*01	TCRBD02	TCRBD02-01	1.0				TCRBJ01-02*01	TCRBJ01	TCRBJ01-02	1.0				0	1	9	0	8	8	39	53	54	61	69	2	In	VDJ							0.0
319	TCCTGAGTTCTAAGAAGCTCCTTCTCAGTGACTCTGGCTTCTATCTCTGTGCCCGGGGCCCGAAACTATGGCTACACCTTCGGTTCG		2	0.06011422	34	TCRBV30-01*01	TCRBV30	TCRBV30-01	1.0				unresolved		unresolved		TCRBD01,TCRBD02	TCRBD01-01,TCRBD02-01		TCRBJ01-02*01	TCRBJ01	TCRBJ01-02	1.0				8	1	7	0	4	2	47	53	54	59	63	2	Out	VDJ							0.0
320	TCTAAGAAGCTCCTTCTCAGTGACTCTGGCTTCTATCTCTGTGCCTGGAGTGTATCAAGGGACTCTGGTGGCTACACCTTCGGTTCG	CAWSVSRDSGGYTF	2	0.06011422	42	TCRBV30-01*01	TCRBV30	TCRBV30-01	1.0				TCRBD02-01	TCRBD02	TCRBD02-01				01,02	TCRBJ01-02*01	TCRBJ01	TCRBJ01-02	1.0				0	5	0	10	4	7	39	53	58	64	68	2	In	VDJ							0.0
321	CCAGCGCACAGAGCAGGGGGACTCGGCCATGTATCTCTGTGCCAGCAGCGGTATGGGCAGGGACACCGGGGAGCTGTTTTTGGAGAA		1	0.03005711	44	TCRBV07-09	TCRBV07	TCRBV07-09				01,03	TCRBD01-01*01	TCRBD01	TCRBD01-01	1.0				TCRBJ02-02*01	TCRBJ02	TCRBJ02-02	1.0				5	10	0	6	11	18	37	49	59	65	76	1	Out	VDJ							0.0
322	CTGCTGTCGGCTGCTCCCTCCCAGACATCTGTGTACTTCTGTGCCAGCAGGAGACTAGCGTCCACCGGGGAGCTGTTTTTTGGAGAA	CASRRLASTGELFF	1	0.03005711	42	TCRBV06-05*01	TCRBV06	TCRBV06-05	1.0				TCRBD02-01	TCRBD02	TCRBD02-01				01,02	TCRBJ02-02*01	TCRBJ02	TCRBJ02-02	1.0				6	2	2	6	2	4	39	50	52	60	62	1	In	VDJ							0.0
323	GAGTTCTAAGAAGCTCCTTCTCAGTGACTCTGGCTTCTATCTCTGTGCCTGGAAGCGGGGGGCTTCGGGGAGCTGTTTTTTGGAGAA		1	0.03005711	38	TCRBV30-01*01	TCRBV30	TCRBV30-01	1.0				TCRBD02-01*01	TCRBD02	TCRBD02-01	1.0				TCRBJ02-02*01	TCRBJ02	TCRBJ02-02	1.0				4	0	6	1	3	7	43	-1	53	62	65	1	Out	VDJ							0.0
324	CCGCTCACCAGGCCTGGGGGACGCAGCCATGTACCTGTGTGCCACCAGCAGAGGCGGGGGGCAACAGATACGCAGTATTTTGGCCCA		1	0.03005711	44	TCRBV15-01*01	TCRBV15	TCRBV15-01	1.0				TCRBD02-01*01	TCRBD02	TCRBD02-01	1.0				TCRBJ02-03*01	TCRBJ02	TCRBJ02-03	1.0				1	0	7	1	2	3	37	-1	53	61	63	1	Out	VDJ							0.0
325	CTTCTCAGTGACTCTGGCTTCTATCTCTGTGCCTGGACCACATAGCGGGGCAAGGGGGGCGACACAGATACGCAGTATTTTGGCCCA	CAWTT*RGKGGDTDTQYF	1	0.03005711	54	TCRBV30-01*01	TCRBV30	TCRBV30-01	1.0				TCRBD02-01*01	TCRBD02	TCRBD02-01	1.0				TCRBJ02-03*01	TCRBJ02	TCRBJ02-03	1.0				4	5	5	3	12	2	27	37	42	50	62	1	Stop	VDJ							0.0
326	GCAGAACTGGAGGATTCTGGAGTTTATTTCTGTGCCAGCAGTACCCCCGGGGGGCAAATCGACACAGATACGCAGTATTTTGGCCCA	CASSTPGGQIDTDTQYF	1	0.03005711	51	TCRBV14-01*01	TCRBV14	TCRBV14-01	1.0				TCRBD02-01*01	TCRBD02	TCRBD02-01	1.0				TCRBJ02-03*01	TCRBJ02	TCRBJ02-03	1.0				6	6	8	1	8	2	30	41	47	54	62	1	In	VDJ							0.0
327	CAGTGCCCATCCTGAAGACAGCAGCTTCTACATCTGCAGTGCTAGAGATATCGGGGGGGAAGTACAGATACGCAGTATTTTGGCCCA		1	0.03005711	47	TCRBV20	TCRBV20	unresolved			TCRBV20-01,TCRBV20-or09_02		TCRBD02-01*01	TCRBD02	TCRBD02-01	1.0				TCRBJ02-03*01	TCRBJ02	TCRBJ02-03	1.0				0	3	8	0	4	3	34	48	51	59	63	1	Out	VDJ							0.0
328	ACATCGGCCCAAAAGAACCCGACAGCTTTCTATCTCTGTGCCAGTAATCCCAGATGGGGGGCCCGAGATACGCAGTATTTTGGCCCA	CASNPRWGARDTQYF	1	0.03005711	45	TCRBV19-01	TCRBV19	TCRBV19-01				01,02	unresolved		unresolved		TCRBD01,TCRBD02	TCRBD01-01,TCRBD02-01		TCRBJ02-03*01	TCRBJ02	TCRBJ02-03	1.0				7	10	6	0	3	5	36	46	56	62	65	1	In	VDJ							0.0
329	CCTGCAGAACTGGAGGATTCTGGAGTTTATTTCTGTGCCAGCAGCCAAGATCGCCAGGGGCGAGGGGATACGCAGTATTTTGGCCCA	CASSQDRQGRGDTQYF	1	0.03005711	48	TCRBV14-01*01	TCRBV14	TCRBV14-01	1.0				TCRBD01-01*01	TCRBD01	TCRBD01-01	1.0				TCRBJ02-03*01	TCRBJ02	TCRBJ02-03	1.0				0	4	4	2	6	6	33	50	54	60	66	1	In	VDJ							0.0
330	TCCACGGAGTCAGGGGACACAGCACTGTATTTCTGTGCCAGCAGCAAAGAGGACCCCGTAGGGGAAGAGACCCAGTACTTCGGGCCA	CASSKEDPVGEETQYF	1	0.03005711	48	TCRBV21-01*01	TCRBV21	TCRBV21-01	1.0				TCRBD01-01*01	TCRBD01	TCRBD01-01	1.0				TCRBJ02-05*01	TCRBJ02	TCRBJ02-05	1.0				1	10	5	2	0	3	33	49	59	-1	64	1	In	VDJ							0.0
331	ACAGTGACCAGTGCCCATCCTGAAGACAGCAGCTTCTACATCTGCAGTGCTAGGTGGGGGGTATAAGAGACCCAGTACTTCGGGCCA	CSARWGV*ETQYF	1	0.03005711	39	TCRBV20	TCRBV20	unresolved			TCRBV20-01,TCRBV20-or09_02		TCRBD02-01*01	TCRBD02	TCRBD02-01	1.0				TCRBJ02-05*01	TCRBJ02	TCRBJ02-05	1.0				3	2	9	1	3	3	42	53	55	61	64	1	Stop	VDJ							0.0
332	AGCTCTCTGGAGCTGGGGGACTCAGCTTTGTATTTCTGTGCCAGCAGTTCCGGGACTAGCGGAACACAGGAGCAGTTCTTCGGGCCA	CASSSGTSGTQEQFF	1	0.03005711	45	TCRBV09-01	TCRBV09	TCRBV09-01				01,02	TCRBD02-01	TCRBD02	TCRBD02-01				01,02	TCRBJ02-01*01	TCRBJ02	TCRBJ02-01	1.0				5	4	0	5	7	10	36	47	51	62	69	1	In	VDJ							0.0
333	GATCCAGTCCACGGAGTCAGGGGACACAGCACTGTATTTCTGTGCCCGAGGGGACAGGGGAGATACAATGAGCAGTTCTTCGGGCCA		1	0.03005711	41	TCRBV21-01*01	TCRBV21	TCRBV21-01	1.0				TCRBD01-01*01	TCRBD01	TCRBD01-01	1.0				TCRBJ02-01*01	TCRBJ02	TCRBJ02-01	1.0				11	4	0	2	3	4	40	46	50	60	63	1	Out	VDJ							0.0
334	ATCCAGCCCTCAGAACCCAGGGACTCAGCTGTGTACTTCTGTGCCAGCAGTTTTACAGGCGCCTACAATGAGCAGTTCTTCGGGCCA	CASSFTGAYNEQFF	1	0.03005711	42	TCRBV12	TCRBV12	unresolved			TCRBV12-03,TCRBV12-04		TCRBD01-01*01	TCRBD01	TCRBD01-01	1.0				TCRBJ02-01*01	TCRBJ02	TCRBJ02-01	1.0				3	1	3	4	2	2	39	53	54	59	61	1	In	VDJ							0.0
335	GGCGTCTGCTGTACCCTCTCAGACATCTGTGTACTTCTGTGCCAGCAGTGACTCTGCGGGGGGCCGGGTGAGCAGTTCTTCGGGCCA		1	0.03005711	44	TCRBV06-04	TCRBV06	TCRBV06-04				01,02	TCRBD02-01*01	TCRBD02	TCRBD02-01	1.0				TCRBJ02-01*01	TCRBJ02	TCRBJ02-01	1.0				0	1	7	1	5	9	37	54	55	63	68	1	Out	VDJ							0.0
336	GAAGATCCAGCGCACAGAGCGGGGGACTCAGCCGTGTATCTCTGTGCCAGCAGCAGACAGGGGGCGGGTGAGCAGTTCTTCGGGCCA	CASSRQGAGEQFF	1	0.03005711	39	TCRBV07-03*01	TCRBV07	TCRBV07-03	1.0				TCRBD01-01*01	TCRBD01	TCRBD01-01	1.0				TCRBJ02-01*01	TCRBJ02	TCRBJ02-01	1.0				5	1	2	0	3	9	42	54	55	65	68	1	In	VDJ							0.0
337	ACATCGGCCCAAAAGAACCCGACAGCTTTCTATCTCTGTGCCAGTAGCCCAACTAGCGGGGGGGTTCTTGAGCAGTTCTTCGGGCCA	CASSPTSGGVLEQFF	1	0.03005711	45	TCRBV19-01	TCRBV19	TCRBV19-01				01,02	TCRBD02-01*01	TCRBD02	TCRBD02-01	1.0				TCRBJ02-01*01	TCRBJ02	TCRBJ02-01	1.0				6	4	3	0	4	9	36	47	51	64	68	1	In	VDJ							0.0
338	ATTCTGGAGTTTATTTCTGTGCCAGCAGCCAAGATAGCCCTTCTCGGAACTATTGAAATAGCCAAAAACATTCAGTACTTCGGCGCC		1	0.03005711	64	TCRBV14-01*01	TCRBV14	TCRBV14-01	1.0				TCRBD02-01	TCRBD02	TCRBD02-01				01,02	TCRBJ02-04*01	TCRBJ02	TCRBJ02-04	1.0				0	14	3	9	7	0	17	34	48	52	59	1	Out	VDJ							0.0
339	GTGACATCGGCCCAAAAGAACCCGACAGCTTTCTATCTCTGTGCCAGTAGTGTTGGCCGGGAGCTGGGGATTCAGTACTTCGGCGCC	CASSVGRELGIQYF	1	0.03005711	42	TCRBV19-01	TCRBV19	TCRBV19-01				01,02	TCRBD02-01*02	TCRBD02	TCRBD02-01	2.0				TCRBJ02-04*01	TCRBJ02	TCRBJ02-04	1.0				5	6	8	2	6	10	39	51	57	63	69	1	In	VDJ							0.0
340	CCTCAGAACCCAGGGACTCAGCTGTGTACTTCTGTGCCAGCAGTTACGGGGGGGCCCTCGGGGCGCTACGAGCAGTACTTCGGGCCG		1	0.03005711	49	TCRBV12	TCRBV12	unresolved			TCRBV12-03,TCRBV12-04		TCRBD02-01*01	TCRBD02	TCRBD02-01	1.0				TCRBJ02-07*01	TCRBJ02	TCRBJ02-07	1.0				4	1	8	0	11	3	32	45	46	54	65	1	Out	VDJ							0.0
341	GGGTTGGAGTCGGCTGCTCCCTCCCAAACATCTGTGTACTTCTGTGCCAGCATCAAAGGCAGGGTCTACGAGCAGTACTTCGGGCCG	CASIKGRVYEQYF	1	0.03005711	39	TCRBV06	TCRBV06	unresolved			TCRBV06-02,TCRBV06-03		TCRBD01-01*01	TCRBD01	TCRBD01-01	1.0				TCRBJ02-07*01	TCRBJ02	TCRBJ02-07	1.0				7	7	4	3	1	3	42	52	59	64	65	1	In	VDJ							0.0
342	CTCAAGATCCAGCCTGCAGAGCTTGGGGACTCGGCCGTGTATCTCTGTGCCAGCAGCTTAGAAGGCTATGGCTACACCTTCGGTTCG	CASSLEGYGYTF	1	0.03005711	36	TCRBV11-03*01	TCRBV11	TCRBV11-03	1.0				unresolved		unresolved		TCRBD01,TCRBD02	TCRBD01-01,TCRBD02-01		TCRBJ01-02*01	TCRBJ01	TCRBJ01-02	1.0				0	0	5	4	0	4	45	-1	62	-1	65	1	In	VDJ							0.0
343	CAGCGCACAGAGCAGGGGGACTCGGCCATGTATCTCTGTGCCAGCAGCGTGGACAGGGGAAGCAATCAGCCCCAGCATTTTGGTGAT	CASSVDRGSNQPQHF	1	0.03005711	45	TCRBV07-09	TCRBV07	TCRBV07-09				01,03	TCRBD01-01*01	TCRBD01	TCRBD01-01	1.0				TCRBJ01-05*01	TCRBJ01	TCRBJ01-05	1.0				5	2	1	2	1	1	36	48	50	59	60	1	In	VDJ							0.0
344	GATCCAGCGCACAGAGCAGGGGGACTCGGCCATGTATCTCTGTGCCAGCAGCTTTTATGACGGCACCGGGGAGCTGTTTTTGGAGAA		1	0.03005711	41	TCRBV07-09	TCRBV07	TCRBV07-09				01,03	TCRBD02-01	TCRBD02	TCRBD02-01				01,02	TCRBJ02-02*01	TCRBJ02	TCRBJ02-02	1.0				3	12	8	3	5	18	40	54	66	71	76	1	Out	VDJ							0.0
345	AGGCTGGAGTCGGCTGCTCCCTCCCAGACATCTGTGTACTTCTGTGCCAGCAGATCGACAGGGGCCGGGGAGCTGTTTTTTGGAGAA	CASRSTGAGELFF	1	0.03005711	39	TCRBV06-01*01	TCRBV06	TCRBV06-01	1.0				TCRBD01-01*01	TCRBD01	TCRBD01-01	1.0				TCRBJ02-02*01	TCRBJ02	TCRBJ02-02	1.0				6	3	2	2	0	6	42	53	56	-1	64	1	In	VDJ							0.0
346	CAGCGCACAGAGCAGGGGGACTCGGCCATGTATCTCTGTGCCAGCAGTCCGGGGGGAATCGGCACAGATACGCAGTATTTTGGCCCA	CASSPGGIGTDTQYF	1	0.03005711	45	TCRBV07-09	TCRBV07	TCRBV07-09				01,03	TCRBD02-01*01	TCRBD02	TCRBD02-01	1.0				TCRBJ02-03*01	TCRBJ02	TCRBJ02-03	1.0				6	2	8	1	5	1	36	47	49	56	61	1	In	VDJ							0.0
347	ACAGAGCGGGGGGACTCAGCCGTGTATCTCTGTGCCAGCAGCTTAACGAGGACTAGCGGGGGGGCGGATACGCAGTATTTTGGCCCA	CASSLTRTSGGADTQYF	1	0.03005711	51	TCRBV07-03*01	TCRBV07	TCRBV07-03	1.0				TCRBD02-01*01	TCRBD02	TCRBD02-01	1.0				TCRBJ02-03*01	TCRBJ02	TCRBJ02-03	1.0				0	2	1	0	2	6	30	47	49	64	66	1	In	VDJ							0.0
348	ATCCAGCCCTCAGAACCCAGGGACTCAGCTGTGTACTTCTGTGCCAGCAGTGGGCACAGGGGAGCAGAGACCCAGTACTTCGGGCCA	CASSGHRGAETQYF	1	0.03005711	42	TCRBV12	TCRBV12	unresolved			TCRBV12-03,TCRBV12-04		TCRBD01-01*01	TCRBD01	TCRBD01-01	1.0				TCRBJ02-05*01	TCRBJ02	TCRBJ02-05	1.0				5	4	3	2	3	4	39	51	55	62	65	1	In	VDJ							0.0
349	AGGCTGGAGTCGGCTGCTCCCTCCCAGACATCTGTGTACTTCTGTGCCAGCATATATTTGGGGTCAGAGACCCAGTACTTCGGGCCA	CASIYLGSETQYF	1	0.03005711	39	TCRBV06-01*01	TCRBV06	TCRBV06-01	1.0				unresolved		unresolved		TCRBD01,TCRBD02	TCRBD01-01,TCRBD02-01		TCRBJ02-05*01	TCRBJ02	TCRBJ02-05	1.0				7	7	6	2	2	4	42	52	59	63	65	1	In	VDJ							0.0
350	ATCCGGTCCACAAAGCTGGAGGACTCAGCCATGTACTTCTGTGCCAGCAGACCAGTAGGGGAAGTGGAGACCCAGTACTTCGGGCCA	CASRPVGEVETQYF	1	0.03005711	42	TCRBV02-01*01	TCRBV02	TCRBV02-01	1.0				TCRBD01-01*01	TCRBD01	TCRBD01-01	1.0				TCRBJ02-05*01	TCRBJ02	TCRBJ02-05	1.0				6	6	5	2	5	5	39	50	56	61	66	1	In	VDJ							0.0
351	GCCTTGGAGCTGGACGACTCGGCCCTGTATCTCTGTGCCAGCAGCTCGAATAGCGGGGGCAACTACAATGAGCAGTTCTTCGGGCCA	CASSSNSGGNYNEQFF	1	0.03005711	48	TCRBV05-04*01	TCRBV05	TCRBV05-04	1.0				TCRBD02-01*01	TCRBD02	TCRBD02-01	1.0				TCRBJ02-01*01	TCRBJ02	TCRBJ02-01	1.0				3	4	5	2	3	3	33	46	50	59	62	1	In	VDJ							0.0
352	CTGCAGCCAGAAGACTCAGCCCTGTATCTCTGCGCCAGCAGCCAAGAGCAAGGCGGGAGCTCCTACAATGAGCAGTTCTTCGGGCCA	CASSQEQGGSSYNEQFF	1	0.03005711	51	TCRBV04-01*01	TCRBV04	TCRBV04-01	1.0				TCRBD02-01*02	TCRBD02	TCRBD02-01	2.0				TCRBJ02-01*01	TCRBJ02	TCRBJ02-01	1.0				0	5	7	2	0	0	30	47	52	-1	59	1	In	VDJ							0.0
353	ACATCGGCCCAAAAGAACCCGACAGCTTTCTATCTCTGTGCCAGTAGTGCTAGCGGGGTGGGCTACAATGAGCAGTTCTTCGGGCCA	CASSASGVGYNEQFF	1	0.03005711	45	TCRBV19-01	TCRBV19	TCRBV19-01				01,02	TCRBD02-01*01	TCRBD02	TCRBD02-01	1.0				TCRBJ02-01*01	TCRBJ02	TCRBJ02-01	1.0				5	1	4	3	4	3	36	48	49	58	62	1	In	VDJ							0.0
354	AATGTGAACGCCTTGGAGCTGGACGACTCGGCCCTGTATCTCTGTGCCAGCAGCCCGGACCCCTCCAATGAGCAGTTCTTCGGGCCA	CASSPDPSNEQFF	1	0.03005711	39	TCRBV05-04*01	TCRBV05	TCRBV05-04	1.0				unresolved		unresolved		TCRBD01,TCRBD02	TCRBD01-01,TCRBD02-01		TCRBJ02-01*01	TCRBJ02	TCRBJ02-01	1.0				4	2	1	7	5	6	42	54	56	60	65	1	In	VDJ							0.0
355	CTAAACCTGAGCTCTCTGGAGCTGGGGGACTCAGCTTTGTATTTCTGTGCCAGCAGACAGGGGAATTCACCCCTCCACTTTGGGAAC	CASRQGNSPLHF	1	0.03005711	36	TCRBV09-01	TCRBV09	TCRBV09-01				01,02	TCRBD01-01*01	TCRBD01	TCRBD01-01	1.0				TCRBJ01-06*01	TCRBJ01	TCRBJ01-06	1.0				5	0	3	2	0	7	45	-1	56	-1	63	1	In	VDJ							0.0
356	GGACACAGCACTGTATTTCTGTGCCAGCAGAAGTAATTAGCTTCGACCTACAGGGGAGGGCCCAAAAACATTCAGTACTTCGGCGCC		1	0.03005711	62	TCRBV21-01*01	TCRBV21	TCRBV21-01	1.0				unresolved		unresolved		TCRBD01,TCRBD02	TCRBD01-01,TCRBD02-01		TCRBJ02-04*01	TCRBJ02	TCRBJ02-04	1.0				6	19	3	2	5	2	19	30	49	56	61	1	Out	VDJ							0.0
357	TTGTTGCTGGGGGACTCGGCCCTGTATCTCTGTGCCAGCAGCACGGACAGGGGGCAATGGGTCAAAAACATTCAGTACTTCGGCGCC	CASSTDRGQWVKNIQYF	1	0.03005711	51	TCRBV05-05*01	TCRBV05	TCRBV05-05	1.0				TCRBD01-01*01	TCRBD01	TCRBD01-01	1.0				TCRBJ02-04*01	TCRBJ02	TCRBJ02-04	1.0				4	2	1	0	7	3	30	42	44	55	62	1	In	VDJ							0.0
358	GAAGACTCGGCCCTGTATCTCTGCGCCAGCAGCCAAGATCTCACTAGCGGGGGGGCCGCTGGGGCCAACGTCCTGACTTTCGGGGCC	CASSQDLTSGGAAGANVLTF	1	0.03005711	60	TCRBV04-03*01	TCRBV04	TCRBV04-03	1.0				TCRBD02-01*01	TCRBD02	TCRBD02-01	1.0				TCRBJ02-06*01	TCRBJ02	TCRBJ02-06	1.0				0	4	3	0	3	2	21	38	42	55	58	1	In	VDJ							0.0
359	GTCGGCTGCTCCCTCCCAGACATCTGTGTACTTCTGTGCCAGCAGTTACTCCCAGGGGGGTATGGCTATGGCTACACCTTCGGTTCG		1	0.03005711	47	TCRBV06-05*01	TCRBV06	TCRBV06-05	1.0				TCRBD01-01*01	TCRBD01	TCRBD01-01	1.0				TCRBJ01-02*01	TCRBJ01	TCRBJ01-02	1.0				0	1	4	1	6	4	34	51	52	59	65	1	Out	VDJ							0.0
360	ACCAGTGCCCATCCTGAAGACAGCAGCTTCTACATCTGCAGTGCTAGAAATAGGGCGGATGGCAATCAGCCCCAGCATTTTGGTGAT	CSARNRADGNQPQHF	1	0.03005711	45	TCRBV20	TCRBV20	unresolved			TCRBV20-01,TCRBV20-or09_02		unresolved		unresolved		TCRBD01,TCRBD02	TCRBD01-01,TCRBD02-01		TCRBJ01-05*01	TCRBJ01	TCRBJ01-05	1.0				2	3	5	3	6	2	36	48	51	55	61	1	In	VDJ							0.0
361	AAGATCCAGCCTGCAAAGCTTGAGGACTCGGCCGTGTATCTCTGTGCCAGCAGCTTAAGTGGGAATCAGCCCCAGCATTTTGGTGAT	CASSLSGNQPQHF	1	0.03005711	39	TCRBV11-02*02	TCRBV11	TCRBV11-02	2.0				unresolved		unresolved		TCRBD01,TCRBD02	TCRBD01-01,TCRBD02-01		TCRBJ01-05*01	TCRBJ01	TCRBJ01-05	1.0				2	3	0	9	0	4	42	57	60	-1	63	1	In	VDJ							0.0
362	GTGCCAGGACCGGCAGTTCATCCTGAGTTCTAAGAAGCTCCTTCTCAGTGACTCTGGCTGGACCATCAGCCCCAGCATTTTGGTGAT		1	0.03005711	14	TCRBV30-01*01	TCRBV30	TCRBV30-01	1.0				unresolved		unresolved		TCRBD01,TCRBD02	TCRBD01-01,TCRBD02-01		TCRBJ01-05*01	TCRBJ01	TCRBJ01-05	1.0				22	0	1	7	1	5	67	-1	59	63	64	1	Out	VDJ							0.0
363	TGGAGATCCAGTCCACGGAGTCAGGGGACACAGCACTGTATTTCTGTGCCAGCGACAGGGTCTAATGAAAAACTGTTTTTTGGCAGT		1	0.03005711	37	TCRBV21-01*01	TCRBV21	TCRBV21-01	1.0				TCRBD01-01*01	TCRBD01	TCRBD01-01	1.0				TCRBJ01-04*01	TCRBJ01	TCRBJ01-04	1.0				8	0	2	3	1	3	44	-1	53	60	61	1	Out	VDJ							0.0
364	GAAGCTCCTTCTCAGTGACTCTGGCTTCTATCTCTGTGCCTGGAGTGTAGAGGGGGGTATCTAAGTGAAAAACTGTTTTTTGGCAGT		1	0.03005711	47	TCRBV30-01*01	TCRBV30	TCRBV30-01	1.0				unresolved		unresolved		TCRBD01,TCRBD02	TCRBD01-01,TCRBD02-01		TCRBJ01-04*01	TCRBJ01	TCRBJ01-04	1.0				0	2	5	1	9	7	34	48	50	56	65	1	Out	VDJ							0.0
365	TTGGAGTCGGCTGCTCCCTCCCAAACATCTGTGTACTTCTGTGCCAGCAGTTACGCCCTACCGGACACTGAAGCTTTCTTTGGACAA	CASSYALPDTEAFF	1	0.03005711	42	TCRBV06	TCRBV06	unresolved			TCRBV06-02,TCRBV06-03		TCRBD02-01	TCRBD02	TCRBD02-01				01,02	TCRBJ01-01*01	TCRBJ01	TCRBJ01-01	1.0				2	3	4	9	4	3	39	54	57	60	64	1	In	VDJ							0.0
366	CTGGAGTCGCCCAGCCCCAACCAGACCTCTCTGTACTTCTGTGCCAGCCTCTCTCGCCTTAAGGGAGATACGCAGTATTTTGGCCCA	CASLSRLKGDTQYF	1	0.03005711	42	TCRBV27-01*01	TCRBV27	TCRBV27-01	1.0				unresolved		unresolved		TCRBD01,TCRBD02	TCRBD01-01,TCRBD02-01		TCRBJ02-03*01	TCRBJ02	TCRBJ02-03	1.0				8	13	5	3	0	5	39	48	61	-1	65	1	In	VDJ							0.0
367	ATCCAGTCCACGGAGTCAGGGGACACAGCACTGTATTTCTGTGCCAGCAGCAAAGACTAGCTGATAGATACGCAGTATTTTGGCCCA	CASSKD*LIDTQYF	1	0.03005711	42	TCRBV21-01*01	TCRBV21	TCRBV21-01	1.0				TCRBD02-01	TCRBD02	TCRBD02-01				01,02	TCRBJ02-03*01	TCRBJ02	TCRBJ02-03	1.0				1	0	3	7	4	5	39	-1	55	61	65	1	Stop	VDJ							0.0
368	AACGCCTTGTTGCTGGGGGACTCGGCCCTGTATCTCTGTGCCAGCAGCTTGGCCGGCGGGGTGGCGGATACGCAGTATTTTGGCCCA	CASSLAGGVADTQYF	1	0.03005711	45	TCRBV05-05*01	TCRBV05	TCRBV05-05	1.0				TCRBD02-01*01	TCRBD02	TCRBD02-01	1.0				TCRBJ02-03*01	TCRBJ02	TCRBJ02-03	1.0				0	3	7	3	5	6	36	52	55	61	66	1	In	VDJ							0.0
369	GCGCACAGAGCGGGGGGACTCAGCCGTGTATCTCTGTGCCAGCAGCACATGGACTAGCGGGGGGGGGATACGCAGTATTTTGGCCCA		1	0.03005711	47	TCRBV07-03*01	TCRBV07	TCRBV07-03	1.0				TCRBD02-01*01	TCRBD02	TCRBD02-01	1.0				TCRBJ02-03*01	TCRBJ02	TCRBJ02-03	1.0				5	4	1	0	1	6	34	46	50	65	66	1	Out	VDJ							0.0
370	CTCAAGATCCAGCCTGCAAAGCTTGAGGACTCGGCCGTGTATCTCTGTGCCAGCAGCTTAGCCCGCCGAACCCAGTACTTCGGGCCA	CASSLARRTQYF	1	0.03005711	36	TCRBV11-02*02	TCRBV11	TCRBV11-02	2.0				unresolved		unresolved		TCRBD01,TCRBD02	TCRBD01-01,TCRBD02-01		TCRBJ02-05*01	TCRBJ02	TCRBJ02-05	1.0				1	6	2	8	0	8	45	61	67	-1	69	1	In	VDJ							0.0
371	ACTCTGGAGTCCGCTACCAGCTCCCAGACATCTGTGTACTTCTGTGCCATCAGTGAGGTGTACCAAGAGACCCAGTACTTCGGGCCA	CAISEVYQETQYF	1	0.03005711	39	TCRBV10-03*01	TCRBV10	TCRBV10-03	1.0				unresolved		unresolved					TCRBJ02-05*01	TCRBJ02	TCRBJ02-05	1.0				2	0	0	0	4	0	42	-1	-1	57	61	1	In	VJ							0.0
372	ATCCAGCAGGTAGTGCGAGGAGATTCGGCAGCTTATTTCTGTGCCAGCTCACCACCCGCCAGCCAAGAGACCCAGTACTTCGGGCCA	CASSPPASQETQYF	1	0.03005711	42	TCRBV18-01*01	TCRBV18	TCRBV18-01	1.0				TCRBD01-01*01	TCRBD01	TCRBD01-01	1.0				TCRBJ02-05*01	TCRBJ02	TCRBJ02-05	1.0				0	3	4	5	0	1	39	56	59	-1	62	1	In	VDJ							0.0
373	ACGATCCAGCGCACACAGCAGGAGGACTCGGCCGTGTATCTCTGTGCCAGCAGATTTAGCGGGGAAGAGACCCAGTACTTCGGGCCA	CASRFSGEETQYF	1	0.03005711	39	TCRBV07-02*01	TCRBV07	TCRBV07-02	1.0				TCRBD02-01*01	TCRBD02	TCRBD02-01	1.0				TCRBJ02-05*01	TCRBJ02	TCRBJ02-05	1.0				6	3	5	3	0	3	42	53	56	-1	64	1	In	VDJ							0.0
374	CTTCACATCAATTCCCTGGAGCTTGGTGACTCTGCTGTGTATTTCTGTGCCAGCAGCCCCGGGGCCTACGAGCAGTACTTCGGGCCA	CASSPGAYEQYF	1	0.03005711	36	TCRBV03	TCRBV03	unresolved			TCRBV03-01,TCRBV03-02		unresolved		unresolved		TCRBD01,TCRBD02	TCRBD01-01,TCRBD02-01		TCRBJ02-05*01	TCRBJ02	TCRBJ02-05	1.0				4	2	7	0	7	11	45	58	60	65	72	1	In	VDJ							0.0
375	GTGAGCACCTTGGAGCTGGGGGACTCGGCCCTTTATCTTTGCGCCAGCAGCTTGGACACCCTCTCCTACGAGCAGTACTTCGGGCCA	CASSLDTLSYEQYF	1	0.03005711	42	TCRBV05-01*01	TCRBV05	TCRBV05-01	1.0				unresolved		unresolved		TCRBD01,TCRBD02	TCRBD01-01,TCRBD02-01		TCRBJ02-05*01	TCRBJ02	TCRBJ02-05	1.0				0	0	3	6	14	11	39	-1	55	58	72	1	In	VDJ							0.0
376	GGAGTTGGCTGCTCCCTCCCAGACATCTGTGTACTTCTGTGCCAGCAGCACCGGGGAACCCGCAGCTACGAGCAGTACTTCGGGCCA		1	0.03005711	44	TCRBV06-06	TCRBV06	TCRBV06-06				01,02	TCRBD02-01*01	TCRBD02	TCRBD02-01	1.0				TCRBJ02-05*01	TCRBJ02	TCRBJ02-05	1.0				6	3	8	3	16	11	37	48	51	56	72	1	Out	VDJ							0.0
377	AAGATCCGGTCCACAAAGCTGGAGGACTCAGCCATGTACTTCTGTGCCAGTAGCGGGGGGCCATACAATGAGCAGTTCTTCGGGCCA	CASSGGPYNEQFF	1	0.03005711	39	TCRBV02-01*01	TCRBV02	TCRBV02-01	1.0				TCRBD02-01*01	TCRBD02	TCRBD02-01	1.0				TCRBJ02-01*01	TCRBJ02	TCRBJ02-01	1.0				9	0	5	1	3	4	42	-1	50	60	63	1	In	VDJ							0.0
378	ACCAGTGCCCATCCTGAAGACAACAGCTTCTACATCTGCAGTGCTAGAGTCCGGGGGAGCTCCTACAATGAGCAGTTCTTCGGGCCA	CSARVRGSSYNEQFF	1	0.03005711	45	TCRBV20	TCRBV20	unresolved			TCRBV20-01,TCRBV20-or09_02		TCRBD02-01*01	TCRBD02	TCRBD02-01	1.0				TCRBJ02-01*01	TCRBJ02	TCRBJ02-01	1.0				1	2	8	2	2	0	36	49	51	57	59	1	In	VDJ							0.0
379	CTGGAGCTTGGTGACTCTGCTGTGTATTTCTGTGCCAGCAGCCCGAGTTGGGGGGGGAGCTCCTACAATGAGCAGTTCTTCGGGCCA	CASSPSWGGSSYNEQFF	1	0.03005711	51	TCRBV03	TCRBV03	unresolved			TCRBV03-01,TCRBV03-02		TCRBD02-01*01	TCRBD02	TCRBD02-01	1.0				TCRBJ02-01*01	TCRBJ02	TCRBJ02-01	1.0				4	6	9	0	3	0	30	43	49	56	59	1	In	VDJ							0.0
380	GGGTCGGCTGCTCCCTCCCAAACATCTGTGTACTTCTGTGCCAGCAGGTATCCCGGGACAGGGAATGTCGAGCAGTACTTCGGGCCG	CASRYPGTGNVEQYF	1	0.03005711	45	TCRBV06	TCRBV06	unresolved			TCRBV06-02,TCRBV06-03		TCRBD01-01*01	TCRBD01	TCRBD01-01	1.0				TCRBJ02-07*01	TCRBJ02	TCRBJ02-07	1.0				6	7	0	3	5	6	36	47	54	63	68	1	In	VDJ							0.0
381	GAGCAACATGAGCCCTGAAGACAGCAGCATATATCTCTGCAGCGCCTAAAAACGGACAGGGAGGACTATGGCTACACCTTCGGTTCG		1	0.03005711	44	TCRBV29-01*01	TCRBV29	TCRBV29-01	1.0				TCRBD01-01*01	TCRBD01	TCRBD01-01	1.0				TCRBJ01-02*01	TCRBJ01	TCRBJ01-02	1.0				7	9	1	3	3	3	37	44	53	61	64	1	Out	VDJ							0.0
382	AACGCCTTGTTGCTGGGGGACTCGGCCCTGTATCTCTGTGCCAGCAGCTTGCGGACAGGGCCGAATCAGCCCCAGCATTTTGGTGAT	CASSLRTGPNQPQHF	1	0.03005711	45	TCRBV05-05*01	TCRBV05	TCRBV05-05	1.0				TCRBD01-01*01	TCRBD01	TCRBD01-01	1.0				TCRBJ01-05*01	TCRBJ01	TCRBJ01-05	1.0				1	1	1	3	3	4	36	51	52	60	63	1	In	VDJ							0.0
383	AGTGCCCATCCTGAAGACAGCAGCTTCTACATCTGCAGTGCTAGGGCCGGGACAGGGGGCTCGGGTGAAAAACTGTTTTTTGGCAGT	CSARAGTGGSGEKLFF	1	0.03005711	48	TCRBV20	TCRBV20	unresolved			TCRBV20-01,TCRBV20-or09_02		TCRBD01-01*01	TCRBD01	TCRBD01-01	1.0				TCRBJ01-04*01	TCRBJ01	TCRBJ01-04	1.0				3	4	0	0	5	7	33	44	48	60	65	1	In	VDJ							0.0
384	CACACCCTGCAGCCAGAAGACTCGGCCCTGTATCTCTGTGTCAGCAGCCAATGACAGGGGAAGAACAGGGAAGCTTTCTTTGGACAA	CVSSQ*QGKNREAFF	1	0.03005711	45	TCRBV04-02*01	TCRBV04	TCRBV04-02	1.0				TCRBD01-01*01	TCRBD01	TCRBD01-01	1.0				TCRBJ01-01*01	TCRBJ01	TCRBJ01-01	1.0				2	1	2	2	9	8	36	51	52	60	69	1	Stop	VDJ							0.0
385	CTGAAGATCCAGCGCACAGAGCGGGGGGACTCAGCCGTGTATCTCTGTGCCAGCAGGACCTTAGGAGGGTGGGCTTTCTTTGGACAA	CASRTLGGWAFF	1	0.03005711	36	TCRBV07-03*01	TCRBV07	TCRBV07-03	1.0				TCRBD02-01*02	TCRBD02	TCRBD02-01	2.0				TCRBJ01-01*01	TCRBJ01	TCRBJ01-01	1.0				6	7	10	0	3	11	45	56	63	69	72	1	In	VDJ							0.0
386	CTGGAGCTGGGGGACTCAGCTTTGTATTTCTGTGCCAGCAGCATGCACCGGGACTAACTTAGCACAGATACGCAGTATTTTGGCCCA	CASSMHRD*LSTDTQYF	1	0.03005711	51	TCRBV09-01	TCRBV09	TCRBV09-01				01,02	TCRBD02-01	TCRBD02	TCRBD02-01				01,02	TCRBJ02-03*01	TCRBJ02	TCRBJ02-03	1.0				4	7	0	9	4	0	30	42	49	56	60	1	Stop	VDJ							0.0
387	CTCTCTGTACTTCTGTGCCAGCAGTCCGAGACAGGGTTTCAGGTCCCGTACCCCTACTCCTGCACAGATACGCAGTATTTTGGCCCA		1	0.03005711	68	TCRBV27-01*01	TCRBV27	TCRBV27-01	1.0				TCRBD01-01*01	TCRBD01	TCRBD01-01	1.0				TCRBJ02-03*01	TCRBJ02	TCRBJ02-03	1.0				5	4	2	3	25	1	13	25	29	36	61	1	Out	VDJ							0.0
388	GCCCTCAGAACCCAGGGACTCAGCTGTGTACTTCTGTGCCAGCAGTTTAAGGGGGGGGGCCGCGGAGATACGCAGTATTTTGGCCCA		1	0.03005711	47	TCRBV12	TCRBV12	unresolved			TCRBV12-03,TCRBV12-04		TCRBD02-01*01	TCRBD02	TCRBD02-01	1.0				TCRBJ02-03*01	TCRBJ02	TCRBJ02-03	1.0				2	1	9	0	8	5	34	49	50	57	65	1	Out	VDJ							0.0
389	GCCCATCCTGAAGACAGCAGCTTCTACATCTGCAGTGCTTCCGGACTAGCGGGGGACATATTAAGCGATACGCAGTATTTTGGCCCA	CSASGLAGDILSDTQYF	1	0.03005711	51	TCRBV20	TCRBV20	unresolved			TCRBV20-01,TCRBV20-or09_02		TCRBD02-01*01	TCRBD02	TCRBD02-01	1.0				TCRBJ02-03*01	TCRBJ02	TCRBJ02-03	1.0				5	3	1	2	11	6	30	39	42	55	66	1	In	VDJ							0.0
390	GCCTTGTTGCTGGGGGACTCGGCCCTCTATCTCTGTGCCAGCAGCTTGGAGCTAGCGGGGAGACAAGAGACCCAGTACTTCGGGCCA	CASSLELAGRQETQYF	1	0.03005711	48	TCRBV05-06*01	TCRBV05	TCRBV05-06	1.0				TCRBD02-01*01	TCRBD02	TCRBD02-01	1.0				TCRBJ02-05*01	TCRBJ02	TCRBJ02-05	1.0				0	2	4	3	3	2	33	49	51	60	63	1	In	VDJ							0.0
391	GTACCCTCTCAGACATCTGTGTACTTCTGTGCCAGCAGTGACTTCCTAGTCTCTGGCCAGAACCAAGAGACCCAGTACTTCGGGCCA	CASSDFLVSGQNQETQYF	1	0.03005711	54	TCRBV06-04	TCRBV06	TCRBV06-04				01,02	TCRBD02-01	TCRBD02	TCRBD02-01				01,02	TCRBJ02-05*01	TCRBJ02	TCRBJ02-05	1.0				1	2	4	8	12	0	27	43	45	49	61	1	In	VDJ							0.0
392	TGACATCGGCCCAAAAGAACCCGACAGCTTTCTATCTCTGTGCCAGTTGCAGGCCCGTCCTCCCAAGAGACCCAGTACTTCGGGCCA		1	0.03005711	43	TCRBV19-01	TCRBV19	TCRBV19-01				01,02	TCRBD01-01*01	TCRBD01	TCRBD01-01	1.0				TCRBJ02-05*01	TCRBJ02	TCRBJ02-05	1.0				8	2	4	4	9	1	38	47	49	53	62	1	Out	VDJ							0.0
393	CTCAGGCTGGAGTCGGCTGCTCCCTCCCAGACATCTGTGTACTTCTGTGCCAGCAGTCCCGGCCAAGAGACCCAGTACTTCGGGCCA	CASSPGQETQYF	1	0.03005711	36	TCRBV06-01*01	TCRBV06	TCRBV06-01	1.0				TCRBD02-01	TCRBD02	TCRBD02-01				01,02	TCRBJ02-05*01	TCRBJ02	TCRBJ02-05	1.0				5	2	8	5	0	1	45	57	59	-1	62	1	In	VDJ							0.0
394	AGCCCTCAGAACCCAGGGACTCAGCTGTGTACTTCTGTGCCAGCAGCCGCAGGACAGGGGGCGGGAGAGACCCAGTACTTCGGGCCA		1	0.03005711	46	TCRBV12	TCRBV12	unresolved			TCRBV12-03,TCRBV12-04		TCRBD01-01*01	TCRBD01	TCRBD01-01	1.0				TCRBJ02-05*01	TCRBJ02	TCRBJ02-05	1.0				6	5	1	0	3	4	35	46	51	62	65	1	Out	VDJ							0.0
395	ATGAGCTCCTTGGAGCTGGGGGACTCAGCCCTGTACTTCTGTGCCAGCAGCTTCGGACAGGGGGCGAGAGAGCAGTACTTCGGGCCA	CASSFGQGAREQYF	1	0.03005711	42	TCRBV13-01*01	TCRBV13	TCRBV13-01	1.0				TCRBD01-01*01	TCRBD01	TCRBD01-01	1.0				TCRBJ02-05*01	TCRBJ02	TCRBJ02-05	1.0				3	1	1	0	7	11	39	53	54	65	72	1	In	VDJ							0.0
396	CCAGCGCACAGAGCGGGGGGACTCGGCCATGTATCTCTGTGCCAGCAGCTACGTAGCGGGGGGGCTACAAAGCAGTTCTTCGGGCCA		1	0.03005711	44	TCRBV07-09	TCRBV07	TCRBV07-09				01,03	TCRBD02-01*01	TCRBD02	TCRBD02-01	1.0				TCRBJ02-01*01	TCRBJ02	TCRBJ02-01	1.0				4	3	5	0	6	11	37	50	53	64	70	1	Out	VDJ							0.0
397	ATCCAGCGCACACAGCAGGAGGACTCGGCCGTGTATCTCTGTGCCAGCAGCTTAGGTCCCGGAGACAATGAGCAGTTCTTCGGGCCA	CASSLGPGDNEQFF	1	0.03005711	42	TCRBV07-02*01	TCRBV07	TCRBV07-02	1.0				TCRBD02-01*02	TCRBD02	TCRBD02-01	2.0				TCRBJ02-01*01	TCRBJ02	TCRBJ02-01	1.0				1	5	10	2	0	5	39	55	60	-1	64	1	In	VDJ							0.0
398	CAGCAGGTAGTGCGAGGAGATTCGGCAGCTTATTTCTGTGCCAGCTCACCCCGACTAGCGGGGGACAATGAGCAGTTCTTCGGGCCA	CASSPRLAGDNEQFF	1	0.03005711	45	TCRBV18-01*01	TCRBV18	TCRBV18-01	1.0				TCRBD02-01*01	TCRBD02	TCRBD02-01	1.0				TCRBJ02-01*01	TCRBJ02	TCRBJ02-01	1.0				3	2	2	2	0	5	36	50	52	-1	64	1	In	VDJ							0.0
399	AATGTGAACGCCTTGTTGCTGGGGGACTCGGCCCTGTATCTCTGTGCCAGCAGCTTGGGGCCTGACAATGAGCAGTTCTTCGGGCCA	CASSLGPDNEQFF	1	0.03005711	39	TCRBV05-05*01	TCRBV05	TCRBV05-05	1.0				TCRBD01-01*01	TCRBD01	TCRBD01-01	1.0				TCRBJ02-01*01	TCRBJ02	TCRBJ02-01	1.0				0	0	9	0	3	5	42	-1	58	61	64	1	In	VDJ							0.0
400	TTGTTGCTGGGGGACTCGGCCCTGTATCTCTGTGCCAGCAGCTTGGCTCGTCCCCGGAGCTCCTACAATGAGCAGTTCTTCGGGCCA	CASSLARPRSSYNEQFF	1	0.03005711	51	TCRBV05-05*01	TCRBV05	TCRBV05-05	1.0				TCRBD02-01*02	TCRBD02	TCRBD02-01	2.0				TCRBJ02-01*01	TCRBJ02	TCRBJ02-01	1.0				0	9	10	2	0	0	30	46	55	-1	59	1	In	VDJ							0.0
401	TCTCTGGAGCTGGGGGACTCAGCTTTGTATTTCTGTGCCAGCAGCGGCTACCCGGAGGGGGGGGCGGATGAGCAGTTCTTCGGGCCA	CASSGYPEGGADEQFF	1	0.03005711	48	TCRBV09-01	TCRBV09	TCRBV09-01				01,02	TCRBD02-01*01	TCRBD02	TCRBD02-01	1.0				TCRBJ02-01*01	TCRBJ02	TCRBJ02-01	1.0				3	10	9	0	4	8	33	46	56	63	67	1	In	VDJ							0.0
402	AGATCCAGCCCTCAGAACCCAGGGACTCAGCTGTGTACTTCTGTGCCAGTGCGGGAAAACGGGGGTTCACCCCTCCACTTTGGGAAC		1	0.03005711	40	TCRBV12	TCRBV12	unresolved			TCRBV12-03,TCRBV12-04		TCRBD02-01	TCRBD02	TCRBD02-01				01,02	TCRBJ01-06*01	TCRBJ01	TCRBJ01-06	1.0				9	10	8	2	0	9	41	49	59	-1	65	1	Out	VDJ							0.0
403	GTGACATCGGCCCAAAAGAACCCGACAGCTTTCTATCTCTGTGCCAGTAGTCTCGGGACAGCTCATAAGAGCTACACCTTCGGTTCG	CASSLGTAHKSYTF	1	0.03005711	42	TCRBV19-01	TCRBV19	TCRBV19-01				01,02	TCRBD01-01*01	TCRBD01	TCRBD01-01	1.0				TCRBJ01-02*01	TCRBJ01	TCRBJ01-02	1.0				5	3	0	5	9	9	39	51	54	61	70	1	In	VDJ							0.0
404	AAGATCCGGTCCACAAGGCTGGAGGACTCAGCCATGTACTTCTGTGCCAGCAGTGAATTCAGGGGGCCTGGCTACACCTTCGGTTCG	CASSEFRGPGYTF	1	0.03005711	39	TCRBV02-01*01	TCRBV02	TCRBV02-01	1.0				TCRBD01-01*01	TCRBD01	TCRBD01-01	1.0				TCRBJ01-02*01	TCRBJ01	TCRBJ01-02	1.0				2	2	4	0	1	7	42	57	59	67	68	1	In	VDJ							0.0
405	ACATCGGCCCAAAAGAACCCGACAGCTTTCTATCTCTGTGCCAGTAGTATAGTACAGGGAGGCAATCAGCCCCAGCATTTTGGTGAT	CASSIVQGGNQPQHF	1	0.03005711	45	TCRBV19-01	TCRBV19	TCRBV19-01				01,02	TCRBD01-01*01	TCRBD01	TCRBD01-01	1.0				TCRBJ01-05*01	TCRBJ01	TCRBJ01-05	1.0				1	1	3	3	2	2	36	52	53	59	61	1	In	VDJ							0.0
406	AGCTCTCTGGAGCTGGGGGACTCAGCTTTGTATTTCTGTGCCAGCAGCGTAGCCCCAGGAGAAGGTGAAAAACTGTTTTTTGGCAGT	CASSVAPGEGEKLFF	1	0.03005711	45	TCRBV09-01	TCRBV09	TCRBV09-01				01,02	unresolved		unresolved		TCRBD01,TCRBD02	TCRBD01-01,TCRBD02-01		TCRBJ01-04*01	TCRBJ01	TCRBJ01-04	1.0				0	3	4	4	6	7	36	52	55	59	65	1	In	VDJ							0.0
407	CTGGAGTCCGCTACCAGCTCCCAGACATCTGTGTACTTCTGTGCCATCAGTGTGGGCAGCAGGAACACTGAAGCTTTCTTTGGACAA	CAISVGSRNTEAFF	1	0.03005711	42	TCRBV10-03*01	TCRBV10	TCRBV10-03	1.0				TCRBD01-01*01	TCRBD01	TCRBD01-01	1.0				TCRBJ01-01*01	TCRBJ01	TCRBJ01-01	1.0				4	1	8	0	5	1	39	52	53	57	62	1	In	VDJ							0.0
408	CCTCTCACTGTGACATCGGCCCAAAAGAACCCGACAGCTTTCTATCTCTGTGCCAGTCAAACGGACAGGGGAATGTTTTTTGGAGAA	CASQTDRGMFF	1	0.03005711	33	TCRBV19-01	TCRBV19	TCRBV19-01				01,02	TCRBD01-01*01	TCRBD01	TCRBD01-01	1.0				TCRBJ02-02*01	TCRBJ02	TCRBJ02-02	1.0				8	5	1	2	2	15	48	57	62	71	73	1	In	VDJ							0.0
409	CAGCGCACACAGCAGGAGGACTCGGCCGTGTATCTCTGTGCCAGCAGCTTAGAGAGACTAGCTGGAAATACGCAGTATTTTGGCCCA	CASSLERLAGNTQYF	1	0.03005711	45	TCRBV07-02*01	TCRBV07	TCRBV07-02	1.0				TCRBD02-01	TCRBD02	TCRBD02-01				01,02	TCRBJ02-03*01	TCRBJ02	TCRBJ02-03	1.0				1	3	2	7	5	7	36	52	55	62	67	1	In	VDJ							0.0
410	TGCTGTACCCTCTCAGACATCTGTGTACTTCTGTGCCAGCAGTGACTCGACGGGTGACTAGCGGAAGATACGCAGTATTTTGGCCCA		1	0.03005711	50	TCRBV06-04	TCRBV06	TCRBV06-04				01,02	TCRBD02-01	TCRBD02	TCRBD02-01				01,02	TCRBJ02-03*01	TCRBJ02	TCRBJ02-03	1.0				0	7	2	5	1	5	31	48	55	64	65	1	Out	VDJ							0.0
411	GACATCTGTATATTTCTGCGCCAGCAGTGAGTCTACGGGTTGGACTAGCGGGGGAACCCTAGCACAGATACGCAGTATTTTGGCCCA		1	0.03005711	65	TCRBV10-01	TCRBV10	TCRBV10-01				01,02	TCRBD02-01*01	TCRBD02	TCRBD02-01	1.0				TCRBJ02-03*01	TCRBJ02	TCRBJ02-03	1.0				0	8	1	2	6	0	16	33	41	54	60	1	Out	VDJ							0.0
412	ATTCTGGAGTCCGCCAGCACCAACCAGACATCTATGTACCTCTGTGCCAGCAATAGCGGGGGCACAGATACGCAGTATTTTGGCCCA	CASNSGGTDTQYF	1	0.03005711	39	TCRBV28-01*01	TCRBV28	TCRBV28-01	1.0				TCRBD02-01*01	TCRBD02	TCRBD02-01	1.0				TCRBJ02-03*01	TCRBJ02	TCRBJ02-03	1.0				7	1	5	3	0	1	42	52	53	-1	61	1	In	VDJ							0.0
413	TCCGCTACCAGCTCCCAGACATCTGTGTACTTCTGTGCCATCAGTGAGTCCAGGACAGCGTCCCCAGATACGCAGTATTTTGGCCCA	CAISESRTASPDTQYF	1	0.03005711	48	TCRBV10-03*01	TCRBV10	TCRBV10-03	1.0				TCRBD01-01*01	TCRBD01	TCRBD01-01	1.0				TCRBJ02-03*01	TCRBJ02	TCRBJ02-03	1.0				0	2	1	5	6	4	33	50	52	58	64	1	In	VDJ							0.0
414	GCCTTGTTGCTGGGGGACTCGGCCCTCTATCTCTGTGCCAGCAGCTTGGCCCCGGCGGGGGGGCGAGAGACCCAGTACTTCGGGCCA	CASSLAPAGGRETQYF	1	0.03005711	48	TCRBV05-06*01	TCRBV05	TCRBV05-06	1.0				TCRBD02-01*01	TCRBD02	TCRBD02-01	1.0				TCRBJ02-05*01	TCRBJ02	TCRBJ02-05	1.0				0	5	7	0	2	4	33	49	54	63	65	1	In	VDJ							0.0
415	AGGCTGGAGTTGGCTGCTCCCTCCCAGACATCTGTGTACTTCTGTGCCAGCAGCTTAGCTAGAGCCGGGGCCCAGTACTTCGGGCCA	CASSLARAGAQYF	1	0.03005711	39	TCRBV06-06	TCRBV06	TCRBV06-06				01,02	TCRBD02-01*01	TCRBD02	TCRBD02-01	1.0				TCRBJ02-05*01	TCRBJ02	TCRBJ02-05	1.0				6	12	8	3	0	9	42	53	65	-1	70	1	In	VDJ							0.0
416	TCGGCTGCTCCCTCCCAGACATCTGTGTACTTCTGTGCCAGCAGTTACCGTCCCGGGACAGGGTTTTACGAGCAGTACTTCGGGCCA	CASSYRPGTGFYEQYF	1	0.03005711	48	TCRBV06-05*01	TCRBV06	TCRBV06-05	1.0				TCRBD01-01*01	TCRBD01	TCRBD01-01	1.0				TCRBJ02-05*01	TCRBJ02	TCRBJ02-05	1.0				2	6	0	3	9	11	33	48	54	63	72	1	In	VDJ							0.0
417	AGCTCTCTGGAGCTGGGGGACTCAGCTTTGTATTTCTGTGCCAGCAGCCCGCGACTAGCGGGGGGAAATGAGCAGTTCTTCGGGCCA	CASSPRLAGGNEQFF	1	0.03005711	45	TCRBV09-01	TCRBV09	TCRBV09-01				01,02	TCRBD02-01*01	TCRBD02	TCRBD02-01	1.0				TCRBJ02-01*01	TCRBJ02	TCRBJ02-01	1.0				4	4	2	1	1	7	36	48	52	65	66	1	In	VDJ							0.0
418	CTGACAGTGACCAGTGCCCATCCTGAAGACAGCAGCTTCTACATCTGCACACCGTCACAGGGAAACAATGAGCAGTTCTTCGGGCCA	CTPSQGNNEQFF	1	0.03005711	36	TCRBV20	TCRBV20	unresolved			TCRBV20-01,TCRBV20-or09_02		TCRBD01-01*01	TCRBD01	TCRBD01-01	1.0				TCRBJ02-01*01	TCRBJ02	TCRBJ02-01	1.0				10	7	3	3	2	5	45	49	56	62	64	1	In	VDJ							0.0
419	AACGCCTTGTTGCTGGGGGACTCGGCCCTGTATCTCTGTGCCAGCAGCCCTACTACAGTTACCTACAATGAGCAGTTCTTCGGGCCA	CASSPTTVTYNEQFF	1	0.03005711	45	TCRBV05-05*01	TCRBV05	TCRBV05-05	1.0				unresolved		unresolved		TCRBD01,TCRBD02	TCRBD01-01,TCRBD02-01		TCRBJ02-01*01	TCRBJ02	TCRBJ02-01	1.0				4	6	3	5	3	2	36	48	54	58	61	1	In	VDJ							0.0
420	AACCTGAGCTCTCTGGAGCTGGGGGACTCAGCTTTGTATTTCTGTGCCAGCAGCGTAGGACTGTACAATGAGCAGTTCTTCGGGCCA	CASSVGLYNEQFF	1	0.03005711	39	TCRBV09-01	TCRBV09	TCRBV09-01				01,02	TCRBD02-01	TCRBD02	TCRBD02-01				01,02	TCRBJ02-01*01	TCRBJ02	TCRBJ02-01	1.0				0	0	2	10	1	4	42	-1	58	62	63	1	In	VDJ							0.0
421	GTGACATCGGCCCAAAAGAACCCGACAGCTTTCTATCTCTGTGCCAGTAGTCCACGGACAGGGTCCGATGAGCAGTTCTTCGGGCCA	CASSPRTGSDEQFF	1	0.03005711	42	TCRBV19-01	TCRBV19	TCRBV19-01				01,02	TCRBD01-01*01	TCRBD01	TCRBD01-01	1.0				TCRBJ02-01*01	TCRBJ02	TCRBJ02-01	1.0				5	4	1	3	4	8	39	51	55	63	67	1	In	VDJ							0.0
422	CAGCGCACACAGCAGGAGGACTCCGCCGTGTATCTCTGTGCCAGCAGCCCCCGCGAGGGGGCGCTGATTGGGCAGTTCTTCGGGCCA	CASSPREGALIGQFF	1	0.03005711	45	TCRBV07-08*01	TCRBV07	TCRBV07-08	1.0				TCRBD01-01*01	TCRBD01	TCRBD01-01	1.0				TCRBJ02-01*01	TCRBJ02	TCRBJ02-01	1.0				5	7	5	0	9	12	36	48	55	62	71	1	In	VDJ							0.0
423	CGGTCCACAAAGCTGGAGGACTCAGCCATGTACTTCTGTGCCAGCAAGGCGATAGCGGGGGGGAAAAACATTCAGTACTTCGGCGCC	CASKAIAGGKNIQYF	1	0.03005711	45	TCRBV02-01*01	TCRBV02	TCRBV02-01	1.0				TCRBD02-01*01	TCRBD02	TCRBD02-01	1.0				TCRBJ02-04*01	TCRBJ02	TCRBJ02-04	1.0				7	6	5	0	0	4	36	46	52	-1	63	1	In	VDJ							0.0
424	ACAGAGCAGCGGGACTCGGCCATGTATCGCTGTGCCAGCAGCTTATCCCACCCCTCAGGGGCCCCCGGCATTCAGTACTTCGGCGCC	CASSLSHPSGAPGIQYF	1	0.03005711	51	TCRBV07-06*01	TCRBV07	TCRBV07-06	1.0				TCRBD01-01*01	TCRBD01	TCRBD01-01	1.0				TCRBJ02-04*01	TCRBJ02	TCRBJ02-04	1.0				2	10	4	2	7	9	30	45	55	61	68	1	In	VDJ							0.0
425	CAGCGCACGCAGCAGGAGGACTCCGCCGTGTATCTCTGTGCCAGCAGCTTAGGAACAGGCTCTGGAAACACCATATATTTTGGAGAG	CASSLGTGSGNTIYF	1	0.03005711	45	TCRBV07-08*01	TCRBV07	TCRBV07-08	1.0				TCRBD01-01*01	TCRBD01	TCRBD01-01	1.0				TCRBJ01-03*01	TCRBJ01	TCRBJ01-03	1.0				1	2	3	4	0	0	36	52	54	-1	59	1	In	VDJ							0.0
426	ACAGTGGCCAGTGCCCATCCTGAAGACAGCAGCTTCTACATCTGCAGTGCTAGGTTCCTAGGACCAGAGGGCTACACCTTCGGTTCG	CSARFLGPEGYTF	1	0.03005711	39	TCRBV20	TCRBV20	unresolved			TCRBV20-01,TCRBV20-or09_02		unresolved		unresolved		TCRBD01,TCRBD02	TCRBD01-01,TCRBD02-01		TCRBJ01-02*01	TCRBJ01	TCRBJ01-02	1.0				3	7	1	7	5	8	42	53	60	64	69	1	In	VDJ							0.0
427	GACATCGGCCCAAAAAAACCCGACAGCTTTCTATCTCTGTGCCAGGTTATACAGGGATCTTGCCCCTATGGCTACACCTTCGGTTCG		1	0.03005711	44	TCRBV19-01	TCRBV19	TCRBV19-01				01,02	TCRBD01-01*01	TCRBD01	TCRBD01-01	1.0				TCRBJ01-02*01	TCRBJ01	TCRBJ01-02	1.0				9	5	3	3	9	4	37	45	50	56	65	1	Out	VDJ							0.0
428	GAGCTCTCTGGAGCTGGGGGACTCAGCTTTGTATTTCTGTGCCAGCAGCCCGAGGACAGGGCGAACACTGAAGCTTTCTTTGGACAA		1	0.03005711	44	TCRBV09-01	TCRBV09	TCRBV09-01				01,02	TCRBD01-01*01	TCRBD01	TCRBD01-01	1.0				TCRBJ01-01*01	TCRBJ01	TCRBJ01-01	1.0				4	4	1	3	1	1	37	49	53	61	62	1	Out	VDJ							0.0
429	GTGAGCACCTTGGAGCTGGGGGACTCGGCCCTTTATCTTTGCGCCAGCAGCTTCAAGGGGGAGGGCACTGAAGCTTTCTTTGGACAA	CASSFKGEGTEAFF	1	0.03005711	42	TCRBV05-01*01	TCRBV05	TCRBV05-01	1.0				TCRBD02-01*02	TCRBD02	TCRBD02-01	2.0				TCRBJ01-01*01	TCRBJ01	TCRBJ01-01	1.0				2	5	9	0	0	4	39	53	58	-1	65	1	In	VDJ							0.0
430	GCCTTGTTGCTGGGGGACTCGGCCCTGTATCTCTGTGCCAGCAGCCCTCACGAGGTCGGCGGAGGGGCTGAAGCTTTCTTTGGACAA	CASSPHEVGGGAEAFF	1	0.03005711	48	TCRBV05-05*01	TCRBV05	TCRBV05-05	1.0				TCRBD02-01*02	TCRBD02	TCRBD02-01	2.0				TCRBJ01-01*01	TCRBJ01	TCRBJ01-01	1.0				4	15	10	0	1	6	33	45	60	66	67	1	In	VDJ							0.0
431	AGAACCCAGGGACTCAGCTGTGTACTTCTGTGCCAGCAGTTTGTAACCGGGACAGTGCCTAACACCGGGGAGCTGTTTTTTGGAGAA		1	0.03005711	53	TCRBV12	TCRBV12	unresolved			TCRBV12-03,TCRBV12-04		TCRBD01-01*01	TCRBD01	TCRBD01-01	1.0				TCRBJ02-02*01	TCRBJ02	TCRBJ02-02	1.0				3	6	0	5	5	2	28	42	48	55	60	1	Out	VDJ							0.0
432	TGCCTCCTCCCAGACATCTGTATATTTCTGCGCCAGCAGCCGGGACTAGCGGGGGCCATTAACACCGGGGAGCTGTTTTTTGGAGAA		1	0.03005711	53	TCRBV10-01	TCRBV10	TCRBV10-01				01,02	TCRBD02-01*01	TCRBD02	TCRBD02-01	1.0				TCRBJ02-02*01	TCRBJ02	TCRBJ02-02	1.0				6	2	0	2	5	2	28	39	41	55	60	1	Out	VDJ							0.0
433	CTGATCCTGGAGTCGCCCAGCCCCAACCAGACCTCTCTGTACTTCTGTGCCAGCAGTCCGACCACAGATACGCAGTATTTTGGCCCA	CASSPTTDTQYF	1	0.03005711	36	TCRBV27-01*01	TCRBV27	TCRBV27-01	1.0				unresolved		unresolved		TCRBD01,TCRBD02	TCRBD01-01,TCRBD02-01		TCRBJ02-03*01	TCRBJ02	TCRBJ02-03	1.0				5	2	2	7	0	2	45	57	59	-1	62	1	In	VDJ							0.0
434	CTGGAGTCGGCTGCTCCCTCCCAGACATCTGTGTACTTCTGTGCCAGCACGGGCGGGGGTGCCACAGATACGCAGTATTTTGGCCCA	CASTGGGATDTQYF	1	0.03005711	42	TCRBV06-01*01	TCRBV06	TCRBV06-01	1.0				TCRBD02-01*01	TCRBD02	TCRBD02-01	1.0				TCRBJ02-03*01	TCRBJ02	TCRBJ02-03	1.0				7	3	7	2	3	2	39	49	52	59	62	1	In	VDJ							0.0
435	AGCTCTCTGGAGCTGGGGGACTCAGCTTTGTATTTCTGTGCCAGCAGTAGCGGGGCCCGGAGCACAGATACGCAGTATTTTGGCCCA	CASSSGARSTDTQYF	1	0.03005711	45	TCRBV09-01	TCRBV09	TCRBV09-01				01,02	TCRBD02-01*01	TCRBD02	TCRBD02-01	1.0				TCRBJ02-03*01	TCRBJ02	TCRBJ02-03	1.0				5	0	5	3	5	0	36	-1	47	55	60	1	In	VDJ							0.0
436	ACCCTGCAGCCAGAAGACTCGGCCCTGTATCTCTGCGCCAGCAGCCAATCGGGACAAACTAGCACAGATACGCAGTATTTTGGCCCA	CASSQSGQTSTDTQYF	1	0.03005711	48	TCRBV04-03*01	TCRBV04	TCRBV04-03	1.0				TCRBD01-01*01	TCRBD01	TCRBD01-01	1.0				TCRBJ02-03*01	TCRBJ02	TCRBJ02-03	1.0				2	2	0	6	4	0	33	48	50	56	60	1	In	VDJ							0.0
437	TCTCTGGAGCTGGGGGACTCAGCTTTGTATTTCTGTGCCAGCAGCGTCGACCCGGGATCTAGCACAGATACGCAGTATTTTGGCCCA	CASSVDPGSSTDTQYF	1	0.03005711	48	TCRBV09-01	TCRBV09	TCRBV09-01				01,02	TCRBD02-01*02	TCRBD02	TCRBD02-01	2.0				TCRBJ02-03*01	TCRBJ02	TCRBJ02-03	1.0				2	5	8	3	3	0	33	47	52	57	60	1	In	VDJ							0.0
438	AAGATCCAGCCTGCAGAGCTTGGGGACTCGGCCATGTATCTCTGTGCCAGCAGCTTAATGACAACCGATACGCAGTATTTTGGCCCA	CASSLMTTDTQYF	1	0.03005711	39	TCRBV11-01*01	TCRBV11	TCRBV11-01	1.0				TCRBD01-01*01	TCRBD01	TCRBD01-01	1.0				TCRBJ02-03*01	TCRBJ02	TCRBJ02-03	1.0				2	2	2	6	3	6	42	57	59	63	66	1	In	VDJ							0.0
439	CAGCGCACAGAGCAGGGGGACTCGGCCATGTATCTCTGTGCCAGCAGCCCTTTCGGGACTAGCGGGGAAACCCAGTACTTCGGGCCA	CASSPFGTSGETQYF	1	0.03005711	45	TCRBV07-09	TCRBV07	TCRBV07-09				01,03	TCRBD02-01*01	TCRBD02	TCRBD02-01	1.0				TCRBJ02-05*01	TCRBJ02	TCRBJ02-05	1.0				5	6	0	3	2	8	36	48	54	67	69	1	In	VDJ							0.0
440	GAGATCCAGCGCACAGAGCAGGGGGACTCGGCCATGTATCTCTGTGCCAGCAGCCAAGACAGGGCCCAGACCCAGTACTTCGGGCCA	CASSQDRAQTQYF	1	0.03005711	39	TCRBV07-09	TCRBV07	TCRBV07-09				01,03	TCRBD01-01*01	TCRBD01	TCRBD01-01	1.0				TCRBJ02-05*01	TCRBJ02	TCRBJ02-05	1.0				5	3	2	3	3	6	42	54	57	64	67	1	In	VDJ							0.0
441	CACATCAATTCCCTGGAGCTTGGTGACTCTGCTGTGTATTTCTGTGCCAGCAGCCAAGGGCAGAAAGAGACCCAGTACTTCGGGCCA	CASSQGQKETQYF	1	0.03005711	39	TCRBV03	TCRBV03	unresolved			TCRBV03-01,TCRBV03-02		TCRBD01-01*01	TCRBD01	TCRBD01-01	1.0				TCRBJ02-05*01	TCRBJ02	TCRBJ02-05	1.0				1	2	4	5	1	3	42	58	60	63	64	1	In	VDJ							0.0
442	GCCTTGGAGCTGGACGACTCGGCCCTGTATCTCTGTGCCAGCAGCTTGGGCCAGGCGAACTCCCAAGAGACCCAGTACTTCGGGCCA	CASSLGQANSQETQYF	1	0.03005711	48	TCRBV05-04*01	TCRBV05	TCRBV05-04	1.0				TCRBD01-01*01	TCRBD01	TCRBD01-01	1.0				TCRBJ02-05*01	TCRBJ02	TCRBJ02-05	1.0				0	2	4	4	7	1	33	49	51	55	62	1	In	VDJ							0.0
443	TGAAGATCCAGCGCACAGAGCGGGGGGACTCAGCCGTGTATCTCTGTGCCAACTATAGGGGGGCAAGAGACCCAGTACTTCGGGCCA		1	0.03005711	37	TCRBV07-03*01	TCRBV07	TCRBV07-03	1.0				unresolved		unresolved		TCRBD01,TCRBD02	TCRBD01-01,TCRBD02-01		TCRBJ02-05*01	TCRBJ02	TCRBJ02-05	1.0				10	5	5	1	1	2	44	51	56	62	63	1	Out	VDJ							0.0
444	CTCACTGTGACATCGGCCCAAAAGAACCCGACAGCTTTCTATCTCTGTGCCTCCTGGGGGGGGGAGGAGACCCAGTACTTCGGGCCA	CASWGGEETQYF	1	0.03005711	36	TCRBV19-01	TCRBV19	TCRBV19-01				01,02	TCRBD02-01*01	TCRBD02	TCRBD02-01	1.0				TCRBJ02-05*01	TCRBJ02	TCRBJ02-05	1.0				11	4	9	0	4	5	45	51	55	62	66	1	In	VDJ							0.0
445	GCTTGGGGACTCGGCCGTGTATCTCTGTGCCAGCAGCTTGGAATGAGGGGACAGTCGCTACTCTCCTACGAGCAGTACTTCGGGCCA		1	0.03005711	56	TCRBV11-03*01	TCRBV11	TCRBV11-03	1.0				TCRBD01-01*01	TCRBD01	TCRBD01-01	1.0				TCRBJ02-05*01	TCRBJ02	TCRBJ02-05	1.0				3	8	0	5	18	11	25	39	47	54	72	1	Out	VDJ							0.0
446	CAGCGCACAGAGTAGGGGGACTCGGCCATGTATCTCTGTGCCAGCAGCCTCTCAGCCGGGGATGACAATGAGCAGTTCTTCGGGCCA	CASSLSAGDDNEQFF	1	0.03005711	45	TCRBV07-09	TCRBV07	TCRBV07-09				01,03	TCRBD02-01*01	TCRBD02	TCRBD02-01	1.0				TCRBJ02-01*01	TCRBJ02	TCRBJ02-01	1.0				5	8	8	3	3	5	36	48	56	61	64	1	In	VDJ							0.0
447	GAGCAGGGGGACTCGGCCATGTATCTCTGTGCCAGCAGCTTAGCAAAAGCGGGGGGCGCCACCTACAATGAGCAGTTCTTCGGGCCA	CASSLAKAGGATYNEQFF	1	0.03005711	54	TCRBV07-09	TCRBV07	TCRBV07-09				01,03	TCRBD02-01*01	TCRBD02	TCRBD02-01	1.0				TCRBJ02-01*01	TCRBJ02	TCRBJ02-01	1.0				0	3	6	1	5	2	27	44	47	56	61	1	In	VDJ							0.0
448	TCCTGTCCTCAGAACCGGGAGACACGGCACTGTATCTCTGCGCCAGCAGTCCCCCGAGGGACCTACAATGAGCAGTTCTTCGGGCCA		1	0.03005711	43	TCRBV23-01*01	TCRBV23	TCRBV23-01	1.0				TCRBD02-01*02	TCRBD02	TCRBD02-01	2.0				TCRBJ02-01*01	TCRBJ02	TCRBJ02-01	1.0				4	4	11	0	1	2	38	51	55	60	61	1	Out	VDJ							0.0
449	CATCCTGAAGACAGCAGCTTCTACATCTGCAGTGCTAGGATCGGGACTAGCGGGGGGAGCTCCTACAATGAGCAGTTCTTCGGGCCA	CSARIGTSGGSSYNEQFF	1	0.03005711	54	TCRBV20	TCRBV20	unresolved			TCRBV20-01,TCRBV20-or09_02		TCRBD02-01*01	TCRBD02	TCRBD02-01	1.0				TCRBJ02-01*01	TCRBJ02	TCRBJ02-01	1.0				3	4	0	1	2	0	27	38	42	57	59	1	In	VDJ							0.0
450	CGCACAGAGCGGGGGGACTCAGCCGTGTATCTCTGTGCCAGCAGCTTAGGACTAGCGGGGAAGTACAATGAGCAGTTCTTCGGGCCA	CASSLGLAGKYNEQFF	1	0.03005711	48	TCRBV07-03*01	TCRBV07	TCRBV07-03	1.0				TCRBD02-01*01	TCRBD02	TCRBD02-01	1.0				TCRBJ02-01*01	TCRBJ02	TCRBJ02-01	1.0				2	0	1	3	3	4	33	-1	48	60	63	1	In	VDJ							0.0
451	GTGACATCGGCCCAAAAGAACCCGACAGCTTTCTATCTCTGTGCCAGTAGTACGGGGGGGAGGTACAATGAGCAGTTCTTCGGGCCA	CASSTGGRYNEQFF	1	0.03005711	42	TCRBV19-01	TCRBV19	TCRBV19-01				01,02	TCRBD02-01*01	TCRBD02	TCRBD02-01	1.0				TCRBJ02-01*01	TCRBJ02	TCRBJ02-01	1.0				4	0	8	0	3	4	39	-1	52	60	63	1	In	VDJ							0.0
452	TCGGCCCAAAAGAACCCGACAGCTTTCTATCTCTGTGCCAGTAGTATAGCGAGCGGGGGGGGGTACAATGAGCAGTTCTTCGGGCCA	CASSIASGGGYNEQFF	1	0.03005711	48	TCRBV19-01	TCRBV19	TCRBV19-01				01,02	TCRBD02-01*01	TCRBD02	TCRBD02-01	1.0				TCRBJ02-01*01	TCRBJ02	TCRBJ02-01	1.0				1	2	6	0	2	4	33	49	51	61	63	1	In	VDJ							0.0
453	CAGTGCCCATCCTGAAGACAGCAGCTTCTACATCTGCAGTGCTAGGGAACAGGGGCAGGCTATAATTCACCCCTCCACTTCGGGAAC		1	0.03005711	47	TCRBV20	TCRBV20	unresolved			TCRBV20-01,TCRBV20-or09_02		TCRBD01-01*01	TCRBD01	TCRBD01-01	1.0				TCRBJ01-06*01	TCRBJ01	TCRBJ01-06	1.0				3	3	3	2	26	25	34	45	48	55	81	1	Out	VDJ							0.0
454	CTCAGAACCGGGAGACACGGCACTGTATCTCTGCGCCAGCAGTCAACCCCGGGGACAGGACTTAATTCACCCCTCCACTTTGGGAAC		1	0.03005711	50	TCRBV23-01*01	TCRBV23	TCRBV23-01	1.0				TCRBD01-01*01	TCRBD01	TCRBD01-01	1.0				TCRBJ01-06*01	TCRBJ01	TCRBJ01-06	1.0				2	5	0	4	3	6	31	46	51	59	62	1	Out	VDJ							0.0
455	CTGTACCCTCTCAGACATCTGTGTACTTCTGTGCCAGCAGTGAACCAATAGCGGGGGTGTGGGGCCAACGTCCTGACTTTCGGGGCC		1	0.03005711	52	TCRBV06-04	TCRBV06	TCRBV06-04				01,02	TCRBD02-01*01	TCRBD02	TCRBD02-01	1.0				TCRBJ02-06*01	TCRBJ02	TCRBJ02-06	1.0				3	5	5	2	2	3	29	43	48	57	59	1	Out	VDJ							0.0
456	GTGACATCGGCCCAAAAGAACCCGACAGCTTTCTATCTCTGTGCCAGTAGTGCTACAGGGGGACTCGCAAGGTTATATTTTGGAGAG	CASSATGGLARLYF	1	0.03005711	42	TCRBV19-01	TCRBV19	TCRBV19-01				01,02	TCRBD01-01*01	TCRBD01	TCRBD01-01	1.0				TCRBJ01-03*01	TCRBJ01	TCRBJ01-03	1.0				5	3	3	1	11	14	39	51	54	62	73	1	In	VDJ							0.0
457	GTGACATCGGCCCAAAAGAACCCGACAGCTTTCTATCTCTGTGCCAGTAGTTTGGGACAGGGGAGCTATGGCTACACCTTCGGTTCG	CASSLGQGSYGYTF	1	0.03005711	42	TCRBV19-01	TCRBV19	TCRBV19-01				01,02	TCRBD01-01*01	TCRBD01	TCRBD01-01	1.0				TCRBJ01-02*01	TCRBJ01	TCRBJ01-02	1.0				5	2	0	2	2	4	39	51	53	63	65	1	In	VDJ							0.0
458	GCAGGGGGACTCGGCCATGTATCTCTGTGCCAGCAGCTTAAGGGAACCCGAAGAAGACAGCGGATTGAAAAACTGTTTTTTGGCAGT		1	0.03005711	56	TCRBV07-09	TCRBV07	TCRBV07-09				01,03	unresolved		unresolved		TCRBD01,TCRBD02	TCRBD01-01,TCRBD02-01		TCRBJ01-04*01	TCRBJ01	TCRBJ01-04	1.0				2	15	2	5	5	7	25	40	55	60	65	1	Out	VDJ							0.0
459	GCCCAAAAGAACCCGACAGCTTTCTATCTCTGTGCCAGTAGTGCTTTAGCCGGAGACGGGAAGAACACTGAAGCTTTCTTTGGACAA	CASSALAGDGKNTEAFF	1	0.03005711	51	TCRBV19-01	TCRBV19	TCRBV19-01				01,02	TCRBD02-01*02	TCRBD02	TCRBD02-01	2.0				TCRBJ01-01*01	TCRBJ01	TCRBJ01-01	1.0				5	14	8	3	1	1	30	42	56	61	62	1	In	VDJ							0.0
460	CTGCAGCCAGAAGACTCGGCCCTGTATCTCTGTGCCAGCAGCCAAGATAGAGCGGGGGGCTCGGGCGGGGAGCTGTTTTTTGGAGAA	CASSQDRAGGSGGELFF	1	0.03005711	51	TCRBV04-02*01	TCRBV04	TCRBV04-02	1.0				TCRBD02-01*01	TCRBD02	TCRBD02-01	1.0				TCRBJ02-02*01	TCRBJ02	TCRBJ02-02	1.0				0	3	6	1	6	7	30	47	50	59	65	1	In	VDJ							0.0
461	CTCACTGTGACATCGGCCCAAAAGAACCCGACAGCTTTCTATCTCTGTGCCAGTAGTATAGGCGGAAATACGCAGTATTTTGGCCCA	CASSIGGNTQYF	1	0.03005711	36	TCRBV19-01	TCRBV19	TCRBV19-01				01,02	TCRBD02-01	TCRBD02	TCRBD02-01				01,02	TCRBJ02-03*01	TCRBJ02	TCRBJ02-03	1.0				1	0	7	5	2	7	45	-1	61	65	67	1	In	VDJ							0.0
462	AGCTCTCTGGAGCTGGGGGACTCAGCTTTGTATTTCTGTGCCAGCAGCGGAGACTTATCTAGCACAGATACGCAGTATTTTGGCCCA	CASSGDLSSTDTQYF	1	0.03005711	45	TCRBV09-01	TCRBV09	TCRBV09-01				01,02	TCRBD02-01	TCRBD02	TCRBD02-01				01,02	TCRBJ02-03*01	TCRBJ02	TCRBJ02-03	1.0				3	2	2	10	5	0	36	49	51	55	60	1	In	VDJ							0.0
463	TGGCAATCCTGTCCTCAGAACCGGGAGACACGGCACTGTATCTCTGCGCCAGCAGTCAATCTCAGGGGATCGCAGTATTTTGGCCCA		1	0.03005711	37	TCRBV23-01*01	TCRBV23	TCRBV23-01	1.0				TCRBD01-01*01	TCRBD01	TCRBD01-01	1.0				TCRBJ02-03*01	TCRBJ02	TCRBJ02-03	1.0				0	1	4	2	2	10	44	61	62	68	70	1	Out	VDJ							0.0
464	CTGGGGCTGGGGGACTCAGCTTTGTATTTCTGTGCCAGCAGCGGTCGGGGTGGGGGGGAGTACCAAGAGACCCAGTACTTCGGGCCA	CASSGRGGGEYQETQYF	1	0.03005711	51	TCRBV09-01	TCRBV09	TCRBV09-01				01,02	TCRBD02-01*01	TCRBD02	TCRBD02-01	1.0				TCRBJ02-05*01	TCRBJ02	TCRBJ02-05	1.0				3	8	9	0	3	0	30	43	51	58	61	1	In	VDJ							0.0
465	CAGCCCTCAGAACCCAGGGACTCAGCTGTGTATTTTTGTGCTAGTGGCCCGGGACTAGCGGTCCAAGAGACCCAGTACTTCGGGCCA	CASGPGLAVQETQYF	1	0.03005711	45	TCRBV12-05*01	TCRBV12	TCRBV12-05	1.0				TCRBD02-01	TCRBD02	TCRBD02-01				01,02	TCRBJ02-05*01	TCRBJ02	TCRBJ02-05	1.0				6	3	0	5	1	1	36	47	50	61	62	1	In	VDJ							0.0
466	CGCACACAGCAGGAGGACTCCGCCGTGTATCTCTGTGCCAGCAGCGCTCGGCTCCGGGGGCTAGGAGAGACCCAGTACTTCGGGCCA	CASSARLRGLGETQYF	1	0.03005711	48	TCRBV07-08*01	TCRBV07	TCRBV07-08	1.0				unresolved		unresolved		TCRBD01,TCRBD02	TCRBD01-01,TCRBD02-01		TCRBJ02-05*01	TCRBJ02	TCRBJ02-05	1.0				5	10	6	0	4	4	33	45	55	61	65	1	In	VDJ							0.0
467	AAAAGAACCCGACAGCTTTCTATCTCTGTGCCAGTATGCCCTACCGGCACCGGGGGGGCGGGATACAATGAGCAGTTCTTCGGGCCA		1	0.03005711	55	TCRBV19-01	TCRBV19	TCRBV19-01				01,02	TCRBD02-01*01	TCRBD02	TCRBD02-01	1.0				TCRBJ02-01*01	TCRBJ02	TCRBJ02-01	1.0				7	14	8	0	5	4	26	36	50	58	63	1	Out	VDJ							0.0
468	GCTCTCTGGAGCTGGGGGACTCAGCTTTGTATTTCTGTGCCAGCAGCGGATTAGCGGGATCCCTACAATGAGCAGTTCTTCGGGCCA		1	0.03005711	46	TCRBV09-01	TCRBV09	TCRBV09-01				01,02	TCRBD02-01*02	TCRBD02	TCRBD02-01	2.0				TCRBJ02-01*01	TCRBJ02	TCRBJ02-01	1.0				3	3	5	3	2	2	35	48	51	59	61	1	Out	VDJ							0.0
469	CCCAGCCCCAACCAGACCTCTCTGTACTTCTGTGCCAGCAGTTTGTCTGTTTGGGATAGCTCCTACAATGAGCAGTTCTTCGGGCCA	CASSLSVWDSSYNEQFF	1	0.03005711	51	TCRBV27-01*01	TCRBV27	TCRBV27-01	1.0				unresolved		unresolved		TCRBD01,TCRBD02	TCRBD01-01,TCRBD02-01		TCRBJ02-01*01	TCRBJ02	TCRBJ02-01	1.0				3	8	0	8	3	0	30	44	52	56	59	1	In	VDJ							0.0
470	AATTCCCTGGAGCTTGGTGACTCTGCTGTGTATTTCTGTGCCAGCAGCTCAGGGGGCGTCAGGTACAATGAGCAGTTCTTCGGGCCA	CASSSGGVRYNEQFF	1	0.03005711	45	TCRBV03	TCRBV03	unresolved			TCRBV03-01,TCRBV03-02		TCRBD01-01*01	TCRBD01	TCRBD01-01	1.0				TCRBJ02-01*01	TCRBJ02	TCRBJ02-01	1.0				5	1	4	0	6	4	36	48	49	57	63	1	In	VDJ							0.0
471	ACATCGGCCCAAAAGAACCCGACAGCTTTCTATCTCTGTGCCAGTAGAACCGGGACTAGCTACGCCAATGAGCAGTTCTTCGGGCCA	CASRTGTSYANEQFF	1	0.03005711	45	TCRBV19-01	TCRBV19	TCRBV19-01				01,02	TCRBD02-01	TCRBD02	TCRBD02-01				01,02	TCRBJ02-01*01	TCRBJ02	TCRBJ02-01	1.0				6	4	0	7	5	6	36	47	51	60	65	1	In	VDJ							0.0
472	TCGGCTGCTCCCTCCCAGACATCTGTGTACTTCTGTGCCAGCAAGGCGGGGGCGACCCGGGGCGGCAATGAGCAGTTCTTCGGGCCA	CASKAGATRGGNEQFF	1	0.03005711	48	TCRBV06	TCRBV06	unresolved			TCRBV06-01,TCRBV06-05		TCRBD02-01*01	TCRBD02	TCRBD02-01	1.0				TCRBJ02-01*01	TCRBJ02	TCRBJ02-01	1.0				7	2	7	2	13	6	33	43	45	52	65	1	In	VDJ							0.0
473	GCCTTGGAGCTGGACGACTCGGCCCTGTATCTCTGTGCCAGCAGCCTGCTCCGGGCCCTAGCCAAAAACATTCAGTACTTCGGCGCC	CASSLLRALAKNIQYF	1	0.03005711	48	TCRBV05-04*01	TCRBV05	TCRBV05-04	1.0				unresolved		unresolved		TCRBD01,TCRBD02	TCRBD01-01,TCRBD02-01		TCRBJ02-04*01	TCRBJ02	TCRBJ02-04	1.0				4	7	8	0	3	0	33	45	52	56	59	1	In	VDJ							0.0
474	TCGCCCAGCCCCAACCAGACCTCTCTGTACTTCTGTGCCAGTTCCATAGGTGGGGCGGGGGACCAAAACATTCAGTACTTCGGCGCC	CASSIGGAGDQNIQYF	1	0.03005711	48	TCRBV27-01*01	TCRBV27	TCRBV27-01	1.0				TCRBD02-01*01	TCRBD02	TCRBD02-01	1.0				TCRBJ02-04*01	TCRBJ02	TCRBJ02-04	1.0				9	13	7	2	3	5	33	41	54	61	64	1	In	VDJ							0.0
475	AAGATCCAGCCTGCAAAGCTTGAGGACTCGGCCGTGTATCTCTGTGCCAGCAGCTTAGGACAGGGAAACATTCAGTACTTCGGCGCC	CASSLGQGNIQYF	1	0.03005711	39	TCRBV11-02*02	TCRBV11	TCRBV11-02	2.0				TCRBD01-01*01	TCRBD01	TCRBD01-01	1.0				TCRBJ02-04*01	TCRBJ02	TCRBJ02-04	1.0				1	0	2	3	0	6	42	-1	58	-1	65	1	In	VDJ							0.0
476	TCCCTGGAGCTTGGTGACTCTGCTGTGTATTTCTGTGCCAGCAGCCAAGAGGGCCCCCAAGCCAGAAACACCATATATTTTGGAGAG	CASSQEGPQARNTIYF	1	0.03005711	48	TCRBV03	TCRBV03	unresolved			TCRBV03-01,TCRBV03-02		TCRBD01-01*01	TCRBD01	TCRBD01-01	1.0				TCRBJ01-03*01	TCRBJ01	TCRBJ01-03	1.0				0	0	8	0	10	5	33	-1	50	54	64	1	In	VDJ							0.0
477	AACGCCTTGTTGCTGGGGGACTCGGCCCTGTATCTCTGTGCCAGCGCCGGCAGCGGGGGGGCCATCAACGAGCAGTACTTCGGGCCG	CASAGSGGAINEQYF	1	0.03005711	45	TCRBV05-05*01	TCRBV05	TCRBV05-05	1.0				TCRBD02-01*01	TCRBD02	TCRBD02-01	1.0				TCRBJ02-07*01	TCRBJ02	TCRBJ02-07	1.0				7	6	6	0	6	5	36	45	51	61	67	1	In	VDJ							0.0
478	AGCCTGCAGAGCTTGGGGACTCGGCCGTGTATCTCTGTGCCAGCAGCTTAGGGTACTGGGGCCAATCAGCCCCAGCATTTTGGTGAT		1	0.03005711	46	TCRBV11-03*01	TCRBV11	TCRBV11-03	1.0				TCRBD01-01*01	TCRBD01	TCRBD01-01	1.0				TCRBJ01-05*01	TCRBJ01	TCRBJ01-05	1.0				1	6	7	0	0	3	35	51	57	-1	62	1	Out	VDJ							0.0
479	ACCAGTGCCCATCCTGAAGACAGCAGCTTCTACATCTGCAGTGCTAGAGTTGGGACGGCCCGGAACACTGAAGCTTTCTTTGGACAA	CSARVGTARNTEAFF	1	0.03005711	45	TCRBV20	TCRBV20	unresolved			TCRBV20-01,TCRBV20-or09_02		unresolved		unresolved		TCRBD01,TCRBD02	TCRBD01-01,TCRBD02-01		TCRBJ01-01*01	TCRBJ01	TCRBJ01-01	1.0				1	2	0	7	6	1	36	49	51	56	62	1	In	VDJ							0.0
480	CGCACAGAGCGGGGGGACTCAGCCGTGTATCTCTGTGCCAGCAGCTTAGGCTGGACAGGTCGGAACACTGAAGCTTTCTTTGGACAA	CASSLGWTGRNTEAFF	1	0.03005711	48	TCRBV07-03*01	TCRBV07	TCRBV07-03	1.0				TCRBD01-01*01	TCRBD01	TCRBD01-01	1.0				TCRBJ01-01*01	TCRBJ01	TCRBJ01-01	1.0				2	4	1	4	3	1	33	48	52	59	62	1	In	VDJ							0.0
481	CCTAGAGTCTGCCATCCCCAACCAGACAGTTCTTTACTTCTGTGCCACCCACCAACCGACGGCGGCACTGAAGCTTTCTTTGGACAA		1	0.03005711	41	TCRBV24	TCRBV24	unresolved			TCRBV24-01,TCRBV24-or09_02		TCRBD02-01	TCRBD02	TCRBD02-01				01,02	TCRBJ01-01*01	TCRBJ01	TCRBJ01-01	1.0				9	12	7	5	0	4	40	49	61	-1	65	1	Out	VDJ							0.0
482	CAGCGCACAGAGCAGCGGGACTCGGCCATGTATCGCTGTGCCAGCAGCTCGGGACAGACGAACACCGGGGAGCTGTTTTTTGGAGAA	CASSSGQTNTGELFF	1	0.03005711	45	TCRBV07-06*01	TCRBV07	TCRBV07-06	1.0				TCRBD01-01*01	TCRBD01	TCRBD01-01	1.0				TCRBJ02-02*01	TCRBJ02	TCRBJ02-02	1.0				4	1	0	5	1	0	36	49	50	57	58	1	In	VDJ							0.0
483	CAGCGCACACAGCAGGAGGACTCCGCCGTGTATCTCTGTGCCAGCATCCCCGGGACAGGGCCTTTCGGGGAGCTGTTTTTTGGAGAA	CASIPGTGPFGELFF	1	0.03005711	45	TCRBV07-08*01	TCRBV07	TCRBV07-08	1.0				TCRBD01-01*01	TCRBD01	TCRBD01-01	1.0				TCRBJ02-02*01	TCRBJ02	TCRBJ02-02	1.0				7	5	0	3	5	7	36	46	51	60	65	1	In	VDJ							0.0
484	CTCAGAACCGGGAGACACGGCACTGTATCTCTGCGCCAGCAGTCCCGACCTCCCCCATGAGACACAGATACGCAGTATTTTGGCCCA		1	0.03005711	50	TCRBV23-01*01	TCRBV23	TCRBV23-01	1.0				unresolved		unresolved		TCRBD01,TCRBD02	TCRBD01-01,TCRBD02-01		TCRBJ02-03*01	TCRBJ02	TCRBJ02-03	1.0				4	2	2	7	13	2	31	44	46	49	62	1	Out	VDJ							0.0
485	AGCACCTTGGAGCTGGGGGACTCGGCCCTTTATCTTTGCGCCAGCAGCGTAGCTAGCGGGGGCACAGATACGCAGTATTTTGGCCCA	CASSVASGGTDTQYF	1	0.03005711	45	TCRBV05-01*01	TCRBV05	TCRBV05-01	1.0				TCRBD02-01*01	TCRBD02	TCRBD02-01	1.0				TCRBJ02-03*01	TCRBJ02	TCRBJ02-03	1.0				4	4	4	3	0	1	36	48	52	-1	61	1	In	VDJ							0.0
486	TTGGAGCTGGGGGACTCGGCCCTTTATCTTTGCGCCAGCAGCTTGGTGGCTAGCGGGGGGGGCGCAGATACGCAGTATTTTGGCCCA	CASSLVASGGGADTQYF	1	0.03005711	51	TCRBV05-01*01	TCRBV05	TCRBV05-01	1.0				TCRBD02-01*01	TCRBD02	TCRBD02-01	1.0				TCRBJ02-03*01	TCRBJ02	TCRBJ02-03	1.0				0	3	4	0	3	4	30	46	49	61	64	1	In	VDJ							0.0
487	ATCCAGCCTGCAAAGCTTGAGGACTCGGCCGTGTATCTCTGTGCCAGCAGCTCGGGACTAGCGGCAGATACGCAGTATTTTGGCCCA	CASSSGLAADTQYF	1	0.03005711	42	TCRBV11-02*02	TCRBV11	TCRBV11-02	2.0				TCRBD02-01	TCRBD02	TCRBD02-01				01,02	TCRBJ02-03*01	TCRBJ02	TCRBJ02-03	1.0				4	1	0	5	0	4	39	52	53	-1	64	1	In	VDJ							0.0
488	CTGGAGCTTGGTGACTCTGCTGTGTATTTCTGTGCCAGCAGCCCAGTTCGGACTTCTCCCGTAATGGATACGCAGTATTTTGGCCCA	CASSPVRTSPVMDTQYF	1	0.03005711	51	TCRBV03	TCRBV03	unresolved			TCRBV03-01,TCRBV03-02		TCRBD02-01	TCRBD02	TCRBD02-01				01,02	TCRBJ02-03*01	TCRBJ02	TCRBJ02-03	1.0				4	6	1	10	12	6	30	43	49	54	66	1	In	VDJ							0.0
489	CCCCTCACTCTGGAGTCTGCTGCCTCCTCCCAGACATCTGTATATTTCTGCGCCAGCAGTTGACAAGAGACCCAGTACTTCGGGCCA	CASS*QETQYF	1	0.03005711	33	TCRBV10-01	TCRBV10	TCRBV10-01				01,02	unresolved		unresolved		TCRBD01,TCRBD02	TCRBD01-01,TCRBD02-01		TCRBJ02-05*01	TCRBJ02	TCRBJ02-05	1.0				5	1	2	8	0	2	48	60	61	-1	63	1	Stop	VDJ							0.0
490	AATGTGAACGCCTTGGAGCTGGAGGACTCGGCCCTGTATCTCTGTGCCAGCAGGGCCGGGACTAGCGGGGGAGCGTGCTTCGGGCCA	CASRAGTSGGACF	1	0.03005711	39	TCRBV05-08*01	TCRBV05	TCRBV05-08	1.0				TCRBD02-01*01	TCRBD02	TCRBD02-01	1.0				TCRBJ02	TCRBJ02	unresolved			TCRBJ02-01,TCRBJ02-05		5	4	0	2	6	18	42	53	57	71	77	1	In	VDJ							0.0
491	GAGTCGGCTGCTCCCTCCCAAACATCTGTGTACTTCTGTGCCAGCAAATTTAGCGGGGGGGACTACAATGAGCAGTTCTTCGGGCCA	CASKFSGGDYNEQFF	1	0.03005711	45	TCRBV06	TCRBV06	unresolved			TCRBV06-02,TCRBV06-03		TCRBD02-01*01	TCRBD02	TCRBD02-01	1.0				TCRBJ02-01*01	TCRBJ02	TCRBJ02-01	1.0				7	4	5	0	1	3	36	46	50	61	62	1	In	VDJ							0.0
492	CAGCGCACAGAGCGGGGGGACTCAGCCGTGTATCTCTGTGCCAGCAGCTTACAAGCGGGGGGGCAGAATGAGCAGTTCTTCGGGCCA	CASSLQAGGQNEQFF	1	0.03005711	45	TCRBV07-03*01	TCRBV07	TCRBV07-03	1.0				TCRBD02-01*01	TCRBD02	TCRBD02-01	1.0				TCRBJ02-01*01	TCRBJ02	TCRBJ02-01	1.0				2	2	6	0	3	7	36	51	53	63	66	1	In	VDJ							0.0
493	TCCCTCCCAGACATCTGTGTACTTCTGTGCCAGCAGTTCGACCCCGGGACAGGGTTTTCTGGGGCCAACGTCCTGACTTTCGGGGCC		1	0.03005711	56	TCRBV06	TCRBV06	unresolved			TCRBV06-05,TCRBV06-06		TCRBD01-01*01	TCRBD01	TCRBD01-01	1.0				TCRBJ02-06*01	TCRBJ02	TCRBJ02-06	1.0				4	7	0	3	3	1	25	38	45	54	57	1	Out	VDJ							0.0
494	AGTCCACGGAGTCAGGGGACACAGCACTGTATTTCTGTGCCAGCACCAGGCGGGACAGGGCCTGGAAACACCATATATTTTGGAGAG		1	0.03005711	46	TCRBV21-01*01	TCRBV21	TCRBV21-01	1.0				TCRBD01-01*01	TCRBD01	TCRBD01-01	1.0				TCRBJ01-03*01	TCRBJ01	TCRBJ01-03	1.0				7	6	0	3	1	2	35	45	51	60	61	1	Out	VDJ							0.0
495	AACCGGGAGACACGGCACTGTATCTCTGCGCCAGCAGTCAGGACGGGACAGGGGGCTGGAGGGCCCTATGGCTACACCTTCGGTTCG		1	0.03005711	55	TCRBV23-01*01	TCRBV23	TCRBV23-01	1.0				TCRBD01-01*01	TCRBD01	TCRBD01-01	1.0				TCRBJ01-02*01	TCRBJ01	TCRBJ01-02	1.0				3	4	0	0	9	4	26	40	44	56	65	1	Out	VDJ							0.0
496	TTGTTGCTGGGGGACTCGGCCCTCTATCTCTGTGCCAGCAGCTTGGGACCGCGCCTAATCGCTGGCGAAGGCTACGCCTTCGGTTCG	CASSLGPRLIAGEGYAF	1	0.03005711	51	TCRBV05-06*01	TCRBV05	TCRBV05-06	1.0				unresolved		unresolved		TCRBD01,TCRBD02	TCRBD01-01,TCRBD02-01		TCRBJ01-02*01	TCRBJ01	TCRBJ01-02	1.0				0	0	2	7	27	15	30	-1	46	49	76	1	In	VDJ							0.0
497	CCTCAGAACCGGGAGACACGGCACTGTATCTCTGCGCCAGCAGTCAAACATCCAGGGGGTAGCAATCAGCCCCAGCATTTTGGTGAT		1	0.03005711	49	TCRBV23-01*01	TCRBV23	TCRBV23-01	1.0				TCRBD01-01*01	TCRBD01	TCRBD01-01	1.0				TCRBJ01-05*01	TCRBJ01	TCRBJ01-05	1.0				2	5	4	1	0	0	32	47	52	-1	59	1	Out	VDJ							0.0
498	GTGAACGCCTTGGAGCTGGACGACTCGGCCCTGTATCTCTGTGCCAGCAGCTTACAGGGGGGAAGTCAGCCCCAGCATTTTGGTGAT	CASSLQGGSQPQHF	1	0.03005711	42	TCRBV05-04*01	TCRBV05	TCRBV05-04	1.0				TCRBD01-01*01	TCRBD01	TCRBD01-01	1.0				TCRBJ01-05*01	TCRBJ01	TCRBJ01-05	1.0				2	0	3	1	4	6	39	-1	53	61	65	1	In	VDJ							0.0
499	TATAGCTCTGAGCTGAATGTGAACGCCTTGGAGCTGGAGGACTCGGCCCTGTATCTCTGTGCCAGCAGCTTGAGGGTCTTTGGACAA	CASSLRVF	1	0.03005711	24	TCRBV05-08*01	TCRBV05	TCRBV05-08	1.0				unresolved		unresolved		TCRBD01,TCRBD02	TCRBD01-01,TCRBD02-01		TCRBJ01-01*01	TCRBJ01	TCRBJ01-01	1.0				1	0	5	3	0	15	57	-1	72	-1	76	1	In	VDJ							0.0
500	GAGTCCGCTACCAGCTCCCAGACATCTGTGTACTTCTGTGCCATCAGTGAACCGGGACTTCCGAACACTGAAGCTTTCTTTGGACAA	CAISEPGLPNTEAFF	1	0.03005711	45	TCRBV10-03*01	TCRBV10	TCRBV10-03	1.0				TCRBD02-01	TCRBD02	TCRBD02-01				01,02	TCRBJ01-01*01	TCRBJ01	TCRBJ01-01	1.0				3	3	0	10	3	1	36	50	53	59	62	1	In	VDJ							0.0
501	GTGACATCGGCCCAAAAGAACCCGACAGCTTTCTATCTCTGTGCCAGTAGTAAAACCACAGCGAACACTGAAGCTTTCTTTGGACAA	CASSKTTANTEAFF	1	0.03005711	42	TCRBV19-01	TCRBV19	TCRBV19-01				01,02	TCRBD01-01*01	TCRBD01	TCRBD01-01	1.0				TCRBJ01-01*01	TCRBJ01	TCRBJ01-01	1.0				4	5	3	5	1	1	39	52	57	61	62	1	In	VDJ							0.0
502	AGCGGGGGGACTCAGCCGTGTATCTCTGTGCCAGCAGCTTATGGCCTCATACGAAACAGGGGCGGCACTGAAGCTTTCTTTGGACAA		1	0.03005711	55	TCRBV07-03*01	TCRBV07	TCRBV07-03	1.0				TCRBD01-01*01	TCRBD01	TCRBD01-01	1.0				TCRBJ01-01*01	TCRBJ01	TCRBJ01-01	1.0				2	14	3	2	3	4	26	41	55	62	65	1	Out	VDJ							0.0
503	GTGACATCGGCCCAAAAGAACCCGACAGCTTTCTATCTCTGTGCCAGTAGTACCGTCGGACAGGGCACTGAAGCTTTCTTTGGACAA	CASSTVGQGTEAFF	1	0.03005711	42	TCRBV19-01	TCRBV19	TCRBV19-01				01,02	TCRBD01-01*01	TCRBD01	TCRBD01-01	1.0				TCRBJ01-01*01	TCRBJ01	TCRBJ01-01	1.0				4	5	1	3	0	4	39	52	57	-1	65	1	In	VDJ							0.0
504	TCGGCTGCTCCCTCCCAGACATCTGTGTACTTCTGTGCCAGCAGTTACTCATTAAGGGGCCCGGAGACTGAAGCTTTCTTTGGACAA	CASSYSLRGPETEAFF	1	0.03005711	48	TCRBV06-05*01	TCRBV06	TCRBV06-05	1.0				TCRBD01-01*01	TCRBD01	TCRBD01-01	1.0				TCRBJ01-01*01	TCRBJ01	TCRBJ01-01	1.0				0	4	5	2	7	5	33	50	54	59	66	1	In	VDJ							0.0
505	TCTGCTGCCTCCTCCCAGACATCTGTATATTTCTGCGCCAGCAGTGAGTCAGGCGGTCCTAGCACAGATACGCAGTATTTTGGCCCA	CASSESGGPSTDTQYF	1	0.03005711	48	TCRBV10-01	TCRBV10	TCRBV10-01				01,02	TCRBD02-01	TCRBD02	TCRBD02-01				01,02	TCRBJ02-03*01	TCRBJ02	TCRBJ02-03	1.0				0	2	7	5	4	0	33	50	52	56	60	1	In	VDJ							0.0
506	TGTCCCTAGAGTCTGCCATCCCCAACCAGACAGCTCTTTACTTCTGTGCCACCGCTCCTGTGGAATGATACGCAGTATTTTGGCCCA		1	0.03005711	37	TCRBV24	TCRBV24	unresolved			TCRBV24-01,TCRBV24-or09_02		unresolved		unresolved		TCRBD01,TCRBD02	TCRBD01-01,TCRBD02-01		TCRBJ02-03*01	TCRBJ02	TCRBJ02-03	1.0				9	8	1	8	2	6	44	53	61	64	66	1	Out	VDJ							0.0
507	GTGAACGCCTTGGAGCTGGACGACTCGGCCCTGTATCTCTGTGCCAGCAGCTTGATCGGGGACCAAGAGACCCAGTACTTCGGGCCA	CASSLIGDQETQYF	1	0.03005711	42	TCRBV05-04*01	TCRBV05	TCRBV05-04	1.0				TCRBD02-01*01	TCRBD02	TCRBD02-01	1.0				TCRBJ02-05*01	TCRBJ02	TCRBJ02-05	1.0				1	2	8	3	0	0	39	54	56	-1	61	1	In	VDJ							0.0
508	GTGACATCGGCCCAAAAGAACCCGACAGCTTTCTATCTCTGTGCCAGTAGTTACCGGGACAGCTACAATGAGCAGTTCTTCGGGCCA	CASSYRDSYNEQFF	1	0.03005711	42	TCRBV19-01	TCRBV19	TCRBV19-01				01,02	TCRBD01-01*01	TCRBD01	TCRBD01-01	1.0				TCRBJ02-01*01	TCRBJ02	TCRBJ02-01	1.0				5	4	0	5	0	3	39	51	55	-1	62	1	In	VDJ							0.0
509	GAGCAGCGGGACTCGGCCATGTATCGCTGTGCCAGCAGCTTATGGCCCGAGGGGCTAGCGGGGGGTTTTGAGCAGTTCTTCGGGCCA	CASSLWPEGLAGGFEQFF	1	0.03005711	54	TCRBV07-06*01	TCRBV07	TCRBV07-06	1.0				TCRBD02-01*01	TCRBD02	TCRBD02-01	1.0				TCRBJ02-01*01	TCRBJ02	TCRBJ02-01	1.0				2	12	4	1	3	9	27	42	54	65	68	1	In	VDJ							0.0
510	CTTGTTGCTGGGGGACTCGGCCCTCTATCTCTGTGCCAGCAGCTTGGTACTAAACAGGGGAAAGGTTCACCCCTCCACTTTGGGAAC		1	0.03005711	50	TCRBV05-06*01	TCRBV05	TCRBV05-06	1.0				TCRBD01-01*01	TCRBD01	TCRBD01-01	1.0				TCRBJ01-06*01	TCRBJ01	TCRBJ01-06	1.0				0	6	3	2	5	9	31	47	53	60	65	1	Out	VDJ							0.0
511	CTGAGTTCTAAGAAGCTCCTTCTCAGCGACTCTGGCTTCTATCTCTGTGCCTGGAGTTATGGGGCCAACGTCCTGACTTTCGGGGCC	CAWSYGANVLTF	1	0.03005711	36	TCRBV30-01*01	TCRBV30	TCRBV30-01	1.0				TCRBD02-01	TCRBD02	TCRBD02-01				01,02	TCRBJ02-06*01	TCRBJ02	TCRBJ02-06	1.0				2	0	5	9	0	3	45	-1	57	-1	59	1	In	VDJ							0.0
512	ACCAGTGCCCATCCTGAAGACAGCAGCTTCTACATCTGCAGTGCTACAAGGGGTGGTTCTGGGGCCAACGTCCTGACTTTCGGGGCC	CSATRGGSGANVLTF	1	0.03005711	45	TCRBV20	TCRBV20	unresolved			TCRBV20-01,TCRBV20-or09_02		TCRBD01-01*01	TCRBD01	TCRBD01-01	1.0				TCRBJ02-06*01	TCRBJ02	TCRBJ02-06	1.0				4	2	5	2	4	1	36	46	48	53	57	1	In	VDJ							0.0
513	CTGTCCTCAGAACCGGGAGACACGGCACTGTATCTCTGCGCCAGCAGTCTGGGGACAAGGGCGAACTATGGCTACACCTTCGGTTCG	CASSLGTRANYGYTF	1	0.03005711	45	TCRBV23-01*01	TCRBV23	TCRBV23-01	1.0				TCRBD01-01*01	TCRBD01	TCRBD01-01	1.0				TCRBJ01-02*01	TCRBJ01	TCRBJ01-02	1.0				4	2	0	6	6	2	36	49	51	57	63	1	In	VDJ							0.0
514	GTGACATCGGCCCAAAAGAACCCGACAGCTTTCTATCTCTGTGCCAGTAGTATAAGAGGCAGAACCTATGGCTACACCTTCGGTTCG	CASSIRGRTYGYTF	1	0.03005711	42	TCRBV19-01	TCRBV19	TCRBV19-01				01,02	TCRBD02-01*02	TCRBD02	TCRBD02-01	2.0				TCRBJ01-02*01	TCRBJ01	TCRBJ01-02	1.0				2	1	11	1	6	4	39	54	55	59	65	1	In	VDJ							0.0
515	CTCACTGTGACATCGGCCCAAAAGAACCCGACAGCTTTCTATCTCTGTGCCAGTAGCAGCCAAGGTCCCACCCAGCATTTTGGTGAT	CASSSQGPTQHF	1	0.03005711	36	TCRBV19-01	TCRBV19	TCRBV19-01				01,02	unresolved		unresolved		TCRBD01,TCRBD02	TCRBD01-01,TCRBD02-01		TCRBJ01-05*01	TCRBJ01	TCRBJ01-05	1.0				6	0	4	5	11	11	45	-1	56	59	70	1	In	VDJ							0.0
516	TTGGAGATCCAGTCCACGGAGTCAGGGGACACAGCACTGTATTTCTGTGCCTGGGGGGCGGACAATGAAAAACTGTTTTTTGGCAGT	CAWGADNEKLFF	1	0.03005711	36	TCRBV21-01*01	TCRBV21	TCRBV21-01	1.0				unresolved		unresolved		TCRBD01,TCRBD02	TCRBD01-01,TCRBD02-01		TCRBJ01-04*01	TCRBJ01	TCRBJ01-04	1.0				11	2	6	0	4	5	45	51	53	59	63	1	In	VDJ							0.0
517	CAGCGCACAGAGCAGGGGGACTCGGCCATGTATCTCTGTGCCAGCAGCCATGGGGCTGTGACTAATGAAAAACTGTTTTTTGGCAGT	CASSHGAVTNEKLFF	1	0.03005711	45	TCRBV07-09	TCRBV07	TCRBV07-09				01,03	TCRBD01-01*01	TCRBD01	TCRBD01-01	1.0				TCRBJ01-04*01	TCRBJ01	TCRBJ01-04	1.0				5	3	7	0	4	2	36	48	51	56	60	1	In	VDJ							0.0
518	GTGAACGCCTTGGAGCTGGACGACTCGGCCCTGTATCTCTGTGCCAGCAGCTTGAGAGACAGTAATGAAAAACTGTTTTTTGGCAGT	CASSLRDSNEKLFF	1	0.03005711	42	TCRBV05-04*01	TCRBV05	TCRBV05-04	1.0				TCRBD01-01*01	TCRBD01	TCRBD01-01	1.0				TCRBJ01-04*01	TCRBJ01	TCRBJ01-04	1.0				1	3	2	5	0	4	39	54	57	-1	62	1	In	VDJ							0.0
519	ATCCAGCGCACAGAGCAGGGGGACTCGGCCATGTATCTCTGTGCCAGCAGCTACGGGACAGGGGAGACTGAAGCTTTCTTTGGACAA	CASSYGTGETEAFF	1	0.03005711	42	TCRBV07-09	TCRBV07	TCRBV07-09				01,03	TCRBD01-01*01	TCRBD01	TCRBD01-01	1.0				TCRBJ01-01*01	TCRBJ01	TCRBJ01-01	1.0				4	2	0	2	2	5	39	52	54	64	66	1	In	VDJ							0.0
520	GGGTTGGAGTCGGCTGCTCCCTCCCAAACATCTGCGTACTTCTGTGCCAGCAGATCGACAGGGGCCGGGGAGCTGTTTTTTGGAGAA	CASRSTGAGELFF	1	0.03005711	39	TCRBV06	TCRBV06	unresolved			TCRBV06-02,TCRBV06-03		TCRBD01-01*01	TCRBD01	TCRBD01-01	1.0				TCRBJ02-02*01	TCRBJ02	TCRBJ02-02	1.0				6	3	2	2	0	6	42	53	56	-1	64	1	In	VDJ							0.0
521	TCCCTGGAGCTTGGTGACTCTGCTGTGTATTTCTGTGCCAGCAGCCAGAATCGGGGGGCATGGGCCGGGGAGCTGTTTTTTGGAGAA	CASSQNRGAWAGELFF	1	0.03005711	48	TCRBV03	TCRBV03	unresolved			TCRBV03-01,TCRBV03-02		TCRBD02-01*01	TCRBD02	TCRBD02-01	1.0				TCRBJ02-02*01	TCRBJ02	TCRBJ02-02	1.0				3	4	8	1	6	6	33	47	51	58	64	1	In	VDJ							0.0
522	TGGCGTCTGCTGTACCCTCTCAGACATCTGTGTACTTCTGTGCCAGCACCCGGGGGGCCAAGCACAGATACGCAGTATTTTGGCCCA		1	0.03005711	43	TCRBV06-04	TCRBV06	TCRBV06-04				01,02	TCRBD02-01*01	TCRBD02	TCRBD02-01	1.0				TCRBJ02-03*01	TCRBJ02	TCRBJ02-03	1.0				7	2	8	1	3	0	38	48	50	57	60	1	Out	VDJ							0.0
523	CTGGAGGACTCAGCCATGTACTTCTGTGCCAGCAGTGCAGGGGAACGCGTCACTAGCGGAGGCACAGATACGCAGTATTTTGGCCCA	CASSAGERVTSGGTDTQYF	1	0.03005711	57	TCRBV02-01*01	TCRBV02	TCRBV02-01	1.0				TCRBD02-01	TCRBD02	TCRBD02-01				01,02	TCRBJ02-03*01	TCRBJ02	TCRBJ02-03	1.0				4	14	3	5	2	1	24	37	51	59	61	1	In	VDJ							0.0
524	GACATCGGCCCAAAAGAACCCGACAGCTTTCTATCTCTGTGCCAGTAGTTCGTCAGGGAAGTCACAGATACGCAGTATTTTGGCCCA		1	0.03005711	44	TCRBV19-01	TCRBV19	TCRBV19-01				01,02	TCRBD01-01*01	TCRBD01	TCRBD01-01	1.0				TCRBJ02-03*01	TCRBJ02	TCRBJ02-03	1.0				5	4	4	3	4	2	37	49	53	58	62	1	Out	VDJ							0.0
525	GGAGTCAGGGGACACAGCACTGTATTTCTGTGCCAGCAGCAAAGAGTTAAAAGCTACTGAGGGACAGATACGCAGTATTTTGGCCCA		1	0.03005711	53	TCRBV21-01*01	TCRBV21	TCRBV21-01	1.0				TCRBD02-01*02	TCRBD02	TCRBD02-01	2.0				TCRBJ02-03*01	TCRBJ02	TCRBJ02-03	1.0				1	14	11	0	0	3	28	44	58	-1	63	1	Out	VDJ							0.0
526	TGACATCGGCCCAAAAGAACCCGACAGCTTTCTATCTCTGTGCCAGCTGCAGGCCCGTCCTCCCAAGAGACCCAGTACTTCGGGCCA		1	0.03005711	43	TCRBV19-01	TCRBV19	TCRBV19-01				01,02	TCRBD01-01*01	TCRBD01	TCRBD01-01	1.0				TCRBJ02-05*01	TCRBJ02	TCRBJ02-05	1.0				9	3	4	4	9	1	38	46	49	53	62	1	Out	VDJ							0.0
527	ATCCAGCGCACAGAGCAGCGGGACTCGGCCATGTATCGCTGTGCCAGCAGCCTAGGACTAGCCGAAGAGACCCAGTACTTCGGGCCA	CASSLGLAEETQYF	1	0.03005711	42	TCRBV07-06*01	TCRBV07	TCRBV07-06	1.0				TCRBD02-01	TCRBD02	TCRBD02-01				01,02	TCRBJ02-05*01	TCRBJ02	TCRBJ02-05	1.0				1	0	2	7	2	3	39	-1	55	62	64	1	In	VDJ							0.0
528	CTCTCTGGAGCTGGGGGACTCAGCTTTGTATTTCTGTGCCAGCAGCCTCCGAGTAGCGGGGGGGAAGAGACCCAGTACTTCGGGCCA		1	0.03005711	47	TCRBV09-01	TCRBV09	TCRBV09-01				01,02	TCRBD02-01*01	TCRBD02	TCRBD02-01	1.0				TCRBJ02-05*01	TCRBJ02	TCRBJ02-05	1.0				4	7	5	0	0	3	34	46	53	-1	64	1	Out	VDJ							0.0
529	GAGTCGGCTGCTCCCTCCCAAACATCTGTGTACTTCTGTGCCAGCAGTTACCCAACCGAGGTTAGGGAGACCCAGTACTTCGGGCCA	CASSYPTEVRETQYF	1	0.03005711	45	TCRBV06	TCRBV06	unresolved			TCRBV06-02,TCRBV06-03		TCRBD02-01*02	TCRBD02	TCRBD02-01	2.0				TCRBJ02-05*01	TCRBJ02	TCRBJ02-05	1.0				2	6	11	1	5	5	36	51	57	61	66	1	In	VDJ							0.0
530	TTGGAGATCCAGCGCACAGAGCAGGGGGACTCGGCCATGTATCTCTGTGCGGGAGTCCCTCTATACAATGAGCAGTTCTTCGGGCCA	CAGVPLYNEQFF	1	0.03005711	36	TCRBV07-09	TCRBV07	TCRBV07-09				01,03	TCRBD02-01*02	TCRBD02	TCRBD02-01	2.0				TCRBJ02-01*01	TCRBJ02	TCRBJ02-01	1.0				12	0	9	2	8	4	45	-1	50	55	63	1	In	VDJ							0.0
531	GGGGGACTCAGCCCTGTACTTCTGTGCCAGCAGCTCCATGGGACAGGGGGCTTCCCTAGCTCCTACAATGAGCAGTTCTTCGGGCCA		1	0.03005711	59	TCRBV13-01*01	TCRBV13	TCRBV13-01	1.0				TCRBD01-01*01	TCRBD01	TCRBD01-01	1.0				TCRBJ02-01*01	TCRBJ02	TCRBJ02-01	1.0				4	4	0	0	8	0	22	35	39	51	59	1	Out	VDJ							0.0
532	GCTGGGGGACTCAGCTTTGTATTTCTGTGCCAGCAGCGTAGTTTGCGGGGGTCCCGGGGCTCCTACAATGAGCAGTTCTTCGGGCCA		1	0.03005711	56	TCRBV09-01	TCRBV09	TCRBV09-01				01,02	TCRBD02-01*01	TCRBD02	TCRBD02-01	1.0				TCRBJ02-01*01	TCRBJ02	TCRBJ02-01	1.0				0	3	7	2	8	0	25	41	44	51	59	1	Out	VDJ							0.0
533	GCCCAAAAGAACCCGACAGCTTTCTATCTCTGTGCCAGCAAGGGACTTATCCCGGTGGGCTCCTACAATGAGCAGTTCTTCGGGCCA	CASKGLIPVGSYNEQFF	1	0.03005711	51	TCRBV19-01	TCRBV19	TCRBV19-01				01,02	TCRBD02-01	TCRBD02	TCRBD02-01				01,02	TCRBJ02-01*01	TCRBJ02	TCRBJ02-01	1.0				9	3	0	10	12	0	30	38	41	47	59	1	In	VDJ							0.0
534	GTGAACGCCTTGGAGCTGGACGACTCGGCCCTGTATCTCTGTGCCAGCAGCTTGGGGCTTTCCTACAATGAGCAGTTCTTCGGGCCA	CASSLGLSYNEQFF	1	0.03005711	42	TCRBV05-04*01	TCRBV05	TCRBV05-04	1.0				TCRBD01-01*01	TCRBD01	TCRBD01-01	1.0				TCRBJ02-01*01	TCRBJ02	TCRBJ02-01	1.0				0	0	9	0	2	1	39	-1	55	58	60	1	In	VDJ							0.0
535	GAGTCGGCTGCTCCCTCCCAAACATCTGTGTACTTCTGTGCCAGCAGTTACTCGGGGGGGGCTTACAATGAGCAGTTCTTCGGGCCA	CASSYSGGAYNEQFF	1	0.03005711	45	TCRBV06	TCRBV06	unresolved			TCRBV06-02,TCRBV06-03		TCRBD02-01*01	TCRBD02	TCRBD02-01	1.0				TCRBJ02-01*01	TCRBJ02	TCRBJ02-01	1.0				0	0	9	0	3	4	36	-1	53	60	63	1	In	VDJ							0.0
536	ATCCAGCGCACAGAGCAGCGGGACTCGGCCATGTATCGCTGTGCCAGCACGGGACTAGCGGGGGCCAATGAGCAGTTCTTCGGGCCA	CASTGLAGANEQFF	1	0.03005711	42	TCRBV07-06*01	TCRBV07	TCRBV07-06	1.0				TCRBD02-01*01	TCRBD02	TCRBD02-01	1.0				TCRBJ02-01*01	TCRBJ02	TCRBJ02-01	1.0				7	1	0	2	1	6	39	49	50	64	65	1	In	VDJ							0.0
537	ATCCAGCGCACACAGCAGGAGGACTCGGCCGTGTATCTCTGTGCCAGCAGCCCTCAGGGAATCTTGGTTGAGCAGTTCTTCGGGCCA	CASSPQGILVEQFF	1	0.03005711	42	TCRBV07-02*01	TCRBV07	TCRBV07-02	1.0				TCRBD01-01*01	TCRBD01	TCRBD01-01	1.0				TCRBJ02-01*01	TCRBJ02	TCRBJ02-01	1.0				5	3	4	3	9	9	39	51	54	59	68	1	In	VDJ							0.0
538	CAGTCCACGGAGTCAGGGGACACAGCACTGTATTTCTGTGCCATCCATACGGGGAGCTCCTATAATTCACCCCTCCACTTTGGGAAC	CAIHTGSSYNSPLHF	1	0.03005711	45	TCRBV21-01*01	TCRBV21	TCRBV21-01	1.0				TCRBD02-01	TCRBD02	TCRBD02-01				01,02	TCRBJ01-06*01	TCRBJ01	TCRBJ01-06	1.0				10	6	8	3	2	0	36	43	49	54	56	1	In	VDJ							0.0
539	GTGAACGCCTTGTTGCTGGGGGACTCGGCCCTGTATCTCTGTGCCAGCAGCCTACAGGGTTCCGATCCGCCCCTCCACTTTGGGAAC	CASSLQGSDPPLHF	1	0.03005711	42	TCRBV05-05*01	TCRBV05	TCRBV05-05	1.0				TCRBD01-01*01	TCRBD01	TCRBD01-01	1.0				TCRBJ01-06*01	TCRBJ01	TCRBJ01-06	1.0				4	2	3	3	10	13	39	51	53	59	69	1	In	VDJ							0.0
540	AACGCCTTGGAGCTGGACGACTCGGCCCTGTATCTCTGTGCCAGCAGCTTGGCCGGCAGGGGGCTAAACACCATATATTTTGGAGAG	CASSLAGRGLNTIYF	1	0.03005711	45	TCRBV05-04*01	TCRBV05	TCRBV05-04	1.0				TCRBD01-01*01	TCRBD01	TCRBD01-01	1.0				TCRBJ01-03*01	TCRBJ01	TCRBJ01-03	1.0				0	4	4	0	1	6	36	52	56	64	65	1	In	VDJ							0.0
541	ATCCAGTCCACGGAGTCAGGGGACACAGCACTGTATTTCTGTGCCAGCAGGCCGGGACAGGGGGCCTACGAGCAGTACTTCGGGCCG	CASRPGQGAYEQYF	1	0.03005711	42	TCRBV21-01*01	TCRBV21	TCRBV21-01	1.0				TCRBD01-01*01	TCRBD01	TCRBD01-01	1.0				TCRBJ02-07*01	TCRBJ02	TCRBJ02-07	1.0				6	3	0	1	0	2	39	50	53	-1	64	1	In	VDJ							0.0
542	CCCAAAAGAACCCGACAGCTTTCTATCTCTGTGCCAGTAGTATACGATGACTAGCGGGGGAAGGGTTGCGAGCAGTACTTCGGGCCG		1	0.03005711	52	TCRBV19-01	TCRBV19	TCRBV19-01				01,02	TCRBD02-01*01	TCRBD02	TCRBD02-01	1.0				TCRBJ02-07*01	TCRBJ02	TCRBJ02-07	1.0				2	4	2	2	8	6	29	44	48	60	68	1	Out	VDJ							0.0
543	TGGAGTCGGCTGCTCCCTCCCAGACATCTGTGTACTTCTGTGCCAGCAGTGAATCGGGGTAGGGTCTATGGCTACACCTTCGGTTCG		1	0.03005711	43	TCRBV06-01*01	TCRBV06	TCRBV06-01	1.0				TCRBD02-01*01	TCRBD02	TCRBD02-01	1.0				TCRBJ01-02*01	TCRBJ01	TCRBJ01-02	1.0				2	1	8	3	6	4	38	53	54	59	65	1	Out	VDJ							0.0
544	GCCTTGTTGCTGGGGGACTCGGCCCTGTATCTCTGTGCCAGCAGCCTAAGTGGGACAGGGGTACAGCAGCCCCAGCATTTTGGTGAT	CASSLSGTGVQQPQHF	1	0.03005711	48	TCRBV05-05*01	TCRBV05	TCRBV05-05	1.0				TCRBD01-01*01	TCRBD01	TCRBD01-01	1.0				TCRBJ01-05*01	TCRBJ01	TCRBJ01-05	1.0				4	6	0	2	5	7	33	45	51	61	66	1	In	VDJ							0.0
545	AGCTTGGTGACTCTGCTGTGTATTTCTGTGCCAGCAGCCAAGATAAGCCTCAGGGGGATTAAGGGTCAGCCCCAGCATTTTGGTGAT		1	0.03005711	55	TCRBV03	TCRBV03	unresolved			TCRBV03-01,TCRBV03-02		TCRBD01-01*01	TCRBD01	TCRBD01-01	1.0				TCRBJ01-05*01	TCRBJ01	TCRBJ01-05	1.0				0	7	4	1	8	6	26	43	50	57	65	1	Out	VDJ							0.0
546	ACGATCCAGCGCACACAGCAGGAGGACTCGGCCGTGTATCTCTGTGCCAGCAGCTTACAGGGGAACACTGAAGCTTTCTTTGGACAA	CASSLQGNTEAFF	1	0.03005711	39	TCRBV07-02*01	TCRBV07	TCRBV07-02	1.0				TCRBD01-01*01	TCRBD01	TCRBD01-01	1.0				TCRBJ01-01*01	TCRBJ01	TCRBJ01-01	1.0				2	0	4	3	0	1	42	-1	57	-1	62	1	In	VDJ							0.0
547	ACAAAGCTGGAGGACTCAGCCATGTACTTCTGTGCCAGCAGTTACACCGGGACAGGGGAGTCGGACACTGAAGCTTTCTTTGGACAA	CASSYTGTGESDTEAFF	1	0.03005711	51	TCRBV02-01*01	TCRBV02	TCRBV02-01	1.0				TCRBD01-01*01	TCRBD01	TCRBD01-01	1.0				TCRBJ01-01*01	TCRBJ01	TCRBJ01-01	1.0				5	6	0	2	6	3	30	42	48	58	64	1	In	VDJ							0.0
548	CTGGAGTCGGCTGCTCCCTCCCAGACATCTGTGTACTTCTGTGCCAGCAGACGGCCAGACGGTCTCACTGAAGCTTTCTTTGGACAA	CASRRPDGLTEAFF	1	0.03005711	42	TCRBV06-01*01	TCRBV06	TCRBV06-01	1.0				unresolved		unresolved		TCRBD01,TCRBD02	TCRBD01-01,TCRBD02-01		TCRBJ01-01*01	TCRBJ01	TCRBJ01-01	1.0				6	7	2	7	5	4	39	50	57	60	65	1	In	VDJ							0.0
549	CAGCGCACACAGCAGGAGGACTCGGCCGTGTATCTCTGTGCCAGCAGCTTGGGGACAGGGAGGTTTACTGAAGCTTTCTTTGGACAA	CASSLGTGRFTEAFF	1	0.03005711	45	TCRBV07-02*01	TCRBV07	TCRBV07-02	1.0				TCRBD01-01*01	TCRBD01	TCRBD01-01	1.0				TCRBJ01-01*01	TCRBJ01	TCRBJ01-01	1.0				3	1	0	3	6	5	36	50	51	60	66	1	In	VDJ							0.0
550	CAAAAGAACCCGACAGCTTTCTATCTCTGTGCCAGTAGGGACCGACTAGCGGGGGCCGCGAACACCGGGGAGCTGTTTTTTGGAGAA	CASRDRLAGAANTGELFF	1	0.03005711	54	TCRBV19-01	TCRBV19	TCRBV19-01				01,02	TCRBD02-01*01	TCRBD02	TCRBD02-01	1.0				TCRBJ02-02*01	TCRBJ02	TCRBJ02-02	1.0				6	5	2	2	3	0	27	38	43	55	58	1	In	VDJ							0.0
551	GTGACATCGGCCCAAAAGAACCCGACAGCTTTCTATCTCTGTGCCAGTCTTATGGGAGGAGGCGCCGGGGAGCTGTTTTTTGGAGAA	CASLMGGGAGELFF	1	0.03005711	42	TCRBV19-01	TCRBV19	TCRBV19-01				01,02	TCRBD02-01*02	TCRBD02	TCRBD02-01	2.0				TCRBJ02-02*01	TCRBJ02	TCRBJ02-02	1.0				8	5	9	1	5	6	39	48	53	59	64	1	In	VDJ							0.0
552	ACGATCCAGCGCACACAGCAGGAGGACTCGGCCGTGTATCTCTGTGCCAGCAGCCCCCCTTCGCTAAATACGCAGTATTTTGGCCCA	CASSPPSLNTQYF	1	0.03005711	39	TCRBV07-02*01	TCRBV07	TCRBV07-02	1.0				TCRBD02-01	TCRBD02	TCRBD02-01				01,02	TCRBJ02-03*01	TCRBJ02	TCRBJ02-03	1.0				5	9	4	9	1	7	42	54	63	66	67	1	In	VDJ							0.0
553	ATCCGCTCACCAGGCCTGGGGGACGCAGCCATGTACCTGTGTGCCACCAGCGGGGGAGCAAGCACAGATACGCAGTATTTTGGCCCA	CATSGGASTDTQYF	1	0.03005711	42	TCRBV15-01*01	TCRBV15	TCRBV15-01	1.0				unresolved		unresolved		TCRBD01,TCRBD02	TCRBD01-01,TCRBD02-01		TCRBJ02-03*01	TCRBJ02	TCRBJ02-03	1.0				5	0	6	1	4	0	39	-1	51	56	60	1	In	VDJ							0.0
554	CAGCGCACAGAGCGGGGGGACTCAGCCGTGTATCTCTGTGCCAGCAGCTTCACAGACCCTAGCACAGATACGCAGTATTTTGGCCCA	CASSFTDPSTDTQYF	1	0.03005711	45	TCRBV07-03*01	TCRBV07	TCRBV07-03	1.0				TCRBD01-01*01	TCRBD01	TCRBD01-01	1.0				TCRBJ02-03*01	TCRBJ02	TCRBJ02-03	1.0				3	1	3	5	5	0	36	50	51	55	60	1	In	VDJ							0.0
555	TCTGCTGTACCCTCTCAGACATCTGTGTACTTCTGTGCCAGCAGTGACGTCCAAGCGGGGGGGCCCGATACGCAGTATTTTGGCCCA	CASSDVQAGGPDTQYF	1	0.03005711	48	TCRBV06-04	TCRBV06	TCRBV06-04				01,02	TCRBD02-01*01	TCRBD02	TCRBD02-01	1.0				TCRBJ02-03*01	TCRBJ02	TCRBJ02-03	1.0				2	5	6	0	3	6	33	48	53	63	66	1	In	VDJ							0.0
556	GTGACATCGGCCCAAAAGAACCCGACAGCTTTCTATCTCTGTGCCAGTAGTCCCTTAGCAGACAAAGAGACCCAGTACTTCGGGCCA	CASSPLADKETQYF	1	0.03005711	42	TCRBV19-01	TCRBV19	TCRBV19-01				01,02	unresolved		unresolved		TCRBD01,TCRBD02	TCRBD01-01,TCRBD02-01		TCRBJ02-05*01	TCRBJ02	TCRBJ02-05	1.0				5	9	2	6	0	3	39	51	60	-1	64	1	In	VDJ							0.0
557	ACCTTGGAGCTGGGGGACTCGGCCCTTTATCTTTGCGCCAGCAGCTTGGAGTCCCAGGGGCCCCAAGAGACCCAGTACTTCGGGCCA	CASSLESQGPQETQYF	1	0.03005711	48	TCRBV05-01*01	TCRBV05	TCRBV05-01	1.0				TCRBD01-01*01	TCRBD01	TCRBD01-01	1.0				TCRBJ02-05*01	TCRBJ02	TCRBJ02-05	1.0				0	5	4	2	2	1	33	49	54	60	62	1	In	VDJ							0.0
558	CCACGGAGTCAGGGGACACAGCACTGTATTTCTGTGCCAGCAGCAGACGAGCCTCGACAGGTCCAAGAGACCCAGTACTTCGGGCCA		1	0.03005711	49	TCRBV21-01*01	TCRBV21	TCRBV21-01	1.0				TCRBD01-01*01	TCRBD01	TCRBD01-01	1.0				TCRBJ02-05*01	TCRBJ02	TCRBJ02-05	1.0				4	10	2	4	1	1	32	45	55	61	62	1	Out	VDJ							0.0
559	GTGACCAGTGCCCATCCTGAAGACAGCAGCTTCTACATCTGCAGTGCTAGAGAGCCGCGACGGGGAGAGACCCAGTACTTCGGGCCA	CSAREPRRGETQYF	1	0.03005711	42	TCRBV20	TCRBV20	unresolved			TCRBV20-01,TCRBV20-or09_02		TCRBD02-01*01	TCRBD02	TCRBD02-01	1.0				TCRBJ02-05*01	TCRBJ02	TCRBJ02-05	1.0				0	7	8	3	0	4	39	53	60	-1	65	1	In	VDJ							0.0
560	GAGCTTGGTGACTCTGCTGTGTATTTCTGTGCCAGCAGCCTCCTCAAATGGGACAGGGGAACGTAGGAGACCCAGTACTTCGGGCCA	CASSLLKWDRGT*ETQYF	1	0.03005711	54	TCRBV03	TCRBV03	unresolved			TCRBV03-01,TCRBV03-02		TCRBD01-01*01	TCRBD01	TCRBD01-01	1.0				TCRBJ02-05*01	TCRBJ02	TCRBJ02-05	1.0				4	9	0	2	7	5	27	40	49	59	66	1	Stop	VDJ							0.0
561	GATCCAGCGCACACAGCAGGAGGACTCGGCCGTGTATCTCTGTGCCAGCAGCTTAGTGGGGAGAACAATGAGCAGTTCTTCGGGCCA		1	0.03005711	41	TCRBV07-02*01	TCRBV07	TCRBV07-02	1.0				TCRBD02-01*02	TCRBD02	TCRBD02-01	2.0				TCRBJ02-01*01	TCRBJ02	TCRBJ02-01	1.0				1	2	9	2	1	5	40	56	58	63	64	1	Out	VDJ							0.0
562	GCAGAACTGGAGGATTCTGGAGTTTATTTCTGTGCCAGCAGCCAACAGACTAGCGGGGCTGGCTACAATGAGCAGTTCTTCGGGCCA	CASSQQTSGAGYNEQFF	1	0.03005711	51	TCRBV14-01*01	TCRBV14	TCRBV14-01	1.0				TCRBD02-01*01	TCRBD02	TCRBD02-01	1.0				TCRBJ02-01*01	TCRBJ02	TCRBJ02-01	1.0				2	2	2	3	4	3	30	45	47	58	62	1	In	VDJ							0.0
563	TGTGAGCACCTTGGAGCTGGGGGACTCGGCCCTTTATCTTTGCGCCAGCAGCCCCAAGGGGCTTGCAATGAGCAGTTCTTCGGGCCA		1	0.03005711	41	TCRBV05-01*01	TCRBV05	TCRBV05-01	1.0				TCRBD01-01*01	TCRBD01	TCRBD01-01	1.0				TCRBJ02-01*01	TCRBJ02	TCRBJ02-01	1.0				4	4	5	2	4	6	40	52	56	61	65	1	Out	VDJ							0.0
564	AACGCCTTGTTGCTGGGGGACTCGGCCCTGTATCTCTGTGCCAGCAGTGTGGAAGGGCGCCTTAATTCACCCCTCCACTTTGGGAAC	CASSVEGRLNSPLHF	1	0.03005711	45	TCRBV05-05*01	TCRBV05	TCRBV05-05	1.0				unresolved		unresolved		TCRBD01,TCRBD02	TCRBD01-01,TCRBD02-01		TCRBJ01-06*01	TCRBJ01	TCRBJ01-06	1.0				5	6	5	3	5	6	36	47	53	57	62	1	In	VDJ							0.0
565	GCCTTGGAGCTGGACGACTCGGCCCTGTATCTCTGTGCCAGCAGCTTGGACCCAGGGGCGGCCAAAAACATTCAGTACTTCGGCGCC	CASSLDPGAAKNIQYF	1	0.03005711	48	TCRBV05-04*01	TCRBV05	TCRBV05-04	1.0				TCRBD01-01*01	TCRBD01	TCRBD01-01	1.0				TCRBJ02-04*01	TCRBJ02	TCRBJ02-04	1.0				0	3	4	2	2	1	33	49	52	58	60	1	In	VDJ							0.0
566	ACCGGGAGACACGGCACTGTATCTCTGCGCCAGCAGCCACCTGGCTGACAGGGAGTAGTCTCTGGAAACACCATATATTTTGGAGAG		1	0.03005711	56	TCRBV23-01*01	TCRBV23	TCRBV23-01	1.0				TCRBD01-01*01	TCRBD01	TCRBD01-01	1.0				TCRBJ01-03*01	TCRBJ01	TCRBJ01-03	1.0				6	10	2	3	6	0	25	36	46	53	59	1	Out	VDJ							0.0
567	GCTGCTCCCTCCCAGACATCTGTGTACTTCTGTGCCAGCAGTTACTCGAAGATCCAGGGTGTTGGAAACACCATATATTTTGGAGAG	CASSYSKIQGVGNTIYF	1	0.03005711	51	TCRBV06	TCRBV06	unresolved			TCRBV06-05,TCRBV06-06		TCRBD01-01*01	TCRBD01	TCRBD01-01	1.0				TCRBJ01-03*01	TCRBJ01	TCRBJ01-03	1.0				0	7	4	3	3	3	30	47	54	59	62	1	In	VDJ							0.0
568	CTGGAGTCTGCTGCCTCCTCCCAGACATCTGTATATTTCTGCGCCAGCAGTGAGGGACAGGGATCCTACGAGCAGTACTTCGGGCCG	CASSEGQGSYEQYF	1	0.03005711	42	TCRBV10-01	TCRBV10	TCRBV10-01				01,02	TCRBD01-01*01	TCRBD01	TCRBD01-01	1.0				TCRBJ02-07*01	TCRBJ02	TCRBJ02-07	1.0				2	0	1	3	1	1	39	-1	54	62	63	1	In	VDJ							0.0
569	AAGAAGCTCCTTCTCAGTGACTCTGGCTTCTATCTCTGTGCCTGGAGAGAGCCGAGAAGAGGTAACTATGGCTACACCTTCGGTTCG	CAWREPRRGNYGYTF	1	0.03005711	45	TCRBV30-01*01	TCRBV30	TCRBV30-01	1.0				TCRBD02-01*02	TCRBD02	TCRBD02-01	2.0				TCRBJ01-02*01	TCRBJ01	TCRBJ01-02	1.0				3	11	11	1	0	1	36	47	58	-1	62	1	In	VDJ							0.0
570	ACATCGGCCCAAAAGAACCCGACAGCTTTCTATCTCTGTGCCAGTACCCTTGGAAGCCAGCATCAAAAAACACTGTTTTTTGGCAGT	CASTLGSQHQKTLFF	1	0.03005711	45	TCRBV19-01	TCRBV19	TCRBV19-01				01,02	unresolved		unresolved		TCRBD01,TCRBD02	TCRBD01-01,TCRBD02-01		TCRBJ01-04*01	TCRBJ01	TCRBJ01-04	1.0				7	5	1	8	17	13	36	46	51	54	71	1	In	VDJ							0.0
571	AGGCTGGAGTTGGCTGCTCCCTCCCAGACATCTGTGTACTTCTGTGCCAGCAGTCGCAGAGGAACGACTGAAGCTTTCTTTGGACAA	CASSRRGTTEAFF	1	0.03005711	39	TCRBV06-06	TCRBV06	TCRBV06-06				01,02	TCRBD02-01*02	TCRBD02	TCRBD02-01	2.0				TCRBJ01-01*01	TCRBJ01	TCRBJ01-01	1.0				5	4	11	1	4	5	42	54	58	62	66	1	In	VDJ							0.0
572	CGCACACAGCAGGAGGACTCGGCCGTGTATCTCTGTGCCAGCAGCTATGGCCCGGTGGGGGGCGAGGCTGAAGCTTTCTTTGGACAA	CASSYGPVGGEAEAFF	1	0.03005711	48	TCRBV07-02*01	TCRBV07	TCRBV07-02	1.0				unresolved		unresolved		TCRBD01,TCRBD02	TCRBD01-01,TCRBD02-01		TCRBJ01-01*01	TCRBJ01	TCRBJ01-01	1.0				4	11	6	0	4	6	33	46	57	63	67	1	In	VDJ							0.0
573	GGCCTGGGGGACGCAGCCATGTACCTGTGTGCCACCAGCAGAGATTATGAGCGGGGGGAACCACCCGGGGAGCTGTTTTTTGGAGAA	CATSRDYERGEPPGELFF	1	0.03005711	54	TCRBV15-01*01	TCRBV15	TCRBV15-01	1.0				TCRBD02-01*01	TCRBD02	TCRBD02-01	1.0				TCRBJ02-02*01	TCRBJ02	TCRBJ02-02	1.0				0	5	6	1	6	6	27	44	49	58	64	1	In	VDJ							0.0
574	ACACAGCAGGAGGACTCGGCCGTGTATCTCTGTGCCAGCAGTCCTGGCGGGGGGGCCTCTATGGGCGGGGAGCTGTTTTTTGGAGAA	CASSPGGGASMGGELFF	1	0.03005711	51	TCRBV07-02*01	TCRBV07	TCRBV07-02	1.0				TCRBD02-01*01	TCRBD02	TCRBD02-01	1.0				TCRBJ02-02*01	TCRBJ02	TCRBJ02-02	1.0				6	5	7	0	10	7	30	41	46	55	65	1	In	VDJ							0.0
575	AGCTCTCTGGAGCTGGGGGACTCAGCTTTGTATTTCTGTGCCAGCAGCGTAGACAGGGGGCTCGTCGGGGAGCTGTTTTTTGGAGAA	CASSVDRGLVGELFF	1	0.03005711	45	TCRBV09-01	TCRBV09	TCRBV09-01				01,02	TCRBD01-01*01	TCRBD01	TCRBD01-01	1.0				TCRBJ02-02*01	TCRBJ02	TCRBJ02-02	1.0				0	0	3	0	4	7	36	-1	52	61	65	1	In	VDJ							0.0
576	TCCTGGAGTCGCCCAGCCCCAACCAGACCTCTCTGTACTTCTGTGCCAGCTGCGGACAGAAGCACAGATACGCAGTATTTTGGCCCA		1	0.03005711	40	TCRBV27-01*01	TCRBV27	TCRBV27-01	1.0				TCRBD01-01*01	TCRBD01	TCRBD01-01	1.0				TCRBJ02-03*01	TCRBJ02	TCRBJ02-03	1.0				8	3	1	5	1	0	41	50	53	59	60	1	Out	VDJ							0.0
577	ACAGTGACCAGTGCCCATCCTGAAGACAGCAGCTTCTACATCTGCAGTGCTCACGACAGCAGCACAGATACGCAGTATTTTGGCCCA	CSAHDSSTDTQYF	1	0.03005711	39	TCRBV20	TCRBV20	unresolved			TCRBV20-01,TCRBV20-or09_02		TCRBD01-01*01	TCRBD01	TCRBD01-01	1.0				TCRBJ02-03*01	TCRBJ02	TCRBJ02-03	1.0				5	3	2	5	1	0	42	51	54	59	60	1	In	VDJ							0.0
578	ATCCAGCCTGCAGAGCTTGGGGACTCGGCCATGTATCTCTGTGCCAGCAGCTCCACGAAGAAAGCAGATACGCAGTATTTTGGCCCA	CASSSTKKADTQYF	1	0.03005711	42	TCRBV11-01*01	TCRBV11	TCRBV11-01	1.0				unresolved		unresolved		TCRBD01,TCRBD02	TCRBD01-01,TCRBD02-01		TCRBJ02-03*01	TCRBJ02	TCRBJ02-03	1.0				4	4	2	8	6	4	39	52	56	58	64	1	In	VDJ							0.0
579	ACTGTGACATCGGCCCAAAAGAACCCGACAGCTTTCTATCTCTGTGCCAGTAGTCCTTTCAGTCAAGAGACCCAGTACTTCGGGCCA	CASSPFSQETQYF	1	0.03005711	39	TCRBV19-01	TCRBV19	TCRBV19-01				01,02	TCRBD01-01*01	TCRBD01	TCRBD01-01	1.0				TCRBJ02-05*01	TCRBJ02	TCRBJ02-05	1.0				5	5	4	5	1	2	42	54	59	62	63	1	In	VDJ							0.0
580	ACAGAGCAGCGGGACTCGGCCATGTATCGCTGTGCCAGCAGCAGCCCAGTGGGGGGTGGGTTTGGAGAGACCCAGTACTTCGGGCCA	CASSSPVGGGFGETQYF	1	0.03005711	51	TCRBV07-06*01	TCRBV07	TCRBV07-06	1.0				TCRBD02-01*01	TCRBD02	TCRBD02-01	1.0				TCRBJ02-05*01	TCRBJ02	TCRBJ02-05	1.0				5	8	9	1	9	4	30	42	50	56	65	1	In	VDJ							0.0
581	ACCTTGGAGCTGGGGGACTCGGCCCTTTATCTTTGCGCCAGCAGCTACCGGACCTCGGGACTAGCGGAGACCCAGTACTTCGGGCCA	CASSYRTSGLAETQYF	1	0.03005711	48	TCRBV05-01*01	TCRBV05	TCRBV05-01	1.0				TCRBD02-01	TCRBD02	TCRBD02-01				01,02	TCRBJ02-05*01	TCRBJ02	TCRBJ02-05	1.0				3	10	0	6	0	5	33	46	56	-1	66	1	In	VDJ							0.0
582	AGGCTGCTGTCGGCTGCTCCCTCCCAGACATCTGTGTACTTCTGTGCCAGCAGGCGGGGGGGCCTTGAGACCCAGTACTTCGGGCCA	CASRRGGLETQYF	1	0.03005711	39	TCRBV06-05*01	TCRBV06	TCRBV06-05	1.0				TCRBD02-01*01	TCRBD02	TCRBD02-01	1.0				TCRBJ02-05*01	TCRBJ02	TCRBJ02-05	1.0				6	0	7	0	4	5	42	-1	53	62	66	1	In	VDJ							0.0
583	CAGGTAGTGCGAGGAGATTCGGCAGCTTATTTCTGTGCCGGCTCACTCGGAGGAGTCCAATCCTACAATGAGCAGTTCTTCGGGCCA	CAGSLGGVQSYNEQFF	1	0.03005711	48	TCRBV18-01*01	TCRBV18	TCRBV18-01	1.0				TCRBD02-01*02	TCRBD02	TCRBD02-01	2.0				TCRBJ02-01*01	TCRBJ02	TCRBJ02-01	1.0				4	2	10	1	7	1	33	46	48	53	60	1	In	VDJ							0.0
584	ACTGTGACATCGGCCCAAAAGAACCCGACAGCTTTCTATCTCTGTGCCAGTAGTTCTTTGGGTTACAATGAGCAGTTCTTCGGGCCA	CASSSLGYNEQFF	1	0.03005711	39	TCRBV19-01	TCRBV19	TCRBV19-01				01,02	unresolved		unresolved		TCRBD01,TCRBD02	TCRBD01-01,TCRBD02-01		TCRBJ02-01*01	TCRBJ02	TCRBJ02-01	1.0				5	5	0	9	1	4	42	54	59	62	63	1	In	VDJ							0.0
585	CTTTCCTCTCACTGTGACATCGGCCCAAAAGAACCCGACAGCTTTCTATCTCTGTGCCAGCCCTGTTCACCCCTCCACTTTGGGAAC		1	0.03005711	29	TCRBV19-01	TCRBV19	TCRBV19-01				01,02	TCRBD02-01	TCRBD02	TCRBD02-01				01,02	TCRBJ01-06*01	TCRBJ01	TCRBJ01-06	1.0				9	2	4	10	1	9	52	60	62	64	65	1	Out	VDJ							0.0
586	CCAGCACCAACCAGACATCTATGTACCTCTGTGCCAGCAGTGGCTAGAGTGACACAAAGTCGGGCCAACGTCCTGACTTTCGGGGCC		1	0.03005711	52	TCRBV28-01*01	TCRBV28	TCRBV28-01	1.0				unresolved		unresolved		TCRBD01,TCRBD02	TCRBD01-01,TCRBD02-01		TCRBJ02-06*01	TCRBJ02	TCRBJ02-06	1.0				5	9	2	6	7	5	29	41	50	54	61	1	Out	VDJ							0.0
587	GCCCAAAAGAACCCGACAGCTTTCTATCTCTGTGCCAGTAGTATAGAGAAGGCGGGAAACTCTGGAAACACCATATATTTTGGAGAG	CASSIEKAGNSGNTIYF	1	0.03005711	51	TCRBV19-01	TCRBV19	TCRBV19-01				01,02	TCRBD02-01*02	TCRBD02	TCRBD02-01	2.0				TCRBJ01-03*01	TCRBJ01	TCRBJ01-03	1.0				0	4	7	3	2	0	30	47	51	57	59	1	In	VDJ							0.0
588	AGCCTGCAGAACTGGAGGATTCTGGAGTTTATTTCTGTGCCAGCAGCCAAGAAGGGGGGACCGATATACGAGCAGTACTTCGGGCCG		1	0.03005711	46	TCRBV14-01*01	TCRBV14	TCRBV14-01	1.0				unresolved		unresolved		TCRBD01,TCRBD02	TCRBD01-01,TCRBD02-01		TCRBJ02-07*01	TCRBJ02	TCRBJ02-07	1.0				0	0	5	1	8	4	35	-1	52	58	66	1	Out	VDJ							0.0
589	AGGTGCAGCCTGCAGAACTGGAGGATTCTGGAGTTTATTTCTGTGCCAGCAGCTAACAGGGATTCCTACGAGCAGTACTTCGGGCCG		1	0.03005711	40	TCRBV14-01*01	TCRBV14	TCRBV14-01	1.0				TCRBD01-01*01	TCRBD01	TCRBD01-01	1.0				TCRBJ02-07*01	TCRBJ02	TCRBJ02-07	1.0				5	2	3	3	2	1	41	53	55	61	63	1	Out	VDJ							0.0
590	GTGACATCGGCCCAAAAGAACCCGACAGCTTTCTATCTCTGTGCCAGTAGCCAGACAGGGGGTTATCGCGAGCAGTACTTCGGGCCG	CASSQTGGYREQYF	1	0.03005711	42	TCRBV19-01	TCRBV19	TCRBV19-01				01,02	TCRBD01-01*01	TCRBD01	TCRBD01-01	1.0				TCRBJ02-07*01	TCRBJ02	TCRBJ02-07	1.0				6	3	2	1	6	6	39	50	53	62	68	1	In	VDJ							0.0
591	ACAGAGCAGGGGGACTCGGCCATGTATCTCTGTGCCAGCAGCTTAGGGAACCCCCCGGGGGCTAGCTATGGCTACACCTTCGGTTCG	CASSLGNPPGASYGYTF	1	0.03005711	51	TCRBV07-09	TCRBV07	TCRBV07-09				01,03	unresolved		unresolved		TCRBD01,TCRBD02	TCRBD01-01,TCRBD02-01		TCRBJ01-02*01	TCRBJ01	TCRBJ01-02	1.0				1	10	6	0	3	4	30	46	56	62	65	1	In	VDJ							0.0
592	AAGGTGCAGCCTGCAGAACTGGAGGATTCTGGAGTTTATTTCTGTGCCAGCAGCAGGGGGTTTAATGAAAAACTGTTTTTTGGCAGT	CASSRGFNEKLFF	1	0.03005711	39	TCRBV14-01*01	TCRBV14	TCRBV14-01	1.0				TCRBD01-01*01	TCRBD01	TCRBD01-01	1.0				TCRBJ01-04*01	TCRBJ01	TCRBJ01-04	1.0				5	0	5	1	2	4	42	-1	54	60	62	1	In	VDJ							0.0
593	ACTCTGACAGTGACCAGTGCCCATCCTGAAGACAGCAGCTTCTACATCTGCAGTGCTGTTCGACGAACTGAAGCTTTCTTTGGACAA	CSAVRRTEAFF	1	0.03005711	33	TCRBV20-01*01	TCRBV20	TCRBV20-01	1.0				unresolved		unresolved		TCRBD01,TCRBD02	TCRBD01-01,TCRBD02-01		TCRBJ01-01*01	TCRBJ01	TCRBJ01-01	1.0				5	4	2	7	2	5	48	57	61	64	66	1	In	VDJ							0.0
594	ACTCTGAAGATCCAGCCCTCAGAACCCAGGGACTCAGCTGTGTACTTCTGTGCCAGCAGTTTGCCGACTGAAGCTTTCTTTGGACAA	CASSLPTEAFF	1	0.03005711	33	TCRBV12	TCRBV12	unresolved			TCRBV12-03,TCRBV12-04		unresolved		unresolved		TCRBD01,TCRBD02	TCRBD01-01,TCRBD02-01		TCRBJ01-01*01	TCRBJ01	TCRBJ01-01	1.0				3	0	10	0	2	5	48	-1	62	64	66	1	In	VDJ							0.0
595	ACCAGTGCCCATCCTGAAGACAGCAGCTTCTACATCTGCAGTGCCGGTCCCCAGGGAAGGAGGAGGACTGAAGCTTTCTTTGGACAA	CSAGPQGRRRTEAFF	1	0.03005711	45	TCRBV20	TCRBV20	unresolved			TCRBV20-01,TCRBV20-or09_02		unresolved		unresolved		TCRBD01,TCRBD02	TCRBD01-01,TCRBD02-01		TCRBJ01-01*01	TCRBJ01	TCRBJ01-01	1.0				6	7	4	3	10	5	36	44	51	56	66	1	In	VDJ							0.0
596	CAGCGCACACAGCAGGAGGACTCCGCCGTGTATCTCTGTGCCAGCAGCGAGTGGGGACAGGGGGGATCTGAGCAGTATTTTGGCCCA	CASSEWGQGGSEQYF	1	0.03005711	45	TCRBV07-08*01	TCRBV07	TCRBV07-08	1.0				TCRBD01-01*01	TCRBD01	TCRBD01-01	1.0				TCRBJ02-03*01	TCRBJ02	TCRBJ02-03	1.0				5	5	0	1	7	11	36	48	53	64	71	1	In	VDJ							0.0
597	ATCCAGCGCACAGAGCAGGGGGACTCGGCCATGTATCTCTGTGCCAGCAGCTTAGCAGTTCCCACAGATACGCAGTATTTTGGCCCA	CASSLAVPTDTQYF	1	0.03005711	42	TCRBV07-09	TCRBV07	TCRBV07-09				01,03	unresolved		unresolved		TCRBD01,TCRBD02	TCRBD01-01,TCRBD02-01		TCRBJ02-03*01	TCRBJ02	TCRBJ02-03	1.0				0	0	5	5	4	2	39	-1	56	58	62	1	In	VDJ							0.0
598	ACACAGCAGGAGGACTCGGCCGTGTATCTCTGTGCCAGCAGCCCTGAGACAGTTAAGATTAGCACAGATACGCAGTATTTTGGCCCA	CASSPETVKISTDTQYF	1	0.03005711	51	TCRBV07-02*01	TCRBV07	TCRBV07-02	1.0				TCRBD01-01*01	TCRBD01	TCRBD01-01	1.0				TCRBJ02-03*01	TCRBJ02	TCRBJ02-03	1.0				5	5	2	5	8	0	30	42	47	52	60	1	In	VDJ							0.0
599	CTGGAGTCGGCTGCTCCCTCCCAGACATCTGTGTACTTCTGTGCCAGCAGTGACGAGGGGAGAGCAGATACGCAGTATTTTGGCCCA	CASSDEGRADTQYF	1	0.03005711	42	TCRBV06-01*01	TCRBV06	TCRBV06-01	1.0				unresolved		unresolved		TCRBD01,TCRBD02	TCRBD01-01,TCRBD02-01		TCRBJ02-03*01	TCRBJ02	TCRBJ02-03	1.0				3	2	5	2	4	4	39	53	55	60	64	1	In	VDJ							0.0
600	GTGACCAGTGCCCATCCTGAAGACAGCAGCTTCTACATCTGCAGTGCTAGAGTTGGAAGCGGGGGGGAGCCGCAGTATTTTGGCCCA	CSARVGSGGEPQYF	1	0.03005711	42	TCRBV20	TCRBV20	unresolved			TCRBV20-01,TCRBV20-or09_02		TCRBD02-01*01	TCRBD02	TCRBD02-01	1.0				TCRBJ02-03*01	TCRBJ02	TCRBJ02-03	1.0				1	5	6	0	3	10	39	52	57	67	70	1	In	VDJ							0.0
601	TTTCTCCACCTTGGAGATCCAGCGCACAGAGCAGGGGGACTCGGCCATGTATCTCTGCCCAGGGAAGAGACCCAGTACTTCGGGCCA		1	0.03005711	26	TCRBV07-09	TCRBV07	TCRBV07-09				01,03	TCRBD01-01*01	TCRBD01	TCRBD01-01	1.0				TCRBJ02-05*01	TCRBJ02	TCRBJ02-05	1.0				15	2	4	3	0	3	55	57	59	-1	64	1	Out	VDJ							0.0
602	GGAGTCTGCTGCCTCCTCCCAGACATCTGTATATTTCTGCGCCAGCAGCGCCAGTAGTGTTGGGGAGAGACCCAGTACTTCGGGCCA		1	0.03005711	44	TCRBV10-01	TCRBV10	TCRBV10-01				01,02	unresolved		unresolved		TCRBD01,TCRBD02	TCRBD01-01,TCRBD02-01		TCRBJ02-05*01	TCRBJ02	TCRBJ02-05	1.0				6	13	6	2	0	4	37	48	61	-1	65	1	Out	VDJ							0.0
603	GACGACTCGGCCCTGTATCTCTGTGCCAGCAGCTTCCCGGGACTAGCGGGGGGGCGGTTCGTCAACAATGAGCAGTTCTTCGGGCCA	CASSFPGLAGGRFVNNEQFF	1	0.03005711	60	TCRBV05-04*01	TCRBV05	TCRBV05-04	1.0				TCRBD02-01*01	TCRBD02	TCRBD02-01	1.0				TCRBJ02-01*01	TCRBJ02	TCRBJ02-01	1.0				2	3	0	0	10	5	21	35	38	54	64	1	In	VDJ							0.0
604	GTCCACGGAGTCAGGGGACACAGCACTGTATTTCTGTGCCAGCAGCAAAGACCGGGGGGGCCGAACAATGAGCAGTTCTTCGGGCCA		1	0.03005711	47	TCRBV21-01*01	TCRBV21	TCRBV21-01	1.0				TCRBD02-01*01	TCRBD02	TCRBD02-01	1.0				TCRBJ02-01*01	TCRBJ02	TCRBJ02-01	1.0				1	2	8	0	4	5	34	50	52	60	64	1	Out	VDJ							0.0
605	CTAAACCTGAGCTCTCTGGAGCTGGGGGACTCAGCTTTGTATTTCTGTGCCAGCAGCGTAGTTCACAATGAGCAGTTCTTCGGGCCA	CASSVVHNEQFF	1	0.03005711	36	TCRBV09-01	TCRBV09	TCRBV09-01				01,02	unresolved		unresolved					TCRBJ02-01*01	TCRBJ02	TCRBJ02-01	1.0				0	0	0	0	3	5	45	-1	-1	61	64	1	In	VJ							0.0
606	AGCTCTCTGGAGCTGGGGGACTCAGCTTTGTATTTCTGTGCCAGCAGCGGGGGGACAGCAACCTACAATGAGCAGTTCTTCGGGCCA	CASSGGTATYNEQFF	1	0.03005711	45	TCRBV09-01	TCRBV09	TCRBV09-01				01,02	TCRBD01-01*01	TCRBD01	TCRBD01-01	1.0				TCRBJ02-01*01	TCRBJ02	TCRBJ02-01	1.0				3	2	0	5	3	2	36	49	51	58	61	1	In	VDJ							0.0
607	CAGGTAGTGCGAGGAGATTCGGCAGCTTATTTCTGTGCCAGCTCACTCGGAGGAGTCCAATCCTACAATGAGCAGTTCTTCGGGCCA	CASSLGGVQSYNEQFF	1	0.03005711	48	TCRBV18-01*01	TCRBV18	TCRBV18-01	1.0				TCRBD02-01*02	TCRBD02	TCRBD02-01	2.0				TCRBJ02-01*01	TCRBJ02	TCRBJ02-01	1.0				4	2	10	1	7	1	33	46	48	53	60	1	In	VDJ							0.0
608	CTGGAGTCAGCTACCCGCTCCCAGACATCTGTGTATTTCTGCGCCAGCCATACTAGCGGGGGGATTAATGAGCAGTTCTTCGGGCCA	CASHTSGGINEQFF	1	0.03005711	42	TCRBV10-02*01	TCRBV10	TCRBV10-02	1.0				TCRBD02-01*01	TCRBD02	TCRBD02-01	1.0				TCRBJ02-01*01	TCRBJ02	TCRBJ02-01	1.0				8	3	3	1	3	7	39	48	51	63	66	1	In	VDJ							0.0
609	TCCGCTACCAGCTCCCAGACATCTGTGTACTTCTGTGCCATCAGTGAGTCGGAGGGATCTGGGGCCAACGTCCTGACTTTCGGGGCC	CAISESEGSGANVLTF	1	0.03005711	48	TCRBV10-03*01	TCRBV10	TCRBV10-03	1.0				TCRBD02-01*02	TCRBD02	TCRBD02-01	2.0				TCRBJ02-06*01	TCRBJ02	TCRBJ02-06	1.0				0	0	10	0	1	1	33	-1	50	56	57	1	In	VDJ							0.0
610	CATCGGCCCAAAAGAACCCGACAGCTTTCTATCTCTGTGCCAGTGAAGGGGAGGGGAAAGAGCTCCTACGAGCAGTACTTCGGGCCG		1	0.03005711	46	TCRBV19-01	TCRBV19	TCRBV19-01				01,02	TCRBD02-01*02	TCRBD02	TCRBD02-01	2.0				TCRBJ02-07*01	TCRBJ02	TCRBJ02-07	1.0				8	4	9	0	7	0	35	44	48	55	62	1	Out	VDJ							0.0
611	CTCACTGTGACATCGGCCCAAAAGAACCCGACAGCTTTCTATCTCTGTGCCAGTAGAGGACAGGGTCTCGAGCAGTACTTCGGGCCG	CASRGQGLEQYF	1	0.03005711	36	TCRBV19-01	TCRBV19	TCRBV19-01				01,02	TCRBD01-01*01	TCRBD01	TCRBD01-01	1.0				TCRBJ02-07*01	TCRBJ02	TCRBJ02-07	1.0				6	1	1	3	3	6	45	56	57	65	68	1	In	VDJ							0.0
612	TCGGCCCAAAAGAACCCGACAGCTTTCTATCTCTGTGCCAGTACCGAATGGGGGACAGGGTGGGACTATGGCTACACCTTCGGTTCG	CASTEWGTGWDYGYTF	1	0.03005711	48	TCRBV19-01	TCRBV19	TCRBV19-01				01,02	TCRBD01-01*01	TCRBD01	TCRBD01-01	1.0				TCRBJ01-02*01	TCRBJ01	TCRBJ01-02	1.0				7	8	0	3	4	3	33	43	51	60	64	1	In	VDJ							0.0
613	GTGACATCGGCCCAAAAGAACCCGACAGCTTTCTATCTCTGTGCCAGTAGTTTACAGGGGGTGTACACTGAAGCTTTCTTTGGACAA	CASSLQGVYTEAFF	1	0.03005711	42	TCRBV19-01	TCRBV19	TCRBV19-01				01,02	TCRBD01-01*01	TCRBD01	TCRBD01-01	1.0				TCRBJ01-01*01	TCRBJ01	TCRBJ01-01	1.0				5	2	3	1	3	3	39	51	53	61	64	1	In	VDJ							0.0
614	GGAGTCAGGGGACACAGCACTGTATTTCTGTGCCAGCAGCAAAGCGCTTCAGCGGGGTCTCACACCGGGGAGCTGTTTTTTGGAGAA		1	0.03005711	53	TCRBV21-01*01	TCRBV21	TCRBV21-01	1.0				TCRBD02-01*01	TCRBD02	TCRBD02-01	1.0				TCRBJ02-02*01	TCRBJ02	TCRBJ02-02	1.0				0	5	6	3	4	3	28	45	50	57	61	1	Out	VDJ							0.0
615	GAGCTGGGGGACTCAGCTTTGTATTTCTGTGCCAGCAGCGTCGACGCCGGGACTAGCACACGGGGCGAGACGCAGTATTTTGGCCCA	CASSVDAGTSTRGETQYF	1	0.03005711	54	TCRBV09-01	TCRBV09	TCRBV09-01				01,02	TCRBD02-01	TCRBD02	TCRBD02-01				01,02	TCRBJ02-03*01	TCRBJ02	TCRBJ02-03	1.0				2	7	0	7	12	9	27	41	48	57	69	1	In	VDJ							0.0
616	CTGAGCTCTCTGGAGCTGGGGGACTCAGCTTTGTATTTCTGTGCCAGCAGTAGGGGGGGGGTAACAGATACGCAGTATTTTGGCCCA	CASSRGGVTDTQYF	1	0.03005711	42	TCRBV09-01	TCRBV09	TCRBV09-01				01,02	TCRBD02-01*01	TCRBD02	TCRBD02-01	1.0				TCRBJ02-03*01	TCRBJ02	TCRBJ02-03	1.0				5	2	9	0	4	3	39	50	52	59	63	1	In	VDJ							0.0
617	CACGCCCTGCAGCCAGAAGACTCAGCCCTGTATCTCTGCGCCAGCAGCCCGACTAGCGGGGGCGGGGATACGCAGTATTTTGGCCCA	CASSPTSGGGDTQYF	1	0.03005711	45	TCRBV04-01*01	TCRBV04	TCRBV04-01	1.0				TCRBD02-01*01	TCRBD02	TCRBD02-01	1.0				TCRBJ02-03*01	TCRBJ02	TCRBJ02-03	1.0				4	1	2	2	4	6	36	49	50	62	66	1	In	VDJ							0.0
618	CCCTCAGAACCCAGGGACTCAGCTGTGTACTTCTGTGCCAGCAGCAAAGACCTTGGGACGGGACAAGAGACCCAGTACTTCGGGCCA	CASSKDLGTGQETQYF	1	0.03005711	48	TCRBV12	TCRBV12	unresolved			TCRBV12-03,TCRBV12-04		unresolved		unresolved		TCRBD01,TCRBD02	TCRBD01-01,TCRBD02-01		TCRBJ02-05*01	TCRBJ02	TCRBJ02-05	1.0				6	10	0	7	4	2	33	44	54	59	63	1	In	VDJ							0.0
619	CTGTCGGCTGCTCCCTCCCAGACATCTGTGTACTTCTGTGCCAGCAGGGGGACTAGCACGTTACAAGAGACCCAGTACTTCGGGCCA	CASRGTSTLQETQYF	1	0.03005711	45	TCRBV06-05*01	TCRBV06	TCRBV06-05	1.0				TCRBD02-01	TCRBD02	TCRBD02-01				01,02	TCRBJ02-05*01	TCRBJ02	TCRBJ02-05	1.0				6	1	0	7	6	2	36	47	48	57	63	1	In	VDJ							0.0
620	TCACCAGGCCTGGGGGACGCAGCCATGTACCTGTGTGCCACCCTCTAACTGCAGTTCTGGACTGACAATGAGCAGTTCTTCGGGCCA	CATL*LQFWTDNEQFF	1	0.03005711	48	TCRBV15-01*01	TCRBV15	TCRBV15-01	1.0				TCRBD02-01	TCRBD02	TCRBD02-01				01,02	TCRBJ02-01*01	TCRBJ02	TCRBJ02-01	1.0				8	16	1	10	1	5	33	42	58	63	64	1	Stop	VDJ							0.0
621	CAGCGCACAGAGCAGGGGGACTCGGCCATGTATCTCTGTGCCAGCAGCTTAGATAGCGGGGGCCCCAATGAGCAGTTCTTCGGGCCA	CASSLDSGGPNEQFF	1	0.03005711	45	TCRBV07-09	TCRBV07	TCRBV07-09				01,03	TCRBD02-01*01	TCRBD02	TCRBD02-01	1.0				TCRBJ02-01*01	TCRBJ02	TCRBJ02-01	1.0				1	1	5	2	3	6	36	52	53	62	65	1	In	VDJ							0.0
622	CATCCTGAAGACAGCAGCTTCTACATCTGCAGTGCTAGAGAGCACCTCCCCGGGACAGGGTATTACGATGAGCAGTTCTTCGGGCCA	CSAREHLPGTGYYDEQFF	1	0.03005711	54	TCRBV20	TCRBV20	unresolved			TCRBV20-01,TCRBV20-or09_02		TCRBD01-01*01	TCRBD01	TCRBD01-01	1.0				TCRBJ02-01*01	TCRBJ02	TCRBJ02-01	1.0				0	10	0	3	7	8	27	41	51	60	67	1	In	VDJ							0.0
623	CAGCCCTCAGAACCCAGGGACTCAGCTGTGTATTTTTGTGCTAGTGGTTCCCAGGGGGCCGTGCGTCCACCCCTCCACTTTGGGAAC	CASGSQGAVRPPLHF	1	0.03005711	45	TCRBV12-05*01	TCRBV12	TCRBV12-05	1.0				TCRBD01-01*01	TCRBD01	TCRBD01-01	1.0				TCRBJ01-06*01	TCRBJ01	TCRBJ01-06	1.0				4	2	4	0	8	11	36	49	51	59	67	1	In	VDJ							0.0
624	GCCCAAAAGAACCCGACAGCTTTCTATCTCTGTGCCAGTAAGCCCCTGCGGGACAGTGGCTATAATTCACCCCTCCACTTTGGGAAC	CASKPLRDSGYNSPLHF	1	0.03005711	51	TCRBV19-01	TCRBV19	TCRBV19-01				01,02	TCRBD01-01*01	TCRBD01	TCRBD01-01	1.0				TCRBJ01-06*01	TCRBJ01	TCRBJ01-06	1.0				7	9	0	5	3	3	30	40	49	56	59	1	In	VDJ							0.0
625	GAACCCAGGGACTCAGCTGTGTACTTCTGTGCCAGCAGTTTAGGGCTAGCGGGGGGGGTAGCCAAAAACATTCAGTACTTCGGCGCC	CASSLGLAGGVAKNIQYF	1	0.03005711	54	TCRBV12	TCRBV12	unresolved			TCRBV12-03,TCRBV12-04		TCRBD02-01*01	TCRBD02	TCRBD02-01	1.0				TCRBJ02-04*01	TCRBJ02	TCRBJ02-04	1.0				1	2	4	0	2	0	27	43	45	57	59	1	In	VDJ							0.0
626	CACATCAATTCCCTGGAGCTTGGTGACTCTGCTGTGTATTTCTGTGCCAGCAGCACAACAGGGAGAAACACCATATATTTTGGAGAG	CASSTTGRNTIYF	1	0.03005711	39	TCRBV03	TCRBV03	unresolved			TCRBV03-01,TCRBV03-02		TCRBD01-01*01	TCRBD01	TCRBD01-01	1.0				TCRBJ01-03*01	TCRBJ01	TCRBJ01-03	1.0				5	3	3	3	1	5	42	54	57	63	64	1	In	VDJ							0.0
627	CTGAGTTCTAAGAAGCTCCTTCTCAGTGACTCTGGCTTCTATCTCTGTGCCTGGAGTTCCCGGGGAAACACCATATATTTTGGAGAG	CAWSSRGNTIYF	1	0.03005711	36	TCRBV30-01*01	TCRBV30	TCRBV30-01	1.0				TCRBD02-01	TCRBD02	TCRBD02-01				01,02	TCRBJ01-03*01	TCRBJ01	TCRBJ01-03	1.0				2	3	8	5	0	4	45	57	60	-1	63	1	In	VDJ							0.0
628	CCAGGCCTGGGGGACGCAGCCATGTACCTGTGTGCCACCAGCAGAGATCGGGGGGGCGATCATGGAAACACCATATATTTTGGAGAG	CATSRDRGGDHGNTIYF	1	0.03005711	51	TCRBV15-01*01	TCRBV15	TCRBV15-01	1.0				TCRBD02-01*01	TCRBD02	TCRBD02-01	1.0				TCRBJ01-03*01	TCRBJ01	TCRBJ01-03	1.0				0	1	8	0	6	3	30	47	48	56	62	1	In	VDJ							0.0
629	TCCCTGGAGCTTGGTGACTCTGCTGTGTATTTCTGTGCCAGCAGCCGATTGACAGGGGGTGTCTCCTACGAGCAGTACTTCGGGCCG	CASSRLTGGVSYEQYF	1	0.03005711	48	TCRBV03	TCRBV03	unresolved			TCRBV03-01,TCRBV03-02		TCRBD01-01*01	TCRBD01	TCRBD01-01	1.0				TCRBJ02-07*01	TCRBJ02	TCRBJ02-07	1.0				4	4	2	1	3	0	33	46	50	59	62	1	In	VDJ							0.0
630	GACATCGGCCCAAAAGAACCCGACAGCTTTCTATCTCTGTGCCAGGTTATACAGGGATCTTGCCCCTATGGCTACACCTTCGGTTCG		1	0.03005711	44	TCRBV19-01	TCRBV19	TCRBV19-01				01,02	TCRBD01-01*01	TCRBD01	TCRBD01-01	1.0				TCRBJ01-02*01	TCRBJ01	TCRBJ01-02	1.0				9	5	3	3	9	4	37	45	50	56	65	1	Out	VDJ							0.0
631	CTACACACCCTGCAGCCAGAAGACTCGGCCCTGTATCTCTGCGCCAGCAGCCAAGATCTGGACAGCTATGGCTACACCTTCGGTTCG	CASSQDLDSYGYTF	1	0.03005711	42	TCRBV04-03*01	TCRBV04	TCRBV04-03	1.0				TCRBD01-01*01	TCRBD01	TCRBD01-01	1.0				TCRBJ01-02*01	TCRBJ01	TCRBJ01-02	1.0				0	3	1	5	0	4	39	56	59	-1	65	1	In	VDJ							0.0
632	TCGGCCCAAAAGAACCCGACAGCTTTCTATCTCTGTGCCAGTAGTATACAGGGGCCCAAAAGCAATCAGCCCCAGCATTTTGGTGAT	CASSIQGPKSNQPQHF	1	0.03005711	48	TCRBV19-01	TCRBV19	TCRBV19-01				01,02	TCRBD01-01*01	TCRBD01	TCRBD01-01	1.0				TCRBJ01-05*01	TCRBJ01	TCRBJ01-05	1.0				2	0	4	2	6	1	33	-1	48	54	60	1	In	VDJ							0.0
633	ACATCGGCCCAAAAGAACCCGACAGCTTTCTATCTCTGTGCCAGTAGTATTGGGACAGTCCCTAATCAGCCCCAGCATTTTGGTGAT	CASSIGTVPNQPQHF	1	0.03005711	45	TCRBV19-01	TCRBV19	TCRBV19-01				01,02	TCRBD01-01*01	TCRBD01	TCRBD01-01	1.0				TCRBJ01-05*01	TCRBJ01	TCRBJ01-05	1.0				3	1	0	5	5	4	36	50	51	58	63	1	In	VDJ							0.0
634	AGCTCCTTGGAGCTGGGGGACTCAGCCCTGTACTTCTGTGCCAGCAGCGCACAGGGGGGAACTAATGAAAAACTGTTTTTTGGCAGT	CASSAQGGTNEKLFF	1	0.03005711	45	TCRBV13-01*01	TCRBV13	TCRBV13-01	1.0				TCRBD01-01*01	TCRBD01	TCRBD01-01	1.0				TCRBJ01-04*01	TCRBJ01	TCRBJ01-04	1.0				5	2	3	1	1	1	36	48	50	58	59	1	In	VDJ							0.0
635	AGGCTGCTGTCGGCTGCTCCCTCCCAGACATCTGTGTACTTCTGTGCCAGCGCCGTCGTAACTAATGAAAAACTGTTTTTTGGCAGT	CASAVVTNEKLFF	1	0.03005711	39	TCRBV06-05*01	TCRBV06	TCRBV06-05	1.0				unresolved		unresolved		TCRBD01,TCRBD02	TCRBD01-01,TCRBD02-01		TCRBJ01-04*01	TCRBJ01	TCRBJ01-04	1.0				8	0	10	0	6	1	42	-1	51	53	59	1	In	VDJ							0.0
636	GTGAGTGCCTTGGAGCTGGGGGACTCGGCCCTGTATCTCTGTGCCAGAAGCTTGGGGGACGGTAATGAAAAACTGTTTTTTGGCAGT	CARSLGDGNEKLFF	1	0.03005711	42	TCRBV05-03	TCRBV05	TCRBV05-03				01,02	unresolved		unresolved		TCRBD01,TCRBD02	TCRBD01-01,TCRBD02-01		TCRBJ01-04*01	TCRBJ01	TCRBJ01-04	1.0				0	0	0	7	2	4	39	-1	55	60	62	1	In	VDJ							0.0
637	AACGCCTTGGAGCTGGAGGACTCGGCCCTGTATCTCTGTGCCAGCAGCTTGGCAGGGGGCTTTAGGTCCGAAGCTTTCTTTGGACAA	CASSLAGGFRSEAFF	1	0.03005711	45	TCRBV05-08*01	TCRBV05	TCRBV05-08	1.0				TCRBD01-01*01	TCRBD01	TCRBD01-01	1.0				TCRBJ01-01*01	TCRBJ01	TCRBJ01-01	1.0				0	0	4	0	9	8	36	-1	52	60	69	1	In	VDJ							0.0
638	ACACCCTGCAGCCAGAAGACTCGGCCCTGTATCTCTGTGCCAGCAGCCAAGCCGGGACACCTGAACACTGAAGCTTTCTTTGGACAA		1	0.03005711	46	TCRBV04-02*01	TCRBV04	TCRBV04-02	1.0				TCRBD01-01*01	TCRBD01	TCRBD01-01	1.0				TCRBJ01-01*01	TCRBJ01	TCRBJ01-01	1.0				1	2	0	6	2	0	35	51	53	59	61	1	Out	VDJ							0.0
639	GTCCGCCAGCACCAACCAGACATCTATGTACCTCTGTGCCAGCAGTTCCCCGAGGGGGGCACGGACACTGAAGCTTTCTTTGGACAA		1	0.03005711	47	TCRBV28-01*01	TCRBV28	TCRBV28-01	1.0				unresolved		unresolved		TCRBD01,TCRBD02	TCRBD01-01,TCRBD02-01		TCRBJ01-01*01	TCRBJ01	TCRBJ01-01	1.0				4	5	5	1	6	3	34	47	52	58	64	1	Out	VDJ							0.0
640	GTGAACGCCTTGTTGCTGGGGGACTCGGCCCTGTATCTCTGTGCCAGCAGCTTGGCGACAGGGGGCACTGAAGCTTTCTTTGGACAA	CASSLATGGTEAFF	1	0.03005711	42	TCRBV05-05*01	TCRBV05	TCRBV05-05	1.0				TCRBD01-01*01	TCRBD01	TCRBD01-01	1.0				TCRBJ01-01*01	TCRBJ01	TCRBJ01-01	1.0				0	1	2	1	0	4	39	55	56	-1	65	1	In	VDJ							0.0
641	ATCAATTCCCTGGAGCTTGGTGACTCTGCTGTGTATTTCTGTGCCAGCAGCGACCACGGGGCCCTCACTGAAGCTTTCTTTGGACAA	CASSDHGALTEAFF	1	0.03005711	42	TCRBV03	TCRBV03	unresolved			TCRBV03-01,TCRBV03-02		unresolved		unresolved		TCRBD01,TCRBD02	TCRBD01-01,TCRBD02-01		TCRBJ01-01*01	TCRBJ01	TCRBJ01-01	1.0				5	6	7	0	3	4	39	51	57	62	65	1	In	VDJ							0.0
642	ATCCAGCGCACACAGCAGGAGGACTCGGCCGTGTATCTCTGTGCCAGCAGCTTGAGACAGGGAAGCGGGGAGCTGTTTTTTGGAGAA	CASSLRQGSGELFF	1	0.03005711	42	TCRBV07-02*01	TCRBV07	TCRBV07-02	1.0				TCRBD01-01*01	TCRBD01	TCRBD01-01	1.0				TCRBJ02-02*01	TCRBJ02	TCRBJ02-02	1.0				3	2	2	3	3	7	39	53	55	62	65	1	In	VDJ							0.0
643	CTGGAGTCCGCTACCAGCTCCCAGACATCTGTGTACTTCTGTGCCATCAGCACCCAGGGAGGGGCGGGGGAGCTGTTTTTTGGAGAA	CAISTQGGAGELFF	1	0.03005711	42	TCRBV10-03*01	TCRBV10	TCRBV10-03	1.0				TCRBD02-01*02	TCRBD02	TCRBD02-01	2.0				TCRBJ02-02*01	TCRBJ02	TCRBJ02-02	1.0				6	6	9	0	3	8	39	50	56	63	66	1	In	VDJ							0.0
644	CAGCGCACAGAGCAGGGGGACTCGGCCATGTATCTCTGTGCCAGCAGCTTAGGAGCGGGGGACACAGATACGCAGTATTTTGGCCCA	CASSLGAGDTDTQYF	1	0.03005711	45	TCRBV07-09	TCRBV07	TCRBV07-09				01,03	TCRBD02-01*01	TCRBD02	TCRBD02-01	1.0				TCRBJ02-03*01	TCRBJ02	TCRBJ02-03	1.0				1	1	6	2	1	2	36	52	53	61	62	1	In	VDJ							0.0
645	CGCACAGAGCAGGGGGACTCGGCCATGTATCTCTGTGCCAGCAGCTCCATGGCCAGTATTAGCACAGATACGCAGTATTTTGGCCCA	CASSSMASISTDTQYF	1	0.03005711	48	TCRBV07-09	TCRBV07	TCRBV07-09				01,03	TCRBD01-01*01	TCRBD01	TCRBD01-01	1.0				TCRBJ02-03*01	TCRBJ02	TCRBJ02-03	1.0				4	7	4	5	4	0	33	46	53	56	60	1	In	VDJ							0.0
646	AGTGCCCATCCTGAAGACAGCAGCTTCTACATCTGCAGTGCTAGAGATATCGGGGGGGGAAGTACAGATACGCAGTATTTTGGCCCA	CSARDIGGGSTDTQYF	1	0.03005711	48	TCRBV20	TCRBV20	unresolved			TCRBV20-01,TCRBV20-or09_02		TCRBD02-01*01	TCRBD02	TCRBD02-01	1.0				TCRBJ02-03*01	TCRBJ02	TCRBJ02-03	1.0				0	3	8	0	5	3	33	47	50	58	63	1	In	VDJ							0.0
647	TCTGGAGCTGGGGGACTCAGCTTTGTATTTCTGTGCCAGCAGCGAGGCGGGGGGACAGTTAACCAAGAGACCCAGTACTTCGGGCCA		1	0.03005711	50	TCRBV09-01	TCRBV09	TCRBV09-01				01,02	TCRBD02-01*01	TCRBD02	TCRBD02-01	1.0				TCRBJ02-05*01	TCRBJ02	TCRBJ02-05	1.0				3	2	7	1	7	0	31	44	46	54	61	1	Out	VDJ							0.0
648	AGCTCTCGCTTATAGCTTCATGTGGTCGCACTGCAGCAAGAAGACTCAGCTGCGTATCTCTGGCACAATGAGCAGTTCTTCGGGCCA	WHNEQFF	1	0.03005711	21	TCRBV01-01*01	TCRBV01	TCRBV01-01	1.0				unresolved		unresolved		TCRBD01,TCRBD02	TCRBD01-01,TCRBD02-01		TCRBJ02-01*01	TCRBJ02	TCRBJ02-01	1.0				15	0	10	0	0	5	60	-1	62	-1	64	1	In	VDJ							0.0
649	CAGCCTGCAAAGCTTGAGGACTCGGCCGTGTATCTCTGTGCCAGCAGTTTTACGGACGGCTCCTACAATGAGCAGTTCTTCGGGCCA	CASSFTDGSYNEQFF	1	0.03005711	45	TCRBV11-02*02	TCRBV11	TCRBV11-02	2.0				unresolved		unresolved		TCRBD01,TCRBD02	TCRBD01-01,TCRBD02-01		TCRBJ02-01*01	TCRBJ02	TCRBJ02-01	1.0				6	6	1	7	2	0	36	47	53	57	59	1	In	VDJ							0.0
650	AACGCCTTGTTGCTGGGGGACTCGGCCCTCTATCTCTGTGCCAGCAGCTCCCTTAGCGGGGGCTACAATGAGCAGTTCTTCGGGCCA	CASSSLSGGYNEQFF	1	0.03005711	45	TCRBV05-06*01	TCRBV05	TCRBV05-06	1.0				TCRBD02-01*01	TCRBD02	TCRBD02-01	1.0				TCRBJ02-01*01	TCRBJ02	TCRBJ02-01	1.0				3	4	5	2	0	3	36	49	53	-1	62	1	In	VDJ							0.0
651	TGACATCGGCCCAAAAGAACCCGACAGCTTTCTATCTCTGTGCCAGTAGTATAGACCGAATAGTGATCACCCCTCCACTTTGGGAAC		1	0.03005711	43	TCRBV19-01	TCRBV19	TCRBV19-01				01,02	TCRBD02-01	TCRBD02	TCRBD02-01				01,02	TCRBJ01-06*01	TCRBJ01	TCRBJ01-06	1.0				0	5	5	8	3	10	38	55	60	63	66	1	Out	VDJ							0.0
652	CGCTCACCAGGCCTGGGGGACGCAGCCATGTACCTGTGTGCCACCAGCACCACCGGGTCACTAATAAACATTCAGTACTTCGGCGCC	CATSTTGSLINIQYF	1	0.03005711	45	TCRBV15-01*01	TCRBV15	TCRBV15-01	1.0				TCRBD02-01	TCRBD02	TCRBD02-01				01,02	TCRBJ02-04*01	TCRBJ02	TCRBJ02-04	1.0				4	10	3	9	2	6	36	49	59	63	65	1	In	VDJ							0.0
653	AAGCTGGAGGACTCAGCCATGTACTTCTGTGCCAGCAGTGAAGGTTGGGTGGGGGTGACTGGGGCCAACGTCCTGACTTTCGGGGCC	CASSEGWVGVTGANVLTF	1	0.03005711	54	TCRBV02-01*01	TCRBV02	TCRBV02-01	1.0				unresolved		unresolved		TCRBD01,TCRBD02	TCRBD01-01,TCRBD02-01		TCRBJ02-06*01	TCRBJ02	TCRBJ02-06	1.0				1	7	6	1	3	2	27	43	50	55	58	1	In	VDJ							0.0
654	ATCCAGCCCTCAGAACCCAGGGACTCAGCTGTGTATTTTTGTGCTAGTGGTTTGGGACAGGGGAAGGGCGAGCAGTACTTCGGGCCG	CASGLGQGKGEQYF	1	0.03005711	42	TCRBV12-05*01	TCRBV12	TCRBV12-05	1.0				TCRBD01-01*01	TCRBD01	TCRBD01-01	1.0				TCRBJ02-07*01	TCRBJ02	TCRBJ02-07	1.0				1	0	2	2	5	6	39	-1	55	63	68	1	In	VDJ							0.0
655	CTGCTCCCTCCCAGACATCTGTGTACTTCTGTGCCAGCAGTCTAATATTCCGGGACAGTTGACAGTCAGCCCCAGCATTTTGGTGAT		1	0.03005711	52	TCRBV06	TCRBV06	unresolved			TCRBV06-01,TCRBV06-05,TCRBV06-06		TCRBD01-01*01	TCRBD01	TCRBD01-01	1.0				TCRBJ01-05*01	TCRBJ01	TCRBJ01-05	1.0				5	10	0	5	7	6	29	41	51	58	65	1	Out	VDJ							0.0
656	CAGCCAGAAGACTCAGCCCTGTATCTCTGCGCCAGCAGCCAGTACAGGGGGCCGCGTTCTACTAATGAAAAACTGTTTTTTGGCAGT	CASSQYRGPRSTNEKLFF	1	0.03005711	54	TCRBV04-01*01	TCRBV04	TCRBV04-01	1.0				TCRBD01-01*01	TCRBD01	TCRBD01-01	1.0				TCRBJ01-04*01	TCRBJ01	TCRBJ01-04	1.0				3	2	3	0	8	2	27	41	43	52	60	1	In	VDJ							0.0
657	CTGGAGTCCGCCAGCACCAACCAGACATCTATGTACCTCTGTGCCAGCAGCCTCGACAGGGAGGGTGTAAAACTGTTTTTTGGCAGT	CASSLDREGVKLFF	1	0.03005711	42	TCRBV28-01*01	TCRBV28	TCRBV28-01	1.0				unresolved		unresolved		TCRBD01,TCRBD02	TCRBD01-01,TCRBD02-01		TCRBJ01-04*01	TCRBJ01	TCRBJ01-04	1.0				6	4	2	3	7	10	39	50	54	61	68	1	In	VDJ							0.0
658	ACCTTGGAGCTGGGGGACTCGGCCCTTTATCTTTGCGCCAGCAGCCCAGGAACAGGGAACTTGAACACTGAAGCTTTCTTTGGACAA	CASSPGTGNLNTEAFF	1	0.03005711	48	TCRBV05-01*01	TCRBV05	TCRBV05-01	1.0				TCRBD01-01*01	TCRBD01	TCRBD01-01	1.0				TCRBJ01-01*01	TCRBJ01	TCRBJ01-01	1.0				4	6	3	3	4	0	33	45	51	57	61	1	In	VDJ							0.0
659	AAGATCCAGCCCTCAGAACCCAGGGACTCAGCTGTGTACTTCTGTGCCAGCAGTAATTGGCTGGGGACTGAAGCTTTCTTTGGACAA	CASSNWLGTEAFF	1	0.03005711	39	TCRBV12	TCRBV12	unresolved			TCRBV12-03,TCRBV12-04		unresolved		unresolved		TCRBD01,TCRBD02	TCRBD01-01,TCRBD02-01		TCRBJ01-01*01	TCRBJ01	TCRBJ01-01	1.0				5	8	6	2	0	5	42	54	62	-1	66	1	In	VDJ							0.0
660	CCAGGCCTGGGGGACGCAGCCATGTACCTGTGTGCCACCAGCGCCCAAGGGAGGGGGAGCTTGGGGACTGAAGCTTTCTTTGGACAA	CATSAQGRGSLGTEAFF	1	0.03005711	51	TCRBV15-01*01	TCRBV15	TCRBV15-01	1.0				TCRBD02-01*02	TCRBD02	TCRBD02-01	2.0				TCRBJ01-01*01	TCRBJ01	TCRBJ01-01	1.0				5	6	9	0	11	5	30	42	48	55	66	1	In	VDJ							0.0
661	CTGACGATCCAGCGCACACAGCAGGAGGACTCGGCCGTGTATCTCTGTGCCAGTGGGGTAGTTAATGCTGAAGCTTTCTTTGGACAA	CASGVVNAEAFF	1	0.03005711	36	TCRBV07-02*01	TCRBV07	TCRBV07-02	1.0				unresolved		unresolved		TCRBD01,TCRBD02	TCRBD01-01,TCRBD02-01		TCRBJ01-01*01	TCRBJ01	TCRBJ01-01	1.0				9	1	6	2	9	6	45	53	54	58	67	1	In	VDJ							0.0
662	AGCTCTCTGGAGCTGGGGGACTCAGCTTTGTATTTCTGTGCCAGCAGCGTAGTAGCGGGGGGCTCCGGGGAGCTGTTTTTTGGAGAA	CASSVVAGGSGELFF	1	0.03005711	45	TCRBV09-01	TCRBV09	TCRBV09-01				01,02	TCRBD02-01*01	TCRBD02	TCRBD02-01	1.0				TCRBJ02-02*01	TCRBJ02	TCRBJ02-02	1.0				0	0	5	1	2	6	36	-1	52	62	64	1	In	VDJ							0.0
663	GTGACATCGGCCCAAAAGAACCCGACAGCTTTCTATCTCTGTGCCACCACCTTGGGGGCCAACACAGATACGCAGTATTTTGGCCCA	CATTLGANTDTQYF	1	0.03005711	42	TCRBV19-01	TCRBV19	TCRBV19-01				01,02	TCRBD01-01*01	TCRBD01	TCRBD01-01	1.0				TCRBJ02-03*01	TCRBJ02	TCRBJ02-03	1.0				10	7	6	0	3	2	39	46	53	59	62	1	In	VDJ							0.0
664	ACTCTGACAGTGACCAGTGCCCATCCTGAAGACAGCAGCTTCTACATCTGCAGTGCCCAGGACACAGATACGCAGTATTTTGGCCCA	CSAQDTDTQYF	1	0.03005711	33	TCRBV20-01*01	TCRBV20	TCRBV20-01	1.0				TCRBD01-01*01	TCRBD01	TCRBD01-01	1.0				TCRBJ02-03*01	TCRBJ02	TCRBJ02-03	1.0				6	1	4	4	1	2	48	56	57	61	62	1	In	VDJ							0.0
665	AGCTCTCTGGAGCTGGGGGACTCAGCTTTGTATTTCTGTGCCAGCAGCGAGACTAGCGGGAGCCCAGATACGCAGTATTTTGGCCCA	CASSETSGSPDTQYF	1	0.03005711	45	TCRBV09-01	TCRBV09	TCRBV09-01				01,02	TCRBD02-01*02	TCRBD02	TCRBD02-01	2.0				TCRBJ02-03*01	TCRBJ02	TCRBJ02-03	1.0				3	1	2	2	2	4	36	49	50	62	64	1	In	VDJ							0.0
666	AAGATCCAGCGCACAGAGCGGGGGGACTCAGCCGTGTATCTCTGTGCCAGCAGCTTAAATAGCCCCGACTCCCGGTATTTTGGCCCA	CASSLNSPDSRYF	1	0.03005711	39	TCRBV07-03*01	TCRBV07	TCRBV07-03	1.0				TCRBD02-01	TCRBD02	TCRBD02-01				01,02	TCRBJ02-03*01	TCRBJ02	TCRBJ02-03	1.0				1	8	2	10	4	14	42	58	66	70	74	1	In	VDJ							0.0
667	CAGCCCCAACCAGACCTCTCTGTACTTCTGTGCCAGCAGTTTAAGAGCGGGGGGGCCCTGTACCAAGAGACCCAGTACTTCGGGCCA		1	0.03005711	53	TCRBV27-01*01	TCRBV27	TCRBV27-01	1.0				TCRBD02-01*01	TCRBD02	TCRBD02-01	1.0				TCRBJ02-05*01	TCRBJ02	TCRBJ02-05	1.0				2	2	6	0	6	0	28	43	45	55	61	1	Out	VDJ							0.0
668	CCTACACGCCCTGCAGCCAGAAGACTCAGCCCTGTATCTCTGCGCCAGCAGCCAGGGGGGACCCAGGAGACCCAGTACTTCGGGCCA		1	0.03005711	41	TCRBV04-01*01	TCRBV04	TCRBV04-01	1.0				TCRBD02-01*01	TCRBD02	TCRBD02-01	1.0				TCRBJ02-05*01	TCRBJ02	TCRBJ02-05	1.0				3	0	9	1	6	5	40	-1	54	60	66	1	Out	VDJ							0.0
669	CAGCCTGCAGAGCTTGGGGACTCGGCCGTGTATCTCTGTGCCAGCAGCCCCGGGACTGGAGCCTACAATGAGCAGTTCTTCGGGCCA	CASSPGTGAYNEQFF	1	0.03005711	45	TCRBV11-03*01	TCRBV11	TCRBV11-03	1.0				TCRBD02-01	TCRBD02	TCRBD02-01				01,02	TCRBJ02-01*01	TCRBJ02	TCRBJ02-01	1.0				5	3	0	10	4	2	36	48	51	57	61	1	In	VDJ							0.0
670	CTGAGCTCTCTGGAGCTGGGGGACTCAGCTTTGTATTTCTGTGCCAGCAGCGTAGGCGGGGGGTACAATGAGCAGTTCTTCGGGCCA	CASSVGGGYNEQFF	1	0.03005711	42	TCRBV09-01	TCRBV09	TCRBV09-01				01,02	TCRBD02-01*01	TCRBD02	TCRBD02-01	1.0				TCRBJ02-01*01	TCRBJ02	TCRBJ02-01	1.0				0	0	7	1	0	4	39	-1	55	-1	63	1	In	VDJ							0.0
671	ACCCTGCAGCCAGAAGACTCGGCCCTGTATCTCTGCGCCAGCAGCCAAGACCCAACGGGGGGGTACAATGAGCAGTTCTTCGGGCCA	CASSQDPTGGYNEQFF	1	0.03005711	48	TCRBV04-03*01	TCRBV04	TCRBV04-03	1.0				TCRBD02-01*01	TCRBD02	TCRBD02-01	1.0				TCRBJ02-01*01	TCRBJ02	TCRBJ02-01	1.0				0	5	8	0	0	4	33	50	55	-1	63	1	In	VDJ							0.0
672	CTTGGAGCTGGACGACTCGGCCCTGTATCTCTGTGCCAGCAGCTTGGGGGACAGGGAGCCGCTTACAATGAGCAGTTCTTCGGGCCA		1	0.03005711	50	TCRBV05-04*01	TCRBV05	TCRBV05-04	1.0				TCRBD01-01*01	TCRBD01	TCRBD01-01	1.0				TCRBJ02-01*01	TCRBJ02	TCRBJ02-01	1.0				0	0	0	3	7	4	31	-1	47	56	63	1	Out	VDJ							0.0
673	CTGAGCTCTCTGGAGCTGGGGGACTCAGCTTTGTATTTCTGTGCCAGCAGCGTTGCCGGGACTAGAAATTACCTGTTCTTCGGGCCA	CASSVAGTRNYLFF	1	0.03005711	42	TCRBV09-01	TCRBV09	TCRBV09-01				01,02	TCRBD02-01	TCRBD02	TCRBD02-01				01,02	TCRBJ02-01*01	TCRBJ02	TCRBJ02-01	1.0				2	4	0	8	9	15	39	53	57	65	74	1	In	VDJ							0.0
674	GCCCAAAAGAACCCGACAGCTTTCTATCTCTGTGCCAGTAGCGCTCGGGACAGGGGGTCCTATAATTCACCCCTCCACTTTGGGAAC	CASSARDRGSYNSPLHF	1	0.03005711	51	TCRBV19-01	TCRBV19	TCRBV19-01				01,02	TCRBD01-01*01	TCRBD01	TCRBD01-01	1.0				TCRBJ01-06*01	TCRBJ01	TCRBJ01-06	1.0				6	5	0	1	0	1	30	41	46	-1	57	1	In	VDJ							0.0
675	GAGTCGCCCAGCCCCAACCAGACCTCTCTGTACTTCTGTGCCAGCAGGAGAACAGGGGGTTTTGGAAACATTCAGTACTTCGGCGCC	CASRRTGGFGNIQYF	1	0.03005711	45	TCRBV27-01*01	TCRBV27	TCRBV27-01	1.0				TCRBD01-01*01	TCRBD01	TCRBD01-01	1.0				TCRBJ02-04*01	TCRBJ02	TCRBJ02-04	1.0				6	4	3	1	6	6	36	47	51	59	65	1	In	VDJ							0.0
676	CACCTACACACCCTGCAGCCAGAAGACTCGGCCCTGTATCTCTGCGCCAGCAGCCAGGGTGTTAGGGACATTCAGTACTTCGGCGCC	CASSQGVRDIQYF	1	0.03005711	39	TCRBV04-03*01	TCRBV04	TCRBV04-03	1.0				unresolved		unresolved		TCRBD01,TCRBD02	TCRBD01-01,TCRBD02-01		TCRBJ02-04*01	TCRBJ02	TCRBJ02-04	1.0				3	7	5	3	0	8	42	56	63	-1	67	1	In	VDJ							0.0
677	GTAGTGCGAGGAGATTCGGCAGCTTATTTCTGTGCCAGCTCACCAAGCTCAGGGGCCAGCTCTGGAAACACCATATATTTTGGAGAG	CASSPSSGASSGNTIYF	1	0.03005711	51	TCRBV18-01*01	TCRBV18	TCRBV18-01	1.0				TCRBD01-01*01	TCRBD01	TCRBD01-01	1.0				TCRBJ01-03*01	TCRBJ01	TCRBJ01-03	1.0				2	4	4	2	4	0	30	45	49	55	59	1	In	VDJ							0.0
678	CAGCCTGCAGAACTGGAGGATTCTGGAGTTTATTTCTGTGCCAGCAGCCGCGGACTAGCGGGGACCTACGAGCAGTACTTCGGGCCG	CASSRGLAGTYEQYF	1	0.03005711	45	TCRBV14-01*01	TCRBV14	TCRBV14-01	1.0				TCRBD02-01*01	TCRBD02	TCRBD02-01	1.0				TCRBJ02-07*01	TCRBJ02	TCRBJ02-07	1.0				4	2	1	3	1	2	36	49	51	63	64	1	In	VDJ							0.0
679	GAGCTGGACGACTCGGCCCTGTATCTCTGTGCCAGCAGCTGGGGACAGGGGATATTAGCAACTAATGAAAAACTGTTTTTTGGCAGT	CASSWGQGILATNEKLFF	1	0.03005711	54	TCRBV05-04*01	TCRBV05	TCRBV05-04	1.0				TCRBD01-01*01	TCRBD01	TCRBD01-01	1.0				TCRBJ01-04*01	TCRBJ01	TCRBJ01-04	1.0				3	1	0	2	7	0	27	40	41	51	58	1	In	VDJ							0.0
680	TGGGGGACTCGGCCCTTTATCTTTGCGCCAGCAGCTTGGCCATGGTCCGGAAAGGGACAGTCAAACACTGAAGCTTTCTTTGGACAA		1	0.03005711	58	TCRBV05-01*01	TCRBV05	TCRBV05-01	1.0				TCRBD01-01*01	TCRBD01	TCRBD01-01	1.0				TCRBJ01-01*01	TCRBJ01	TCRBJ01-01	1.0				0	14	0	5	3	2	23	39	53	60	63	1	Out	VDJ							0.0
681	TGCAGAGCAGGGGGACTCGGCCGTGTATGTCTGTGCAAGTCGCTTAGGATCACAGGGGGCGAGAACACTGAAGCTTTCTTTGGACAA		1	0.03005711	50	TCRBV12-02*01	TCRBV12	TCRBV12-02	1.0				TCRBD01-01*01	TCRBD01	TCRBD01-01	1.0				TCRBJ01-01*01	TCRBJ01	TCRBJ01-01	1.0				1	4	3	0	2	1	31	47	51	60	62	1	Out	VDJ							0.0
682	GCCTTGTTGCTGGGGGACTCGGCCCTGTATCTCTGTGCCAGCAGCTTGTCGGGACAGGGGGCCGCCGGGGAGCTGTTTTTTGGAGAA	CASSLSGQGAAGELFF	1	0.03005711	48	TCRBV05-05*01	TCRBV05	TCRBV05-05	1.0				TCRBD01-01*01	TCRBD01	TCRBD01-01	1.0				TCRBJ02-02*01	TCRBJ02	TCRBJ02-02	1.0				1	2	0	0	2	6	33	48	50	62	64	1	In	VDJ							0.0
683	ATCCAGCGCACACAGCAGGAGGACTCGGCCGTGTATCTCTGTGCCAGCAGCTCGGACTTACGCACAGATACGCAGTATTTTGGCCCA	CASSSDLRTDTQYF	1	0.03005711	42	TCRBV07-02*01	TCRBV07	TCRBV07-02	1.0				TCRBD02-01	TCRBD02	TCRBD02-01				01,02	TCRBJ02-03*01	TCRBJ02	TCRBJ02-03	1.0				4	1	1	10	3	1	39	52	53	58	61	1	In	VDJ							0.0
684	TTGGAGCTGGGGGACTCGGCCCTTTATCTTTGCGCCAGCAGCTTGGCCGAAAAACTAGCTGGCACAGATACGCAGTATTTTGGCCCA	CASSLAEKLAGTDTQYF	1	0.03005711	51	TCRBV05-01*01	TCRBV05	TCRBV05-01	1.0				TCRBD02-01	TCRBD02	TCRBD02-01				01,02	TCRBJ02-03*01	TCRBJ02	TCRBJ02-03	1.0				0	7	3	7	2	1	30	46	53	59	61	1	In	VDJ							0.0
685	GTAGTGCGAGGAGATTCGGCAGCTTATTTCTGTGCCAGCTCACTACAGACTAGCGGGGGGCTGACAGATACGCAGTATTTTGGCCCA	CASSLQTSGGLTDTQYF	1	0.03005711	51	TCRBV18-01*01	TCRBV18	TCRBV18-01	1.0				TCRBD02-01*01	TCRBD02	TCRBD02-01	1.0				TCRBJ02-03*01	TCRBJ02	TCRBJ02-03	1.0				4	4	2	1	3	3	30	43	47	60	63	1	In	VDJ							0.0
686	CTGACGATCCAGCGCACACAGCAGGAGGACTCGGCCGTGTATCTCTGTGCCAGCAGTATCGGACAGGGTCGGCAGTATTTTGGCCCA	CASSIGQGRQYF	1	0.03005711	36	TCRBV07-02*01	TCRBV07	TCRBV07-02	1.0				TCRBD01-01*01	TCRBD01	TCRBD01-01	1.0				TCRBJ02-03*01	TCRBJ02	TCRBJ02-03	1.0				6	4	1	3	3	11	45	56	60	68	71	1	In	VDJ							0.0
687	ACATCGGCCCAAAAGAACCCGACAGCTTTCTATCTCTGTGCCAGTAAAACAGCGGGGGGGGGACAAGAGACCCAGTACTTCGGGCCA	CASKTAGGGQETQYF	1	0.03005711	45	TCRBV19-01	TCRBV19	TCRBV19-01				01,02	TCRBD02-01*01	TCRBD02	TCRBD02-01	1.0				TCRBJ02-05*01	TCRBJ02	TCRBJ02-05	1.0				7	4	6	0	3	2	36	46	50	60	63	1	In	VDJ							0.0
688	AGCTCTCTGGAGCTGGGGGACTCAGCTTTGTATTTCTGTGCCAGCAGCGTCTACCCGGCAGGTCAAGAGACCCAGTACTTCGGGCCA	CASSVYPAGQETQYF	1	0.03005711	45	TCRBV09-01	TCRBV09	TCRBV09-01				01,02	TCRBD01-01*01	TCRBD01	TCRBD01-01	1.0				TCRBJ02-05*01	TCRBJ02	TCRBJ02-05	1.0				2	8	4	4	1	2	36	50	58	62	63	1	In	VDJ							0.0
689	AGCGCACAGAGCGGGGGGACTCAGCCGTGTATCTCTGTGCCAGCAGCTTAAGGCTGACTAGAGGAAGAGACCCAGTACTTCGGGCCA		1	0.03005711	46	TCRBV07-03*01	TCRBV07	TCRBV07-03	1.0				TCRBD02-01	TCRBD02	TCRBD02-01				01,02	TCRBJ02-05*01	TCRBJ02	TCRBJ02-05	1.0				1	4	2	8	3	3	35	51	55	61	64	1	Out	VDJ							0.0
690	CGCACAGAGCAGGGGGACTCGGCCATGTATCTCTGTGCCAGCAGCTTACTAGCGGGGGGGCCTCCGGAGACCCAGTACTTCGGGCCA	CASSLLAGGPPETQYF	1	0.03005711	48	TCRBV07-09	TCRBV07	TCRBV07-09				01,03	TCRBD02-01*01	TCRBD02	TCRBD02-01	1.0				TCRBJ02-05*01	TCRBJ02	TCRBJ02-05	1.0				2	0	4	0	6	5	33	-1	48	60	66	1	In	VDJ							0.0
691	TCCTTGGAGCTGGGGGACTCAGCCCTGTACTTCTGTGCCAGCAGCTTAACGGGCAGGGGGTACCACAATGAGCAGTTCTTCGGGCCA	CASSLTGRGYHNEQFF	1	0.03005711	48	TCRBV13-01*01	TCRBV13	TCRBV13-01	1.0				TCRBD01-01*01	TCRBD01	TCRBD01-01	1.0				TCRBJ02-01*01	TCRBJ02	TCRBJ02-01	1.0				2	5	4	1	4	5	33	48	53	60	64	1	In	VDJ							0.0
692	GAGCTGGGGGACTCAGCTTTGTATTTCTGTGCCAGCAGCCCGAGGACTAGCGGGTGGAGCTCCTACAATGAGCAGTTCTTCGGGCCA	CASSPRTSGWSSYNEQFF	1	0.03005711	54	TCRBV09-01	TCRBV09	TCRBV09-01				01,02	TCRBD02-01	TCRBD02	TCRBD02-01				01,02	TCRBJ02-01*01	TCRBJ02	TCRBJ02-01	1.0				4	4	1	4	5	0	27	39	43	54	59	1	In	VDJ							0.0
693	GCGTCTGCTGTACCCTCTCAGACATCTGTGTACTTCTGTGCCAGCAGTGACTCTGCGGGGGGGCCGGGTGAGCAGTTCTTCGGGCCA	CASSDSAGGPGEQFF	1	0.03005711	45	TCRBV06-04	TCRBV06	TCRBV06-04				01,02	TCRBD02-01*01	TCRBD02	TCRBD02-01	1.0				TCRBJ02-01*01	TCRBJ02	TCRBJ02-01	1.0				0	1	7	0	5	9	36	53	54	63	68	1	In	VDJ							0.0
694	CGAGGAGATTCGGCAGCTTATTTCTGTGCCAGCTCACCACTCGCAGGGGGCAAAGACTCTGGGGCCAACGTCCTGACTTTCGGGGCC	CASSPLAGGKDSGANVLTF	1	0.03005711	57	TCRBV18-01*01	TCRBV18	TCRBV18-01	1.0				TCRBD01-01*01	TCRBD01	TCRBD01-01	1.0				TCRBJ02-06*01	TCRBJ02	TCRBJ02-06	1.0				1	3	4	0	5	0	24	40	43	51	56	1	In	VDJ							0.0
695	ACATCGGCCCAAAAGAACCCGACAGCTTTCTATCTCTGTGCCAGTAGTTCCAGGGGATCTCATTTAAGAGAGCAGTACTTCGGGCCG	CASSSRGSHLREQYF	1	0.03005711	45	TCRBV19-01	TCRBV19	TCRBV19-01				01,02	TCRBD01-01*01	TCRBD01	TCRBD01-01	1.0				TCRBJ02-07*01	TCRBJ02	TCRBJ02-07	1.0				5	2	4	2	13	7	36	48	50	56	69	1	In	VDJ							0.0
696	GTGACCAGTGCCCATCCTGAAGACAGCAGCTTCTACATCTGCAGTGCTAGAGGGACACTTACGGACTACGAGCAGTACTTCGGGCCG	CSARGTLTDYEQYF	1	0.03005711	42	TCRBV20	TCRBV20	unresolved			TCRBV20-01,TCRBV20-or09_02		TCRBD01-01*01	TCRBD01	TCRBD01-01	1.0				TCRBJ02-07*01	TCRBJ02	TCRBJ02-07	1.0				1	0	1	6	8	3	39	-1	52	57	65	1	In	VDJ							0.0
697	CCCAAAAGAACCCGACAGCTTTCTATCTCTGTGCCAGTAGTATAGCGGAAACAGGACATATGCTCCTACGAGCAGTACTTCGGGCCG		1	0.03005711	52	TCRBV19-01	TCRBV19	TCRBV19-01				01,02	TCRBD01-01*01	TCRBD01	TCRBD01-01	1.0				TCRBJ02-07*01	TCRBJ02	TCRBJ02-07	1.0				1	8	1	6	4	0	29	45	53	58	62	1	Out	VDJ							0.0
698	ACATCGGCCCAAAAGAACCCGACAGCTTTCTATCTCTGTGCCAGTAGTATCTTACAGGGGGCAGAGAGGGGCTACACCTTCGGTTCG	CASSILQGAERGYTF	1	0.03005711	45	TCRBV19-01	TCRBV19	TCRBV19-01				01,02	TCRBD01-01*01	TCRBD01	TCRBD01-01	1.0				TCRBJ01-02*01	TCRBJ01	TCRBJ01-02	1.0				3	3	3	0	7	8	36	50	53	62	69	1	In	VDJ							0.0
699	ACATCGGCCCAAAAGAACCCGACAGCTTTCTATCTCTGTGCCAGTAGTACGCGACAGGGGCGGCGAGAAAAACTGTTTTTTGGCAGT	CASSTRQGRREKLFF	1	0.03005711	45	TCRBV19-01	TCRBV19	TCRBV19-01				01,02	TCRBD01-01*01	TCRBD01	TCRBD01-01	1.0				TCRBJ01-04*01	TCRBJ01	TCRBJ01-04	1.0				4	3	2	2	6	8	36	49	52	60	66	1	In	VDJ							0.0
700	CCTCTCACTGTGACATCGGCCCAAAAGAACCCGATAGCTTTCTATCTCCAGGGGGACAGGCTGAACACTGAAGCTTTCTTTGGACAA	QGDRLNTEAFF	1	0.03005711	33	TCRBV19-01	TCRBV19	TCRBV19-01				01,02	TCRBD01-01*01	TCRBD01	TCRBD01-01	1.0				TCRBJ01-01*01	TCRBJ01	TCRBJ01-01	1.0				17	4	0	4	1	0	48	48	52	60	61	1	In	VDJ							0.0
701	TCGGCCCAAAAGAACCCGACAGCTTTCTATCTCTGTGCCAGTAGTACCCTTGAGGGGCTCTACACCGGGGAGCTGTTTTTTGGAGAA	CASSTLEGLYTGELFF	1	0.03005711	48	TCRBV19-01	TCRBV19	TCRBV19-01				01,02	unresolved		unresolved		TCRBD01,TCRBD02	TCRBD01-01,TCRBD02-01		TCRBJ02-02*01	TCRBJ02	TCRBJ02-02	1.0				4	6	5	2	4	3	33	46	52	57	61	1	In	VDJ							0.0
702	GCAAAGCTTGAGGACTCGGCCGTGTATCTCTGTGCCAGCAGCCTTAGGGACGGACTAGCGGGGGGAGATACGCAGTATTTTGGCCCA	CASSLRDGLAGGDTQYF	1	0.03005711	51	TCRBV11-02*02	TCRBV11	TCRBV11-02	2.0				TCRBD02-01*01	TCRBD02	TCRBD02-01	1.0				TCRBJ02-03*01	TCRBJ02	TCRBJ02-03	1.0				5	9	1	1	0	5	30	42	51	-1	65	1	In	VDJ							0.0
703	ACGCCTTGGAGCTGGACGACTCGGCCCTGTATCTCTGTGCCAGCAGCTTGGGGCCAGCGGGGCCAAGAGACCCAGTACTTCGGGCCA		1	0.03005711	46	TCRBV05-04*01	TCRBV05	TCRBV05-04	1.0				TCRBD02-01*01	TCRBD02	TCRBD02-01	1.0				TCRBJ02-05*01	TCRBJ02	TCRBJ02-05	1.0				0	4	6	3	0	1	35	51	55	-1	62	1	Out	VDJ							0.0
704	TTGGAGCTGGGGGACTCGGCCCTTTATCTTTGCGCCAGCAGGGGGACTAGCGGGGGGGCCGGAGGAGAGACCCAGTACTTCGGGCCA	CASRGTSGGAGGETQYF	1	0.03005711	51	TCRBV05-01*01	TCRBV05	TCRBV05-01	1.0				TCRBD02-01*01	TCRBD02	TCRBD02-01	1.0				TCRBJ02-05*01	TCRBJ02	TCRBJ02-05	1.0				5	1	0	0	7	4	30	41	42	58	65	1	In	VDJ							0.0
705	AGCTCTCTGGAGCTGGGGGACTCAGCTTTGTATTTCTGTGCCAGCAGCGCCCTTTACAGGGGAGGAGAGACCCAGTACTTCGGGCCA	CASSALYRGGETQYF	1	0.03005711	45	TCRBV09-01	TCRBV09	TCRBV09-01				01,02	TCRBD01-01*01	TCRBD01	TCRBD01-01	1.0				TCRBJ02-05*01	TCRBJ02	TCRBJ02-05	1.0				3	6	3	2	3	4	36	49	55	62	65	1	In	VDJ							0.0
706	CCAGCGCACAGAGCAGGGGGACTCGGCCATGTATCTCTGTGCCAGCAGCTACGTAGCGGGGGGGCTACAAAGCAGTTCTTCGGGCCA		1	0.03005711	44	TCRBV07-09	TCRBV07	TCRBV07-09				01,03	TCRBD02-01*01	TCRBD02	TCRBD02-01	1.0				TCRBJ02-01*01	TCRBJ02	TCRBJ02-01	1.0				4	3	5	0	6	11	37	50	53	64	70	1	Out	VDJ							0.0
707	AGATCCAGCGCACAGAGCAGGGGGACTCAGCTGTGTATCTCTGTGCCAGCAGCTCATCAGGGACCCGGGGAGCAGTTCTTCGGGCCA		1	0.03005711	40	TCRBV07-04*01	TCRBV07	TCRBV07-04	1.0				unresolved		unresolved		TCRBD01,TCRBD02	TCRBD01-01,TCRBD02-01		TCRBJ02-01*01	TCRBJ02	TCRBJ02-01	1.0				4	5	0	7	5	10	41	54	59	64	69	1	Out	VDJ							0.0
708	GCGCACAGAGCGGGGGGACTCAGCCGTGTATCTCTGTGCCAGCAGCTTAATGGGTGACAGGGTCACAATGAGCAGTTCTTCGGGCCA		1	0.03005711	47	TCRBV07-03*01	TCRBV07	TCRBV07-03	1.0				TCRBD01-01*01	TCRBD01	TCRBD01-01	1.0				TCRBJ02-01*01	TCRBJ02	TCRBJ02-01	1.0				1	5	2	3	2	5	34	50	55	62	64	1	Out	VDJ							0.0
709	ACATCGGCCCAAAAGAACCCGACAGCTTTCTATCTCTGTGCCAGTAGTATGCGGGGGGTGGGGATGGATGAGCAGTTCTTCGGGCCA	CASSMRGVGMDEQFF	1	0.03005711	45	TCRBV19-01	TCRBV19	TCRBV19-01				01,02	TCRBD02-01*01	TCRBD02	TCRBD02-01	1.0				TCRBJ02-01*01	TCRBJ02	TCRBJ02-01	1.0				3	0	7	1	9	8	36	-1	50	58	67	1	In	VDJ							0.0
710	AGTGCGAGGAGATTCGGCAGCTTATTTCTGTGCCAGCTCACCTACCAAAAGGGGAGCTCCTATAATTCACCCCTCCACTTTGGGAAC		1	0.03005711	53	TCRBV18-01*01	TCRBV18	TCRBV18-01	1.0				unresolved		unresolved		TCRBD01,TCRBD02	TCRBD01-01,TCRBD02-01		TCRBJ01-06*01	TCRBJ01	TCRBJ01-06	1.0				3	7	5	2	2	0	28	42	49	54	56	1	Out	VDJ							0.0
711	CTTGGAGCTGGACGACTCGGCCCTGTATCTCTGTGCCAGCTTTTTTCCCGGGACAGGGTGGTCAAAAACATTCAGTACTTCGGCGCC		1	0.03005711	50	TCRBV05-04*01	TCRBV05	TCRBV05-04	1.0				TCRBD01-01*01	TCRBD01	TCRBD01-01	1.0				TCRBJ02-04*01	TCRBJ02	TCRBJ02-04	1.0				7	9	0	3	4	3	31	40	49	58	62	1	Out	VDJ							0.0
712	CAATCCTGTCCTCAGAACCGGGAGACACGGCACTGTATCTCTGCGCCAGCAAATGTAAACAACTACTACGAGCAGTACTTCGGGCCG		1	0.03005711	40	TCRBV23-01*01	TCRBV23	TCRBV23-01	1.0				TCRBD02-01	TCRBD02	TCRBD02-01				01,02	TCRBJ02-07*01	TCRBJ02	TCRBJ02-07	1.0				7	10	3	9	0	3	41	51	61	-1	65	1	Out	VDJ							0.0
713	CTGAATGTGAACGCCTTGTTGCTGGGGGACTCGGCCCTGTATCTCTGTGCCAGCAGCTCCGGGTCCTACGAGCAGTACTTCGGGCCG	CASSSGSYEQYF	1	0.03005711	36	TCRBV05-05*01	TCRBV05	TCRBV05-05	1.0				TCRBD02-01	TCRBD02	TCRBD02-01				01,02	TCRBJ02-07*01	TCRBJ02	TCRBJ02-07	1.0				3	1	8	4	0	1	45	58	59	-1	63	1	In	VDJ							0.0
714	CTCAGAACCCAGGGACTCAGCTGTGTACTTCTGTGCCAGCAGTTACGGGGGGGGCCCTCGGGGCGCTACGAGCAGTACTTCGGGCCG		1	0.03005711	50	TCRBV12	TCRBV12	unresolved			TCRBV12-03,TCRBV12-04		TCRBD02-01*01	TCRBD02	TCRBD02-01	1.0				TCRBJ02-07*01	TCRBJ02	TCRBJ02-07	1.0				4	1	8	0	12	3	31	44	45	53	65	1	Out	VDJ							0.0
715	AGGCTGGAGTTGGCTGCTCCCTCCCAGACATCTGTGTACTTCTGTGCCAGCAGTTACCCCCCGCAGTACGAGCAGTACTTCGGGCCG	CASSYPPQYEQYF	1	0.03005711	39	TCRBV06-06	TCRBV06	TCRBV06-06				01,02	TCRBD01-01*01	TCRBD01	TCRBD01-01	1.0				TCRBJ02-07*01	TCRBJ02	TCRBJ02-07	1.0				2	6	4	5	0	4	42	57	63	-1	66	1	In	VDJ							0.0
716	CTGTCCTCAGAACCGGGAGACACGGCACTGTATCTCTGCGCCAGCAGTCTGGGGACAAGAGCGAACTATGGCTACACCTTCGGTTCG	CASSLGTRANYGYTF	1	0.03005711	45	TCRBV23-01*01	TCRBV23	TCRBV23-01	1.0				TCRBD01-01*01	TCRBD01	TCRBD01-01	1.0				TCRBJ01-02*01	TCRBJ01	TCRBJ01-02	1.0				4	2	0	6	6	2	36	49	51	57	63	1	In	VDJ							0.0
717	ACGATCCAGCGCACACAGCAGGAGGACTCGGCCGTGTATCTCTGTGCCAGCAGCATGACAGGAGATGAGCCCCAGCATTTTGGTGAT	CASSMTGDEPQHF	1	0.03005711	39	TCRBV07-02*01	TCRBV07	TCRBV07-02	1.0				TCRBD01-01*01	TCRBD01	TCRBD01-01	1.0				TCRBJ01-05*01	TCRBJ01	TCRBJ01-05	1.0				5	2	2	4	5	8	42	54	56	62	67	1	In	VDJ							0.0
718	CCTTGGAGCTGGGGGACTCGGCCCTTTATCTTTGCGCCAGCAGCCCAATAGTTCGCGGGAACTAATGAAAAACTGTTTTTTGGCAGT		1	0.03005711	49	TCRBV05-01*01	TCRBV05	TCRBV05-01	1.0				TCRBD02-01	TCRBD02	TCRBD02-01				01,02	TCRBJ01-04*01	TCRBJ01	TCRBJ01-04	1.0				4	10	7	4	0	1	32	44	54	-1	59	1	Out	VDJ							0.0
719	ATCAATTCCCTGGAGCTTGGTGACTCTGCTGTGTATTTCTGTGCCAGCAGTGGGAGCCTTTCCAACACTGAAGCTTTCTTTGGACAA	CASSGSLSNTEAFF	1	0.03005711	42	TCRBV03	TCRBV03	unresolved			TCRBV03-01,TCRBV03-02		TCRBD02-01*02	TCRBD02	TCRBD02-01	2.0				TCRBJ01-01*01	TCRBJ01	TCRBJ01-01	1.0				6	1	9	2	7	2	39	50	51	56	63	1	In	VDJ							0.0
720	GCCTGCAGAACTGGAGGATTCTGGAGTTTATTTCTGTGCCAGCAGCCAAGCGAGGCAGACATGAACACTGAAGCTTTCTTTGGACAA		1	0.03005711	47	TCRBV14-01*01	TCRBV14	TCRBV14-01	1.0				unresolved		unresolved		TCRBD01,TCRBD02	TCRBD01-01,TCRBD02-01		TCRBJ01-01*01	TCRBJ01	TCRBJ01-01	1.0				1	7	2	6	0	0	34	50	57	-1	61	1	Out	VDJ							0.0
721	CCTCTCACTGTGACATCGGCCCAAAAGAACCCGACAGCTTTCTATCTCCAGGGGGACAGGCTGAACACTGAAGCTTTCTTTGGACAA	QGDRLNTEAFF	1	0.03005711	33	TCRBV19-01	TCRBV19	TCRBV19-01				01,02	TCRBD01-01*01	TCRBD01	TCRBD01-01	1.0				TCRBJ01-01*01	TCRBJ01	TCRBJ01-01	1.0				17	4	0	4	1	0	48	48	52	60	61	1	In	VDJ							0.0
722	CCCCTGACCCTGGAGTCTGCCAGGCCCTCACATACCTCTCAGTACCTCTGTGCCAGCAAACTTGAAATGACGGCTTTCTTTGGACAA	CASKLEMTAFF	1	0.03005711	33	TCRBV25-01*01	TCRBV25	TCRBV25-01	1.0				unresolved		unresolved		TCRBD01,TCRBD02	TCRBD01-01,TCRBD02-01		TCRBJ01-01*01	TCRBJ01	TCRBJ01-01	1.0				7	10	2	7	1	11	48	58	68	71	72	1	In	VDJ							0.0
723	AGCTCTCTGGAGCTGGGGGACTCAGCTTTGTATTTCTGTGCCAGCAGCACTAGCGGGGGGGCCTTCGGGGAGCTGTTTTTTGGAGAA	CASSTSGGAFGELFF	1	0.03005711	45	TCRBV09-01	TCRBV09	TCRBV09-01				01,02	TCRBD02-01*01	TCRBD02	TCRBD02-01	1.0				TCRBJ02-02*01	TCRBJ02	TCRBJ02-02	1.0				4	0	3	0	4	7	36	-1	48	61	65	1	In	VDJ							0.0
724	CAGAGCAGCGGGACTCAGCCATGTATCGCTGTGCTAGCAGCCCCGACCCGGGACAGGGAGTTTTAAGATACGCAGTATTTTGGCCCA		1	0.03005711	52	TCRBV07-07*01	TCRBV07	TCRBV07-07	1.0				TCRBD01-01*01	TCRBD01	TCRBD01-01	1.0				TCRBJ02-03*01	TCRBJ02	TCRBJ02-03	1.0				5	8	0	3	7	5	29	41	49	58	65	1	Out	VDJ							0.0
725	CTTGGTGACTCTGCTGTGTATTTCTGTGCCAGCAGCCATCATTACCTAGCGGGGGGCCCTGACACAGATACGCAGTATTTTGGCCCA	CASSHHYLAGGPDTDTQYF	1	0.03005711	57	TCRBV03	TCRBV03	unresolved			TCRBV03-01,TCRBV03-02		TCRBD02-01*01	TCRBD02	TCRBD02-01	1.0				TCRBJ02-03*01	TCRBJ02	TCRBJ02-03	1.0				3	7	4	1	6	2	24	38	45	56	62	1	In	VDJ							0.0
726	GCCTTGGAGCTGGACGACTCGGCCCTGTATCTCTGTGCCAGCAGCTTGGATGGGACACCCAGCACAGATACGCAGTATTTTGGCCCA	CASSLDGTPSTDTQYF	1	0.03005711	48	TCRBV05-04*01	TCRBV05	TCRBV05-04	1.0				TCRBD01-01*01	TCRBD01	TCRBD01-01	1.0				TCRBJ02-03*01	TCRBJ02	TCRBJ02-03	1.0				0	2	0	6	3	0	33	49	51	57	60	1	In	VDJ							0.0
727	TGGAGCTGGGGGACTCAGCTTTGTATTTCTGTGCCAGCAGCGTAGCCGAGGACGGGGGGAACTGCAGATACGCAGTATTTTGGCCCA		1	0.03005711	52	TCRBV09-01	TCRBV09	TCRBV09-01				01,02	TCRBD02-01*01	TCRBD02	TCRBD02-01	1.0				TCRBJ02-03*01	TCRBJ02	TCRBJ02-03	1.0				0	7	8	1	5	4	29	45	52	59	64	1	Out	VDJ							0.0
728	CTGGGGGACTCGGCCCTTTATCTTTGCGCCAGCAGCTTGACCGGACTAGCGGGGGCCCCCCTCCTCGATACGCAGTATTTTGGCCCA	CASSLTGLAGAPLLDTQYF	1	0.03005711	57	TCRBV05-01*01	TCRBV05	TCRBV05-01	1.0				TCRBD02-01*01	TCRBD02	TCRBD02-01	1.0				TCRBJ02-03*01	TCRBJ02	TCRBJ02-03	1.0				1	3	1	2	11	6	24	39	42	55	66	1	In	VDJ							0.0
729	TCCCTGGAGCTTGGTGACTCTGCTGTGTATTTCTGTGCCAGCGCCACTTCTAGCGGGGGTATTCAAGAGACCCAGTACTTCGGGCCA	CASATSSGGIQETQYF	1	0.03005711	48	TCRBV03	TCRBV03	unresolved			TCRBV03-01,TCRBV03-02		TCRBD02-01*01	TCRBD02	TCRBD02-01	1.0				TCRBJ02-05*01	TCRBJ02	TCRBJ02-05	1.0				8	7	4	2	4	2	33	42	49	59	63	1	In	VDJ							0.0
730	AAGATCCAGCCCTCAGAACCCAGGGACTCAGCTGTGTACTTCTGTGCCAGCAGGAAACCGGGAGTAGAGACCCAGTACTTCGGGCCA	CASRKPGVETQYF	1	0.03005711	39	TCRBV12	TCRBV12	unresolved			TCRBV12-03,TCRBV12-04		TCRBD02-01*02	TCRBD02	TCRBD02-01	2.0				TCRBJ02-05*01	TCRBJ02	TCRBJ02-05	1.0				6	5	8	2	1	4	42	53	58	64	65	1	In	VDJ							0.0
731	ATCCAGCCTGCAGAGCTTGGGGACTCGGCCATGTATCTCTGTGCCAGCAGCTTATCTGTCAGTGACGGGGAGCAGTTCTTCGGGCCA	CASSLSVSDGEQFF	1	0.03005711	42	TCRBV11-01*01	TCRBV11	TCRBV11-01	1.0				TCRBD02-01	TCRBD02	TCRBD02-01				01,02	TCRBJ02-01*01	TCRBJ02	TCRBJ02-01	1.0				2	11	8	4	0	10	39	54	65	-1	69	1	In	VDJ							0.0
732	ATCCAGCGCACACAGCAGGAGGACTCGGCCGTGTATCTCTGTGCCAGCAGCTTAATGAACTCCTACAATGAGCAGTTCTTCGGGCCA	CASSLMNSYNEQFF	1	0.03005711	42	TCRBV07-02*01	TCRBV07	TCRBV07-02	1.0				unresolved		unresolved		TCRBD01,TCRBD02	TCRBD01-01,TCRBD02-01		TCRBJ02-01*01	TCRBJ02	TCRBJ02-01	1.0				2	2	2	8	1	0	39	54	56	58	59	1	In	VDJ							0.0
733	TGCAGCCAGAAGACTCAGCCCTGTATCTCTGCGCCAGCAGCCGAGAGATACAGGGGGCAGAGCTACAATGAGCAGTTCTTCGGGCCA		1	0.03005711	52	TCRBV04-01*01	TCRBV04	TCRBV04-01	1.0				TCRBD01-01*01	TCRBD01	TCRBD01-01	1.0				TCRBJ02-01*01	TCRBJ02	TCRBJ02-01	1.0				0	3	3	0	4	3	29	46	49	58	62	1	Out	VDJ							0.0
734	TCTCTGGAGCTGGGGGACTCAGCTTTGTATTTCTGTGCCAGCAGCGTAGACGTAGCGGGGGGGTTCAATGAGCAGTTCTTCGGGCCA	CASSVDVAGGFNEQFF	1	0.03005711	48	TCRBV09-01	TCRBV09	TCRBV09-01				01,02	TCRBD02-01*01	TCRBD02	TCRBD02-01	1.0				TCRBJ02-01*01	TCRBJ02	TCRBJ02-01	1.0				0	3	5	0	2	6	33	49	52	63	65	1	In	VDJ							0.0
735	GTGACCAGTGCCCATCCTGAAGACAGCAGCTTCTACATCTGCAGTGCTACTAGGGGACAGGGGGCATCTGAGCAGTTCTTCGGGCCA	CSATRGQGASEQFF	1	0.03005711	42	TCRBV20	TCRBV20	unresolved			TCRBV20-01,TCRBV20-or09_02		TCRBD01-01*01	TCRBD01	TCRBD01-01	1.0				TCRBJ02-01*01	TCRBJ02	TCRBJ02-01	1.0				4	4	0	0	3	9	39	49	53	65	68	1	In	VDJ							0.0
736	CACACCCTGCAGCCAGAAGACTCGGCCCTGTATCTCTGTGCCAGCAGCCAAGACCGGGGGGGCCTAAACGAGCAGTACTTCGGGCCG	CASSQDRGGLNEQYF	1	0.03005711	45	TCRBV04-02*01	TCRBV04	TCRBV04-02	1.0				TCRBD02-01*01	TCRBD02	TCRBD02-01	1.0				TCRBJ02-07*01	TCRBJ02	TCRBJ02-07	1.0				0	1	8	0	5	5	36	53	54	62	67	1	In	VDJ							0.0
737	TGTGAGTGCCTTGGAGCTGGGGGACTCGGCCCTGTATCTCTGTGCCAGAAGCAGAGGGCAGGGTTCTATGGCTACACCTTCGGTTCG		1	0.03005711	41	TCRBV05-03	TCRBV05	TCRBV05-03				01,02	unresolved		unresolved		TCRBD01,TCRBD02	TCRBD01-01,TCRBD02-01		TCRBJ01-02*01	TCRBJ01	TCRBJ01-02	1.0				4	6	4	3	2	4	40	52	58	63	65	1	Out	VDJ							0.0
738	AGGCCTGGGGGACGCAGCCATGTACCTGTGCCAGTCTCGCGGGCAAACAGGGAGGTGGCAACTAATGAAAAACTGTTTTTTGGCAGT		1	0.03005711	53	TCRBV15-01*01	TCRBV15	TCRBV15-01	1.0				unresolved		unresolved		TCRBD01,TCRBD02	TCRBD01-01,TCRBD02-01		TCRBJ01-04*01	TCRBJ01	TCRBJ01-04	1.0				15	16	3	3	6	0	28	30	46	52	58	1	Out	VDJ							0.0
739	ACAGTGACCAGTGCCCATCCTGAAGACAGCAGCTTCTATATCTGCAGTGCTAGAGGGGATATTAATGAAAAACTGTTTTTTGGCAGT	CSARGDINEKLFF	1	0.03005711	39	TCRBV20	TCRBV20	unresolved			TCRBV20-01,TCRBV20-or09_02		unresolved		unresolved		TCRBD01,TCRBD02	TCRBD01-01,TCRBD02-01		TCRBJ01-04*01	TCRBJ01	TCRBJ01-04	1.0				1	0	0	8	3	4	42	-1	55	59	62	1	In	VDJ							0.0
740	ACATCGGCCCAAAAGAACCCGACAGCTTTCTATCTCTGTGCCAGTAGTATAGAGGGACAGATAAACACTGAAGCTTTCTTTGGACAA	CASSIEGQINTEAFF	1	0.03005711	45	TCRBV19-01	TCRBV19	TCRBV19-01				01,02	TCRBD01-01*01	TCRBD01	TCRBD01-01	1.0				TCRBJ01-01*01	TCRBJ01	TCRBJ01-01	1.0				0	0	0	5	3	2	36	-1	53	60	63	1	In	VDJ							0.0
741	CTAGAGTCTGCCATCCCCAACCAGACAGCTCTTTACTTCTGTGCCACCAGTAGTGACTCAAACACCGGGGAGCTGTTTTTTGGAGAA	CATSSDSNTGELFF	1	0.03005711	42	TCRBV24	TCRBV24	unresolved			TCRBV24-01,TCRBV24-or09_02		TCRBD02-01	TCRBD02	TCRBD02-01				01,02	TCRBJ02-02*01	TCRBJ02	TCRBJ02-02	1.0				6	3	2	10	2	2	39	51	54	58	60	1	In	VDJ							0.0
742	ACCAGTGCCCATCCTGAAGACAGCAGCTTCTACATCTGCAGTGCTCCCCGACAGGGGATTAGCACAGATACGCAGTATTTTGGCCCA	CSAPRQGISTDTQYF	1	0.03005711	45	TCRBV20	TCRBV20	unresolved			TCRBV20-01,TCRBV20-or09_02		TCRBD01-01*01	TCRBD01	TCRBD01-01	1.0				TCRBJ02-03*01	TCRBJ02	TCRBJ02-03	1.0				5	4	2	2	3	0	36	45	49	57	60	1	In	VDJ							0.0
743	CTGCAAAGCTTGAGGACTCGGCCGTGTATCTCTGTGCCAGCAGCCAGGGAGCGGTCGAAGGGCACAGATACGCAGTATTTTGGCCCA		1	0.03005711	49	TCRBV11-02*02	TCRBV11	TCRBV11-02	2.0				unresolved		unresolved		TCRBD01,TCRBD02	TCRBD01-01,TCRBD02-01		TCRBJ02-03*01	TCRBJ02	TCRBJ02-03	1.0				5	0	4	3	12	1	32	-1	44	49	61	1	Out	VDJ							0.0
744	ACTCTGGAGTCAGCTACCCGCTCCCAGACATCTGTGTATTTCTGCGCCAGCAAGGCTCCTGGCACAGATACGCAGTATTTTGGCCCA	CASKAPGTDTQYF	1	0.03005711	39	TCRBV10-02*01	TCRBV10	TCRBV10-02	1.0				unresolved		unresolved		TCRBD01,TCRBD02	TCRBD01-01,TCRBD02-01		TCRBJ02-03*01	TCRBJ02	TCRBJ02-03	1.0				7	0	5	4	6	1	42	-1	52	55	61	1	In	VDJ							0.0
745	CAGCGCACAGAGCAGCGGGACTCGGCCATGTATCGCTGTGCCAGCAGCTCCACTAGGCTGATACCGGATACGCAGTATTTTGGCCCA	CASSSTRLIPDTQYF	1	0.03005711	45	TCRBV07-06*01	TCRBV07	TCRBV07-06	1.0				TCRBD02-01	TCRBD02	TCRBD02-01				01,02	TCRBJ02-03*01	TCRBJ02	TCRBJ02-03	1.0				4	2	3	8	10	6	36	49	51	56	66	1	In	VDJ							0.0
746	CAGCGCACAGAGCGGGGGGACTCAGCCGTGTATCTCTGTGCCAGCAGCTTAGGAGCGGGGGGCCAAGAGACCCAGTACTTCGGGCCA	CASSLGAGGQETQYF	1	0.03005711	45	TCRBV07-03*01	TCRBV07	TCRBV07-03	1.0				TCRBD02-01*01	TCRBD02	TCRBD02-01	1.0				TCRBJ02-05*01	TCRBJ02	TCRBJ02-05	1.0				2	2	6	1	0	1	36	51	53	-1	62	1	In	VDJ							0.0
747	GCAGCAAGAAGACTCAGCTGCGTATCTCTGCACCAGCAGCCAAGGAGTTTCTAGCGGGGGGGAAAAAATGAGCAGTTCTTCGGGCCA		1	0.03005711	53	TCRBV01-01*01	TCRBV01	TCRBV01-01	1.0				TCRBD02-01*01	TCRBD02	TCRBD02-01	1.0				TCRBJ02-01*01	TCRBJ02	TCRBJ02-01	1.0				1	6	4	0	4	7	28	44	50	62	66	1	Out	VDJ							0.0
748	GTGAACGCCTTGGAGCTGGACGACTCGGCCCTGTATCTCTGTGCCAGCAGCTGTTGACAGTACTACAATGAGCAGTTCTTCGGGCCA	CASSC*QYYNEQFF	1	0.03005711	42	TCRBV05-04*01	TCRBV05	TCRBV05-04	1.0				TCRBD01-01*01	TCRBD01	TCRBD01-01	1.0				TCRBJ02-01*01	TCRBJ02	TCRBJ02-01	1.0				3	3	2	5	2	3	39	52	55	60	62	1	Stop	VDJ							0.0
749	TCAGGCTGGAGTCGGCTGCTCCCTCCCAGACATCTGTGTACTTCTGTGCGCTGGACAGGGGGCTACAATGAGCAGTTCTTCGGGCCA		1	0.03005711	37	TCRBV06-01*01	TCRBV06	TCRBV06-01	1.0				TCRBD01-01*01	TCRBD01	TCRBD01-01	1.0				TCRBJ02-01*01	TCRBJ02	TCRBJ02-01	1.0				12	3	1	1	0	3	44	49	52	-1	62	1	Out	VDJ							0.0
750	GTGACCAGTGCCCATCCTGAAGACAGCAGCTTCTACATCTGCAGTGCTAGCCGAGGAAGCGAGTCGAATGAGCAGTTCTTCGGGCCA	CSASRGSESNEQFF	1	0.03005711	42	TCRBV20	TCRBV20	unresolved			TCRBV20-01,TCRBV20-or09_02		TCRBD02-01	TCRBD02	TCRBD02-01				01,02	TCRBJ02-01*01	TCRBJ02	TCRBJ02-01	1.0				3	7	6	6	5	7	39	50	57	61	66	1	In	VDJ							0.0
751	CACACCCTGCAGCCAGAAGACTCGGCCCTGTATCTCTGCGCCAGCAGCCAAGAAGGTTGGGCGCTCCATGAGCAGTTCTTCGGGCCA	CASSQEGWALHEQFF	1	0.03005711	45	TCRBV04-03*01	TCRBV04	TCRBV04-03	1.0				TCRBD01-01*01	TCRBD01	TCRBD01-01	1.0				TCRBJ02-01*01	TCRBJ02	TCRBJ02-01	1.0				0	5	8	0	5	8	36	53	58	62	67	1	In	VDJ							0.0
752	CTGAAGATCCGGTCCACAAAGCTGGAGGACTCAGCCATGTACTTCTGTGCCAGCACGACAGGGAGTTATGAGCAGTTCTTCGGGCCA	CASTTGSYEQFF	1	0.03005711	36	TCRBV02-01*01	TCRBV02	TCRBV02-01	1.0				TCRBD01-01*01	TCRBD01	TCRBD01-01	1.0				TCRBJ02-01*01	TCRBJ02	TCRBJ02-01	1.0				7	1	2	3	4	8	45	55	56	63	67	1	In	VDJ							0.0
753	AGCGCACAGAGCGGGGGGACTCAGCCGTGTATCTCTGTGCCAGCAGCTCCCGCCCTAGCGGGGGAGTGTGAGCAGTTCTTCGGGCCA		1	0.03005711	46	TCRBV07-03*01	TCRBV07	TCRBV07-03	1.0				TCRBD02-01*01	TCRBD02	TCRBD02-01	1.0				TCRBJ02-01*01	TCRBJ02	TCRBJ02-01	1.0				4	6	4	2	4	9	35	48	54	64	68	1	Out	VDJ							0.0
754	GTCTGCTGCCTCCTCCCAGACATCTGTATATTTCTGCGCCAGCAGTGATACCCCGGTTTGGCAGAAAACGAGCAGTACTTCGGGCCG		1	0.03005711	47	TCRBV10-01	TCRBV10	TCRBV10-01				01,02	unresolved		unresolved		TCRBD01,TCRBD02	TCRBD01-01,TCRBD02-01		TCRBJ02-07*01	TCRBJ02	TCRBJ02-07	1.0				3	13	4	5	3	5	34	48	61	64	67	1	Out	VDJ							0.0
755	GTGACATCGGCCCAAAAGAACCCGACAGCTTTCTATCTCTGTGCCAGTATGGCTCTAGCCTCTTCGAATGGCTACACCTTCGGTTCG	CASMALASSNGYTF	1	0.03005711	42	TCRBV19-01	TCRBV19	TCRBV19-01				01,02	TCRBD02-01	TCRBD02	TCRBD02-01				01,02	TCRBJ01-02*01	TCRBJ01	TCRBJ01-02	1.0				7	5	4	7	8	6	39	49	54	59	67	1	In	VDJ							0.0
756	CAGCAGGTAGTGCGAGGAGATTCGGCAGCTTATTTCTGTGCCAGCTCATCGACAGGGCCCGGGAATCAGCCCCAGCATTTTGGTGAT	CASSSTGPGNQPQHF	1	0.03005711	45	TCRBV18-01*01	TCRBV18	TCRBV18-01	1.0				TCRBD01-01*01	TCRBD01	TCRBD01-01	1.0				TCRBJ01-05*01	TCRBJ01	TCRBJ01-05	1.0				5	2	2	3	6	4	36	48	50	57	63	1	In	VDJ							0.0
757	AACGCCTTGGAGCTGGACGACTCGGCCCTGTATCTCTGTGCCAGCAGCGTGCCGAGGGACATAAACACTGAAGCTTTCTTTGGACAA	CASSVPRDINTEAFF	1	0.03005711	45	TCRBV05-04*01	TCRBV05	TCRBV05-04	1.0				TCRBD01-01*01	TCRBD01	TCRBD01-01	1.0				TCRBJ01-01*01	TCRBJ01	TCRBJ01-01	1.0				4	7	0	6	2	2	36	48	55	61	63	1	In	VDJ							0.0
758	GCCCATCCTGAAGACAGCAGCTTCTACATCTGCAGTGCTAGTAGTTACAGGGCCCTATTCATGAACACTGAAGCTTTCTTTGGACAA	CSASSYRALFMNTEAFF	1	0.03005711	51	TCRBV20	TCRBV20	unresolved			TCRBV20-01,TCRBV20-or09_02		TCRBD01-01*01	TCRBD01	TCRBD01-01	1.0				TCRBJ01-01*01	TCRBJ01	TCRBJ01-01	1.0				3	5	3	3	9	0	30	41	46	52	61	1	In	VDJ							0.0
759	CTGCTGTCGGCTGCTCCCTCCCAGACATCTGTGTACTTCTGTGCCAGCTCCAGGGGGGCGCAGGGCACTGAAGCTTTCTTTGGACAA	CASSRGAQGTEAFF	1	0.03005711	42	TCRBV06-05*01	TCRBV06	TCRBV06-05	1.0				TCRBD01-01*01	TCRBD01	TCRBD01-01	1.0				TCRBJ01-01*01	TCRBJ01	TCRBJ01-01	1.0				8	2	4	1	8	4	39	48	50	57	65	1	In	VDJ							0.0
760	CAGCCCTCAGAACCCAGGGACTCAGCTGTGTACTTCTGTGCCAGCAGTTTAAGGGCTAGCGGCACAGATACGCAGTATTTTGGCCCA	CASSLRASGTDTQYF	1	0.03005711	45	TCRBV12	TCRBV12	unresolved			TCRBV12-03,TCRBV12-04		TCRBD02-01	TCRBD02	TCRBD02-01				01,02	TCRBJ02-03*01	TCRBJ02	TCRBJ02-03	1.0				2	4	4	6	0	1	36	51	55	-1	61	1	In	VDJ							0.0
761	CGCCTTGGAGCTGGAGGACTCGGCCCTGTATCTCTGTGCCAGCAGCCCGGACCGATTCCTACCCAAGAGACCCAGTACTTCGGGCCA		1	0.03005711	47	TCRBV05-08*01	TCRBV05	TCRBV05-08	1.0				unresolved		unresolved		TCRBD01,TCRBD02	TCRBD01-01,TCRBD02-01		TCRBJ02-05*01	TCRBJ02	TCRBJ02-05	1.0				4	2	1	7	10	1	34	46	48	52	62	1	Out	VDJ							0.0
762	ACAGTGACCAGTGCCCATCCTGAAGACAGCAGCTTCTACATCTGCAGTGCCGCTAACGTCGCCCAAGAGACCCAGTACTTCGGGCCA	CSAANVAQETQYF	1	0.03005711	39	TCRBV20	TCRBV20	unresolved			TCRBV20-01,TCRBV20-or09_02		TCRBD02-01	TCRBD02	TCRBD02-01				01,02	TCRBJ02-05*01	TCRBJ02	TCRBJ02-05	1.0				6	2	4	9	7	1	42	50	52	55	62	1	In	VDJ							0.0
763	AGTGCCCATCCTGAAGACAGCAGCTTCTACATCTGCAGTGCTAGACGCTTAACCCCGGGACAGGGGGAGACCCAGTACTTCGGGCCA	CSARRLTPGQGETQYF	1	0.03005711	48	TCRBV20	TCRBV20	unresolved			TCRBV20-01,TCRBV20-or09_02		TCRBD01-01*01	TCRBD01	TCRBD01-01	1.0				TCRBJ02-05*01	TCRBJ02	TCRBJ02-05	1.0				2	11	0	2	0	5	33	45	56	-1	66	1	In	VDJ							0.0
764	CCTGCAGAGCTTGGGGACTCGGCCGTGTATCTCTGTGCCAGCAGCCCAAGTCGGGGACTAGCGAGAAATGAGCAGTTCTTCGGGCCA	CASSPSRGLARNEQFF	1	0.03005711	48	TCRBV11-03*01	TCRBV11	TCRBV11-03	1.0				TCRBD02-01	TCRBD02	TCRBD02-01				01,02	TCRBJ02-01*01	TCRBJ02	TCRBJ02-01	1.0				5	8	0	6	3	7	33	45	53	63	66	1	In	VDJ							0.0
765	ACCAGTGCCCATCCTGAAGACAGCAGCTTCTACATCTGCAGTGCTAGAGATCTTGGGGGCCGTAACAATGAGCAGTTCTTCGGGCCA	CSARDLGGRNNEQFF	1	0.03005711	45	TCRBV20	TCRBV20	unresolved			TCRBV20-01,TCRBV20-or09_02		TCRBD01-01*01	TCRBD01	TCRBD01-01	1.0				TCRBJ02-01*01	TCRBJ02	TCRBJ02-01	1.0				0	4	6	0	4	5	36	50	54	60	64	1	In	VDJ							0.0
766	CAGCCTGCAGAGCTTGGGGACTCGGCCATGTATCTCTGTGCCAGCAGGGAGCGGGGGGGCAACTACAATGAGCAGTTCTTCGGGCCA	CASRERGGNYNEQFF	1	0.03005711	45	TCRBV11-01*01	TCRBV11	TCRBV11-01	1.0				TCRBD02-01*01	TCRBD02	TCRBD02-01	1.0				TCRBJ02-01*01	TCRBJ02	TCRBJ02-01	1.0				6	2	6	0	3	3	36	47	49	59	62	1	In	VDJ							0.0
767	GCCATCCCCAACCAGACAGCTCTTTACTTCTGTGCCACCAGTGATTCCCGACTTCCAAGCTCCTACAATGAGCAGTTCTTCGGGCCA	CATSDSRLPSSYNEQFF	1	0.03005711	51	TCRBV24	TCRBV24	unresolved			TCRBV24-01,TCRBV24-or09_02		TCRBD02-01	TCRBD02	TCRBD02-01				01,02	TCRBJ02-01*01	TCRBJ02	TCRBJ02-01	1.0				2	3	2	10	6	0	30	46	49	53	59	1	In	VDJ							0.0
768	AGCACCTTGGAGCTGGGGGACTCGGCCCTTTATCTTTGCGCCAGCAGCGTGACTAGCCGTTCCTACAATGAGCAGTTCTTCGGGCCA	CASSVTSRSYNEQFF	1	0.03005711	45	TCRBV05-01*01	TCRBV05	TCRBV05-01	1.0				TCRBD02-01	TCRBD02	TCRBD02-01				01,02	TCRBJ02-01*01	TCRBJ02	TCRBJ02-01	1.0				4	2	2	7	3	1	36	48	50	57	60	1	In	VDJ							0.0
769	CAGCCCTCAGAACCCAGGGACTCAGCTGTGTATTTTTGTGCTAGTGCCGACTACAGGGTGAGCTACAATGAGCAGTTCTTCGGGCCA	CASADYRVSYNEQFF	1	0.03005711	45	TCRBV12-05*01	TCRBV12	TCRBV12-05	1.0				TCRBD01-01*01	TCRBD01	TCRBD01-01	1.0				TCRBJ02-01*01	TCRBJ02	TCRBJ02-01	1.0				7	6	3	3	4	3	36	46	52	58	62	1	In	VDJ							0.0
770	CGCACAGAGCAGGGGGACTCGGCCATGTATCTCTGTGCCAGCAGCCTCCGGGCCGGGACAGCTGGCAATGAGCAGTTCTTCGGGCCA	CASSLRAGTAGNEQFF	1	0.03005711	48	TCRBV07-09	TCRBV07	TCRBV07-09				01,03	TCRBD01-01*01	TCRBD01	TCRBD01-01	1.0				TCRBJ02-01*01	TCRBJ02	TCRBJ02-01	1.0				5	9	0	5	4	6	33	45	54	61	65	1	In	VDJ							0.0
771	TCACCAGGCCTGGGGGACGCAGCCATGTACCTGTGTGCCACCAGCAGAGATCCGGACAGGGGGAATTCACCCCTCCACTTTGGGAAC	CATSRDPDRGNSPLHF	1	0.03005711	48	TCRBV15-01*01	TCRBV15	TCRBV15-01	1.0				TCRBD01-01*01	TCRBD01	TCRBD01-01	1.0				TCRBJ01-06*01	TCRBJ01	TCRBJ01-06	1.0				0	3	1	1	0	7	33	50	53	-1	63	1	In	VDJ							0.0
772	AGATCCAGCCCTCAGAACCCAGGGACTCAGCTGTGTACTTCTGTGCCAGTGCGGGAAAACGGGGATTCACCCCTCCACTTTGGGAAC		1	0.03005711	40	TCRBV12	TCRBV12	unresolved			TCRBV12-03,TCRBV12-04		TCRBD02-01*02	TCRBD02	TCRBD02-01	2.0				TCRBJ01-06*01	TCRBJ01	TCRBJ01-06	1.0				9	1	7	3	8	8	41	49	50	56	64	1	Out	VDJ							0.0
773	AGCTCTCTGGAGCTGGGGGACTCAGCTTTGTATTTCTGTGCCAGCAGCGTAGGGGGAGTGTCTGTCAACACCATATATTTTGGAGAG	CASSVGGVSVNTIYF	1	0.03005711	45	TCRBV09-01	TCRBV09	TCRBV09-01				01,02	TCRBD02-01*02	TCRBD02	TCRBD02-01	2.0				TCRBJ01-03*01	TCRBJ01	TCRBJ01-03	1.0				0	1	9	2	8	7	36	52	53	58	66	1	In	VDJ							0.0
774	GTGACATCGGCCCAAAAGAACCCGACAGCTTTCTATCTCTGTGCCAGTAGTATAGGTGGTAACTCCTACGAGCAGTACTTCGGGCCG	CASSIGGNSYEQYF	1	0.03005711	42	TCRBV19-01	TCRBV19	TCRBV19-01				01,02	unresolved		unresolved		TCRBD01,TCRBD02	TCRBD01-01,TCRBD02-01		TCRBJ02-07*01	TCRBJ02	TCRBJ02-07	1.0				1	2	0	10	3	0	39	55	57	59	62	1	In	VDJ							0.0
775	ATCCGCTCACCAGGCCTGGGGGACGCAGCCATGTACCTGTGTGCCACCAGCAGAGACACGAGTCACTATGGCTACACCTTCGGTTCG	CATSRDTSHYGYTF	1	0.03005711	42	TCRBV15-01*01	TCRBV15	TCRBV15-01	1.0				TCRBD02-01*02	TCRBD02	TCRBD02-01	2.0				TCRBJ01-02*01	TCRBJ01	TCRBJ01-02	1.0				0	3	11	2	2	3	39	56	59	62	64	1	In	VDJ							0.0
776	GTCCACGGAGTCAGGGGACACAGCACTGTATTTCTGTGCCAGCAGCACGCATGCTACAGAAAGACCTATGGCTACACCTTCGGTTCG		1	0.03005711	47	TCRBV21-01*01	TCRBV21	TCRBV21-01	1.0				TCRBD01-01*01	TCRBD01	TCRBD01-01	1.0				TCRBJ01-02*01	TCRBJ01	TCRBJ01-02	1.0				4	8	3	5	6	4	34	47	55	59	65	1	Out	VDJ							0.0
777	AACCTGAGCTCTCTGGAGCTGGGGGACTCAGCTTTGTATTTCTGTGCCAGCAGCGTAGGGGGACTCTATGGCTACACCTTCGGTTCG	CASSVGGLYGYTF	1	0.03005711	39	TCRBV09-01	TCRBV09	TCRBV09-01				01,02	TCRBD02-01	TCRBD02	TCRBD02-01				01,02	TCRBJ01-02*01	TCRBJ01	TCRBJ01-02	1.0				0	1	0	10	0	4	42	58	59	-1	65	1	In	VDJ							0.0
778	ATCCAGCGCACACAGCAGGAGGACTCCGCCGTGTATCTCTGTGCCAGCAGCTGGGACAGGGGGCTTCAGCCCCAGCATTTTGGTGAT	CASSWDRGLQPQHF	1	0.03005711	42	TCRBV07-08*01	TCRBV07	TCRBV07-08	1.0				TCRBD01-01*01	TCRBD01	TCRBD01-01	1.0				TCRBJ01-05*01	TCRBJ01	TCRBJ01-05	1.0				4	0	0	0	1	6	39	-1	52	64	65	1	In	VDJ							0.0
779	CTACACGCCCTGCAGCCAGAAGACTCAGCCCTGTATCTCTGCGCCAGCAGCCATCCGTCAACTAATGAAAAACTGTTTTTTGGCAGT	CASSHPSTNEKLFF	1	0.03005711	42	TCRBV04-01*01	TCRBV04	TCRBV04-01	1.0				TCRBD02-01	TCRBD02	TCRBD02-01				01,02	TCRBJ01-04*01	TCRBJ01	TCRBJ01-04	1.0				3	2	8	6	1	0	39	53	55	57	58	1	In	VDJ							0.0
780	ACATCGGCCCAAAAGAACCCGACAGCTTTCTATCTCTGTGCCAGTAGTATTGGGGCCGGGGCTAATGAAAAACTGTTTTTTGGCAGT	CASSIGAGANEKLFF	1	0.03005711	45	TCRBV19-01	TCRBV19	TCRBV19-01				01,02	unresolved		unresolved		TCRBD01,TCRBD02	TCRBD01-01,TCRBD02-01		TCRBJ01-04*01	TCRBJ01	TCRBJ01-04	1.0				3	1	7	0	5	3	36	50	51	56	61	1	In	VDJ							0.0
781	TTGGAGATCCAGCGCACAGAGCAGGGGGACTCGGCCATGTATCTCTGTGCCAGCAGCTTGGGGTTAACTGAAGCTTTCTTTGGACAA	CASSLGLTEAFF	1	0.03005711	36	TCRBV07-09	TCRBV07	TCRBV07-09				01,03	unresolved		unresolved		TCRBD01,TCRBD02	TCRBD01-01,TCRBD02-01		TCRBJ01-01*01	TCRBJ01	TCRBJ01-01	1.0				3	0	6	2	3	5	45	-1	59	63	66	1	In	VDJ							0.0
782	ACCAGTGCCCATCCTGAAGACAGCAGCTTCTACATCTGCAGTGCTAGAGCCCCCGGGGGGCCCAACACTGAAGCTTTCTTTGGACAA	CSARAPGGPNTEAFF	1	0.03005711	45	TCRBV20	TCRBV20	unresolved			TCRBV20-01,TCRBV20-or09_02		TCRBD02-01*01	TCRBD02	TCRBD02-01	1.0				TCRBJ01-01*01	TCRBJ01	TCRBJ01-01	1.0				1	4	8	1	3	2	36	49	53	60	63	1	In	VDJ							0.0
783	ATCCGCTCACCAGGCCTGGGGGACGCAGCCATGTACCTGTGTGCCACCAGCCCGTTCAGTCTGAGCACTGAAGCTTTCTTTGGACAA	CATSPFSLSTEAFF	1	0.03005711	42	TCRBV15-01*01	TCRBV15	TCRBV15-01	1.0				unresolved		unresolved		TCRBD01,TCRBD02	TCRBD01-01,TCRBD02-01		TCRBJ01-01*01	TCRBJ01	TCRBJ01-01	1.0				5	5	4	5	6	4	39	51	56	59	65	1	In	VDJ							0.0
784	CTGAAGATCCAGCGCACAGAGCGGGGGGACTCAGCCGTGTATCTCTGTGCCAGCAGCCAGGACATTGGGGAGCTGTTTTTTGGAGAA	CASSQDIGELFF	1	0.03005711	36	TCRBV07-03*01	TCRBV07	TCRBV07-03	1.0				TCRBD01-01*01	TCRBD01	TCRBD01-01	1.0				TCRBJ02-02*01	TCRBJ02	TCRBJ02-02	1.0				5	2	1	6	2	8	45	57	59	64	66	1	In	VDJ							0.0
785	AGCACCTTGGAGCTGGGGGACTCGGCCCTTTATCTTTGCGCCAGCAGCTTGGAATCCGAGGGGGCAGATACGCAGTATTTTGGCCCA	CASSLESEGADTQYF	1	0.03005711	45	TCRBV05-01*01	TCRBV05	TCRBV05-01	1.0				TCRBD01-01*01	TCRBD01	TCRBD01-01	1.0				TCRBJ02-03*01	TCRBJ02	TCRBJ02-03	1.0				0	6	5	1	0	4	36	52	58	-1	64	1	In	VDJ							0.0
786	CAGCGCACAGAGCGGGGGGACTCAGCCGTGTATCTCTGTGCCAGCAGCTTAGGTTCCCTCGCTTACGATACGCAGTATTTTGGCCCA	CASSLGSLAYDTQYF	1	0.03005711	45	TCRBV07-03*01	TCRBV07	TCRBV07-03	1.0				unresolved		unresolved		TCRBD01,TCRBD02	TCRBD01-01,TCRBD02-01		TCRBJ02-03*01	TCRBJ02	TCRBJ02-03	1.0				2	0	0	10	13	6	36	-1	51	53	66	1	In	VDJ							0.0
787	ACCAGTGCCCATCCTGAAGACAGCAGCTTCTACATCTGCAGTGCCCGCGTATGGGGCATGCCCCAAGAGACCCAGTACTTCGGGCCA	CSARVWGMPQETQYF	1	0.03005711	45	TCRBV20	TCRBV20	unresolved			TCRBV20-01,TCRBV20-or09_02		TCRBD01-01*01	TCRBD01	TCRBD01-01	1.0				TCRBJ02-05*01	TCRBJ02	TCRBJ02-05	1.0				6	8	7	0	5	1	36	44	52	57	62	1	In	VDJ							0.0
788	CGCACAGAGCAGGGGGACTCGGCCATGTATCTCTGTGCCAGCAGCTTAGGAGGTAGCGGGGAGCAAGAGACCCAGTACTTCGGGCCA	CASSLGGSGEQETQYF	1	0.03005711	48	TCRBV07-09	TCRBV07	TCRBV07-09				01,03	TCRBD02-01*01	TCRBD02	TCRBD02-01	1.0				TCRBJ02-05*01	TCRBJ02	TCRBJ02-05	1.0				1	4	5	3	2	2	33	49	53	61	63	1	In	VDJ							0.0
789	ACAGAGCGGGGGGACTCAGCCGTGTATCTCTGTGCCAGCAGCCCGGGGACTAGCGGACAACGGTGGGAGACCCAGTACTTCGGGCCA	CASSPGTSGQRWETQYF	1	0.03005711	51	TCRBV07-03*01	TCRBV07	TCRBV07-03	1.0				TCRBD02-01	TCRBD02	TCRBD02-01				01,02	TCRBJ02-05*01	TCRBJ02	TCRBJ02-05	1.0				5	3	0	5	10	5	30	42	45	56	66	1	In	VDJ							0.0
790	GCACCTTGGAGCTGGGGGACTCGGCCCTTTATCTTTGCGCCAGCAGCTTGTCTTCATCGGGGCGGTGAGACCCAGTACTTCGGGCCA		1	0.03005711	46	TCRBV05-01*01	TCRBV05	TCRBV05-01	1.0				unresolved		unresolved		TCRBD01,TCRBD02	TCRBD01-01,TCRBD02-01		TCRBJ02-05*01	TCRBJ02	TCRBJ02-05	1.0				1	8	7	0	3	5	35	50	58	63	66	1	Out	VDJ							0.0
791	GTGACCAGTGCCCATCCTGAAGACAGCAGCTTCTACATCTGCAGTGCTACGCCCAGGGCCTATAATTCACCCCTCCACTTTGGGAAC	CSATPRAYNSPLHF	1	0.03005711	42	TCRBV20	TCRBV20	unresolved			TCRBV20-01,TCRBV20-or09_02		TCRBD01-01*01	TCRBD01	TCRBD01-01	1.0				TCRBJ01-06*01	TCRBJ01	TCRBJ01-06	1.0				4	4	4	3	0	2	39	49	53	-1	58	1	In	VDJ							0.0
792	GTGAACGCCTTGGAGCTGGACGACTCGGCCCTGTATCTCTGTGCCAGCAGCTTGGGACTCAGTAATTCACCCCTCCACTTTGGGAAC	CASSLGLSNSPLHF	1	0.03005711	42	TCRBV05-04*01	TCRBV05	TCRBV05-04	1.0				TCRBD02-01	TCRBD02	TCRBD02-01				01,02	TCRBJ01-06*01	TCRBJ01	TCRBJ01-06	1.0				0	0	2	10	3	6	39	-1	55	59	62	1	In	VDJ							0.0
793	TGCAGCCTGCAGAACTGGAGGATTCTGGAGTTTATTTCTGTGCCAGCAGCCAAGATCGTCCCAGAAAACATTCAGTACTTCGGCGCC		1	0.03005711	43	TCRBV14-01*01	TCRBV14	TCRBV14-01	1.0				TCRBD01-01*01	TCRBD01	TCRBD01-01	1.0				TCRBJ02-04*01	TCRBJ02	TCRBJ02-04	1.0				0	6	4	5	0	5	38	55	61	-1	64	1	Out	VDJ							0.0
794	CAGAACCGGGAGACACGGCACTGTATCTCTGCGCCAGCAGTCAGCCGGGACCCACGCTCTGGGGCCAACGTCCTGACTTTCGGGGCC		1	0.03005711	52	TCRBV23-01*01	TCRBV23	TCRBV23-01	1.0				unresolved		unresolved		TCRBD01,TCRBD02	TCRBD01-01,TCRBD02-01		TCRBJ02-06*01	TCRBJ02	TCRBJ02-06	1.0				3	3	0	7	5	0	29	43	46	51	56	1	Out	VDJ							0.0
795	AGAACCCAGGGACTCAGCTGTGTATTTTTGTGCTAGTGGTTTGAGCGGCAGGCACATCAATCTGGAAACACCATATATTTTGGAGAG		1	0.03005711	53	TCRBV12-05*01	TCRBV12	TCRBV12-05	1.0				TCRBD02-01	TCRBD02	TCRBD02-01				01,02	TCRBJ01-03*01	TCRBJ01	TCRBJ01-03	1.0				2	0	6	5	12	1	28	-1	43	48	60	1	Out	VDJ							0.0
796	AACGCCTTGTTGCTGGGGGACTCGGCCCTCTATCTCTGTGCCAGCAGCTCTACCAAGCGAAGCTCCTACGAGCAGTACTTCGGGCCG	CASSSTKRSSYEQYF	1	0.03005711	45	TCRBV05-06*01	TCRBV05	TCRBV05-06	1.0				TCRBD02-01	TCRBD02	TCRBD02-01				01,02	TCRBJ02-07*01	TCRBJ02	TCRBJ02-07	1.0				3	6	6	6	3	0	36	49	55	59	62	1	In	VDJ							0.0
797	ACCAGTGCCCATCCTGAAGACAGCAGCTTCTACATCTGCAGTGCTAGAGAACCTGGAAGGGGTGCAGGCGAGCAGTACTTCGGGCCG	CSAREPGRGAGEQYF	1	0.03005711	45	TCRBV20	TCRBV20	unresolved			TCRBV20-01,TCRBV20-or09_02		TCRBD01-01*01	TCRBD01	TCRBD01-01	1.0				TCRBJ02-07*01	TCRBJ02	TCRBJ02-07	1.0				0	7	5	2	6	6	36	50	57	62	68	1	In	VDJ							0.0
798	CCTCAGAACCGGGAGACACGGCACTGTATCTCTGCGCCAGCAGTCAACGACTCGAGGGGGCTCCGCTATGGCTACACCTTCGGTTCG		1	0.03005711	49	TCRBV23-01*01	TCRBV23	TCRBV23-01	1.0				TCRBD01-01*01	TCRBD01	TCRBD01-01	1.0				TCRBJ01-02*01	TCRBJ01	TCRBJ01-02	1.0				2	7	5	0	4	4	32	47	54	61	65	1	Out	VDJ							0.0
799	CTCACTGTGACATCGGCCCAAAAGAACCCGACAGCTTTCTATCTCTGTGCCAGTACGGCAGGACTTTTTGGCTACACCTTCGGTTCG	CASTAGLFGYTF	1	0.03005711	36	TCRBV19-01	TCRBV19	TCRBV19-01				01,02	TCRBD02-01	TCRBD02	TCRBD02-01				01,02	TCRBJ01-02*01	TCRBJ01	TCRBJ01-02	1.0				7	5	1	10	3	7	45	55	60	65	68	1	In	VDJ							0.0
800	CAGCGCACAGAGCGGGGGGACTCAGCCGTGTATCTCTGTGCCAGCAGCTTAACAGGCAGGGTGACTCAGCCCCAGCATTTTGGTGAT	CASSLTGRVTQPQHF	1	0.03005711	45	TCRBV07-03*01	TCRBV07	TCRBV07-03	1.0				TCRBD01-01*01	TCRBD01	TCRBD01-01	1.0				TCRBJ01-05*01	TCRBJ01	TCRBJ01-05	1.0				0	3	4	3	4	6	36	53	56	61	65	1	In	VDJ							0.0
801	ATCCAGCGCACACAGCAGGAGGACTCCGCCGTGTATCTCTGTGCCAGCAGCAATTTAGGGGGTGGGGAAAAACTGTTTTTTGGCAGT	CASSNLGGGEKLFF	1	0.03005711	42	TCRBV07-08*01	TCRBV07	TCRBV07-08	1.0				TCRBD01-01*01	TCRBD01	TCRBD01-01	1.0				TCRBJ01-04*01	TCRBJ01	TCRBJ01-04	1.0				5	5	5	1	4	8	39	51	56	62	66	1	In	VDJ							0.0
802	AGGCTGGAGTCGGCTGCTCCCTCCCAGACATCTGTGTACTTCTGTGCCAGCGGGGCTATCCATAATGAAAAACTGTTTTTTGGCAGT	CASGAIHNEKLFF	1	0.03005711	39	TCRBV06-01*01	TCRBV06	TCRBV06-01	1.0				TCRBD01-01*01	TCRBD01	TCRBD01-01	1.0				TCRBJ01-04*01	TCRBJ01	TCRBJ01-04	1.0				8	0	7	0	6	4	42	-1	51	56	62	1	In	VDJ							0.0
803	TCTCTGGAGCTGGGGGACTCAGCTTTGTATTTCTGTGCCAGCAGCGTCAGCAGGGTTTGGTTGTATGAAAAACTGTTTTTTGGCAGT	CASSVSRVWLYEKLFF	1	0.03005711	48	TCRBV09-01	TCRBV09	TCRBV09-01				01,02	TCRBD01-01*01	TCRBD01	TCRBD01-01	1.0				TCRBJ01-04*01	TCRBJ01	TCRBJ01-04	1.0				2	3	4	3	9	6	33	47	50	55	64	1	In	VDJ							0.0
804	GTAGTGCGAGGAGATTCGGCAGCTTATTTCTGTGCCAGCTCACAGGGGACAGGGGCCTCGGGAGGTGAAAAACTGTTTTTTGGCAGT	CASSQGTGASGGEKLFF	1	0.03005711	51	TCRBV18-01*01	TCRBV18	TCRBV18-01	1.0				TCRBD01-01*01	TCRBD01	TCRBD01-01	1.0				TCRBJ01-04*01	TCRBJ01	TCRBJ01-04	1.0				4	2	0	2	10	7	30	43	45	55	65	1	In	VDJ							0.0
805	AAGATCCAGCGCACAGAGCGGGGGGACTCAGCCGTGTATCTCTGTGCCAGCAGTCTCACAGGGGGCACTGAAGCTTTCTTTGGACAA	CASSLTGGTEAFF	1	0.03005711	39	TCRBV07-03*01	TCRBV07	TCRBV07-03	1.0				TCRBD01-01*01	TCRBD01	TCRBD01-01	1.0				TCRBJ01-01*01	TCRBJ01	TCRBJ01-01	1.0				6	4	3	1	0	4	42	53	57	-1	65	1	In	VDJ							0.0
806	CTGGAGTCGGCTGCTCCCTCCCAGACATCTGTGTACTTCTGTGCCAGCAGTACAGACCCAAACACCGGGGAGCTGTTTTTTGGAGAA	CASSTDPNTGELFF	1	0.03005711	42	TCRBV06-01*01	TCRBV06	TCRBV06-01	1.0				TCRBD01-01*01	TCRBD01	TCRBD01-01	1.0				TCRBJ02-02*01	TCRBJ02	TCRBJ02-02	1.0				5	0	3	5	5	2	39	-1	51	55	60	1	In	VDJ							0.0
807	CCACGGAGTCAGGGGACACAGCACTGTATTTCTGTGCCAGCAGCAAAGTCTGGGCAATCGAACACCGGGGAGCTGTTTTTTGGAGAA		1	0.03005711	49	TCRBV21-01*01	TCRBV21	TCRBV21-01	1.0				TCRBD01-01*01	TCRBD01	TCRBD01-01	1.0				TCRBJ02-02*01	TCRBJ02	TCRBJ02-02	1.0				1	3	8	0	3	0	32	48	51	55	58	1	Out	VDJ							0.0
808	ACTGTGACATCGGCCCAAAAGAACCCGACAGCTTTCTATCTCTGTGCCAGTACGGACTGGAACACCGGGGAGCTGTTTTTTGGAGAA	CASTDWNTGELFF	1	0.03005711	39	TCRBV19-01	TCRBV19	TCRBV19-01				01,02	TCRBD02-01	TCRBD02	TCRBD02-01				01,02	TCRBJ02-02*01	TCRBJ02	TCRBJ02-02	1.0				7	1	1	10	1	1	42	52	53	58	59	1	In	VDJ							0.0
809	CCTGCAGAGCTTGGGGACTCGGCCGTGTATCTCTGTGCCAGCAGCTTAGAAGGAAGCGGGGCGACCGGGGAGCTGTTTTTTGGAGAA	CASSLEGSGATGELFF	1	0.03005711	48	TCRBV11-03*01	TCRBV11	TCRBV11-03	1.0				TCRBD02-01*01	TCRBD02	TCRBD02-01	1.0				TCRBJ02-02*01	TCRBJ02	TCRBJ02-02	1.0				0	4	6	3	2	5	33	50	54	61	63	1	In	VDJ							0.0
810	CTCAAGATCCAGCCTGCAAAGCTTGAGGACTCGGCCGTGTATCTCTGTGCCAGCAGCTTAGTTTTCCATACGCAGTATTTTGGCCCA	CASSLVFHTQYF	1	0.03005711	36	TCRBV11-02*02	TCRBV11	TCRBV11-02	2.0				unresolved		unresolved					TCRBJ02-03*01	TCRBJ02	TCRBJ02-03	1.0				1	0	0	0	6	7	45	-1	-1	61	67	1	In	VJ							0.0
811	CTTGGTGACTCTGCTGTGTATTTCTGTGCCAGCAGCCAAGATCTCCCCTCCGACTTTTCTAGCACAGATACGCAGTATTTTGGCCCA	CASSQDLPSDFSSTDTQYF	1	0.03005711	57	TCRBV03	TCRBV03	unresolved			TCRBV03-01,TCRBV03-02		TCRBD02-01	TCRBD02	TCRBD02-01				01,02	TCRBJ02-03*01	TCRBJ02	TCRBJ02-03	1.0				0	10	2	10	5	0	24	41	51	55	60	1	In	VDJ							0.0
812	GCGTCTGCTGTACCCTCTCAGACATCTGTGTACTTCTGTGCCAGCAGTCCGGCGGCTAGCGGGACAGATACGCAGTATTTTGGCCCA	CASSPAASGTDTQYF	1	0.03005711	45	TCRBV06-04	TCRBV06	TCRBV06-04				01,02	TCRBD02-01	TCRBD02	TCRBD02-01				01,02	TCRBJ02-03*01	TCRBJ02	TCRBJ02-03	1.0				5	7	4	4	0	3	36	48	55	-1	63	1	In	VDJ							0.0
813	CTGACGATCCAGCGCACAGAGCAGCGGGACTCGGCCATGTATCGCTGTGCCAGCAGCTTAGATAGGGATACGCAGTATTTTGGCCCA	CASSLDRDTQYF	1	0.03005711	36	TCRBV07-06*01	TCRBV07	TCRBV07-06	1.0				unresolved		unresolved		TCRBD01,TCRBD02	TCRBD01-01,TCRBD02-01		TCRBJ02-03*01	TCRBJ02	TCRBJ02-03	1.0				1	2	5	4	0	6	45	61	63	-1	66	1	In	VDJ							0.0
814	ACCAGTGCCCATCCTGAAGACAGCAGCTTCTACATCTGCAGTGCTTCAACTCTAGCGGGTCTTGGGGATACGCAGTATTTTGGCCCA	CSASTLAGLGDTQYF	1	0.03005711	45	TCRBV20	TCRBV20	unresolved			TCRBV20-01,TCRBV20-or09_02		TCRBD02-01	TCRBD02	TCRBD02-01				01,02	TCRBJ02-03*01	TCRBJ02	TCRBJ02-03	1.0				5	6	4	4	7	6	36	45	51	59	66	1	In	VDJ							0.0
815	CTCTCTGGAGCTGGGGGACTCAGCTTTGTATTTCTGTGCCAGCAGCGTCAGGACAGGGGGCCCCATCAGACCCAGTACTTCGGGCCA		1	0.03005711	47	TCRBV09-01	TCRBV09	TCRBV09-01				01,02	TCRBD01-01*01	TCRBD01	TCRBD01-01	1.0				TCRBJ02-05*01	TCRBJ02	TCRBJ02-05	1.0				2	2	1	0	6	6	34	48	50	61	67	1	Out	VDJ							0.0
816	AGCACCTTGGAGCTGGGGGACTCGGCCCTTTATCTTTGCGCCAGCAGCTTGGAAGGGGCGGGACAAGAGACCCAGTACTTCGGGCCA	CASSLEGAGQETQYF	1	0.03005711	45	TCRBV05-01*01	TCRBV05	TCRBV05-01	1.0				TCRBD02-01*02	TCRBD02	TCRBD02-01	2.0				TCRBJ02-05*01	TCRBJ02	TCRBJ02-05	1.0				0	5	7	3	0	2	36	52	57	-1	63	1	In	VDJ							0.0
817	GAGTCGGCTGCTCCCTCCCAGACATCTGTGTACTTCTGTGCCAGCAGTGAGTGGGGACAGGCCCAAGAGACCCAGTACTTCGGGCCA	CASSEWGQAQETQYF	1	0.03005711	45	TCRBV06-01*01	TCRBV06	TCRBV06-01	1.0				TCRBD01-01*01	TCRBD01	TCRBD01-01	1.0				TCRBJ02-05*01	TCRBJ02	TCRBJ02-05	1.0				3	3	0	4	1	1	36	50	53	61	62	1	In	VDJ							0.0
818	TGACTGTGAGCAACATGAGCCCTGAAGACAGCAGCATATATCTCTGCAGCGTTGGTGGCAGTTCAAGAGACCCAGTACTTCGGGCCA		1	0.03005711	37	TCRBV29-01*01	TCRBV29	TCRBV29-01	1.0				TCRBD01-01*01	TCRBD01	TCRBD01-01	1.0				TCRBJ02-05*01	TCRBJ02	TCRBJ02-05	1.0				4	4	4	5	2	2	44	54	58	61	63	1	Out	VDJ							0.0
819	GTGAACGCCTTGTTGCTGGGGGACTCGGCCCTCTATCTCTGTGCCAGCAGCGACACTAGCGGGGAGGAGACCCAGTACTTCGGGCCA	CASSDTSGEETQYF	1	0.03005711	42	TCRBV05-06*01	TCRBV05	TCRBV05-06	1.0				TCRBD02-01*01	TCRBD02	TCRBD02-01	1.0				TCRBJ02-05*01	TCRBJ02	TCRBJ02-05	1.0				4	3	3	3	2	5	39	51	54	64	66	1	In	VDJ							0.0
820	TACCTTGGAGATCCAGTCCACGGAGTCAGGGGACACAGCACTGTATTTCTGTGCCAGCAGCACTCAGCGTCCCAGTACTTCGGGCCA		1	0.03005711	32	TCRBV21-01*01	TCRBV21	TCRBV21-01	1.0				TCRBD02-01	TCRBD02	TCRBD02-01				01,02	TCRBJ02-05*01	TCRBJ02	TCRBJ02-05	1.0				4	3	6	6	1	9	49	62	65	69	70	1	Out	VDJ							0.0
821	CGCACACAGCAGGAGGACTCCGCCGTGTATCTCTGTGCCAGCAGCTCCTCTAGCGGGGGCTCCTACAATGAGCAGTTCTTCGGGCCA	CASSSSSGGSYNEQFF	1	0.03005711	48	TCRBV07-08*01	TCRBV07	TCRBV07-08	1.0				TCRBD02-01*01	TCRBD02	TCRBD02-01	1.0				TCRBJ02-01*01	TCRBJ02	TCRBJ02-01	1.0				4	3	4	2	0	0	33	46	49	-1	59	1	In	VDJ							0.0
822	CGCACACAGCAGGAGGACTCGGCCGTGTATCTCTGTGCCAGCAGCGATCCGGGACAGGGGCCTTACAATGAGCAGTTCTTCGGGCCA	CASSDPGQGPYNEQFF	1	0.03005711	48	TCRBV07-02*01	TCRBV07	TCRBV07-02	1.0				TCRBD01-01*01	TCRBD01	TCRBD01-01	1.0				TCRBJ02-01*01	TCRBJ02	TCRBJ02-01	1.0				5	5	0	2	3	4	33	45	50	60	63	1	In	VDJ							0.0
823	GCGTCTGCTGTACCCTCTCAGACATCTGTGTACTTCTGTGCCAGCAGTTCCTTGGAGATAGCCAAAAACATTCAGTACTTCGGCGCC	CASSSLEIAKNIQYF	1	0.03005711	45	TCRBV06-04	TCRBV06	TCRBV06-04				01,02	TCRBD02-01*02	TCRBD02	TCRBD02-01	2.0				TCRBJ02-04*01	TCRBJ02	TCRBJ02-04	1.0				5	5	10	2	2	0	36	48	53	57	59	1	In	VDJ							0.0
824	AGAGCTTGGGGACTCGGCCGTGTATCTCTGTGCCAGCAGCCCAACAAGTCTCGACAAAGTCGGGCCAACGTCCTGACTTTCGGGGCC		1	0.03005711	53	TCRBV11-03*01	TCRBV11	TCRBV11-03	1.0				TCRBD01-01*01	TCRBD01	TCRBD01-01	1.0				TCRBJ02-06*01	TCRBJ02	TCRBJ02-06	1.0				5	12	2	6	5	5	28	40	52	56	61	1	Out	VDJ							0.0
825	ATCCGGTCCACAAAGCTGGAGGACTCAGCCATGTACTTCTGTGCCAGCAGGGACAGCTACTCTGGAAACACCATATATTTTGGAGAG	CASRDSYSGNTIYF	1	0.03005711	42	TCRBV02-01*01	TCRBV02	TCRBV02-01	1.0				TCRBD01-01*01	TCRBD01	TCRBD01-01	1.0				TCRBJ01-03*01	TCRBJ01	TCRBJ01-03	1.0				6	0	1	5	3	0	39	-1	50	56	59	1	In	VDJ							0.0
826	AGAGCAGGGGGACTCGGCCATGTATCTCTGTGCCAGCAGCTTAGTAGTGGGGGTACTACCTCTGGAAACACCATATATTTTGGAGAG		1	0.03005711	53	TCRBV07-09	TCRBV07	TCRBV07-09				01,03	unresolved		unresolved		TCRBD01,TCRBD02	TCRBD01-01,TCRBD02-01		TCRBJ01-03*01	TCRBJ01	TCRBJ01-03	1.0				1	4	6	1	6	0	28	44	48	53	59	1	Out	VDJ							0.0
827	AGCTCTCTGGAGCTGGGGGACTCAGCTTTGTATTTCTGTGCCAGCAGCGTGGCCCAGAGCTCTGGAAACACCATATATTTTGGAGAG	CASSVAQSSGNTIYF	1	0.03005711	45	TCRBV09-01	TCRBV09	TCRBV09-01				01,02	unresolved		unresolved		TCRBD01,TCRBD02	TCRBD01-01,TCRBD02-01		TCRBJ01-03*01	TCRBJ01	TCRBJ01-03	1.0				2	4	4	5	2	0	36	50	54	57	59	1	In	VDJ							0.0
828	CAGGTAGTGCGAGGAGATTCGGCAGCTTATTTCTGTGCCAGCTCATCGAAACTCAGGGGGCGGGCCTACGAGCAGTACTTCGGGCCG	CASSSKLRGRAYEQYF	1	0.03005711	48	TCRBV18-01*01	TCRBV18	TCRBV18-01	1.0				TCRBD01-01*01	TCRBD01	TCRBD01-01	1.0				TCRBJ02-07*01	TCRBJ02	TCRBJ02-07	1.0				5	8	4	0	3	2	33	45	53	61	64	1	In	VDJ							0.0
829	ACATCAATTCCCTGGAGCTTGGTGACTCTGCTGTGTATTTCTGTGCCAGCAGCCAGGGGGCAGAACTATGGCTACACCTTCGGTTCG		1	0.03005711	40	TCRBV03	TCRBV03	unresolved			TCRBV03-01,TCRBV03-02		TCRBD01-01*01	TCRBD01	TCRBD01-01	1.0				TCRBJ01-02*01	TCRBJ01	TCRBJ01-02	1.0				3	0	6	0	2	2	41	-1	55	61	63	1	Out	VDJ							0.0
830	ATCCAGCGCACACAGCAGGAGGACTCGGCCGTGTATCTCTGTGCCAGCAGCTTAGTAGGGGGGAACTATGGCTACACCTTCGGTTCG	CASSLVGGNYGYTF	1	0.03005711	42	TCRBV07-02*01	TCRBV07	TCRBV07-02	1.0				unresolved		unresolved		TCRBD01,TCRBD02	TCRBD01-01,TCRBD02-01		TCRBJ01-02*01	TCRBJ01	TCRBJ01-02	1.0				1	1	5	1	1	2	39	55	56	62	63	1	In	VDJ							0.0
831	ATCAATTCCCTGGAGCTTGGTGACTCTGCTGTGTATTTCTGTGCCAGCAGCCACCAGGGTGCTAACTATGGCTACACCTTCGGTTCG	CASSHQGANYGYTF	1	0.03005711	42	TCRBV03	TCRBV03	unresolved			TCRBV03-01,TCRBV03-02		TCRBD01-01*01	TCRBD01	TCRBD01-01	1.0				TCRBJ01-02*01	TCRBJ01	TCRBJ01-02	1.0				3	1	4	3	2	0	39	53	54	59	61	1	In	VDJ							0.0
832	ATCCAGCGCACACAGCAGGAGGACTCGGCCGTGTATCTCTGTGCCAGCAGCCCCCCGACAGAATACTATGGCTACACCTTCGGTTCG	CASSPPTEYYGYTF	1	0.03005711	42	TCRBV07-02*01	TCRBV07	TCRBV07-02	1.0				TCRBD01-01*01	TCRBD01	TCRBD01-01	1.0				TCRBJ01-02*01	TCRBJ01	TCRBJ01-02	1.0				5	5	2	5	3	3	39	51	56	61	64	1	In	VDJ							0.0
833	GTCCTCAGAACCGGGAGACACGGCACTGTATCTCTGCGCCAGCATGAGTCCCGGCGCGTTGGCAATCAGCCCCAGCATTTTGGTGAT		1	0.03005711	47	TCRBV23-01*01	TCRBV23	TCRBV23-01	1.0				unresolved		unresolved		TCRBD01,TCRBD02	TCRBD01-01,TCRBD02-01		TCRBJ01-05*01	TCRBJ01	TCRBJ01-05	1.0				7	8	9	0	6	2	34	44	52	55	61	1	Out	VDJ							0.0
834	AGATCCAGTCCACGGAGTCAGGGGACACAGCACTGTATTTCTGTGCCAGCAGTAGTACAGACTAATGAAAAACTGTTTTTTGGCAGT		1	0.03005711	40	TCRBV21-01*01	TCRBV21	TCRBV21-01	1.0				TCRBD01-01*01	TCRBD01	TCRBD01-01	1.0				TCRBJ01-04*01	TCRBJ01	TCRBJ01-04	1.0				6	4	3	5	0	2	41	52	56	-1	60	1	Out	VDJ							0.0
835	AGCTCTCTGGAGCTGGGGGACTCAGCTTTGTATTTCTGTGCCAGCAGCCCCCAGGGACAGGGACCTGAAAAACTGTTTTTTGGCAGT	CASSPQGQGPEKLFF	1	0.03005711	45	TCRBV09-01	TCRBV09	TCRBV09-01				01,02	TCRBD01-01*01	TCRBD01	TCRBD01-01	1.0				TCRBJ01-04*01	TCRBJ01	TCRBJ01-04	1.0				4	5	0	3	3	7	36	48	53	62	65	1	In	VDJ							0.0
836	CAGCGCACACAGCAGGAGGACTCGGCCGTGTATCTCTGTGCCAGCAGCTTAGAGGGCAGGGGGGGAACTGAAGCTTTCTTTGGACAA	CASSLEGRGGTEAFF	1	0.03005711	45	TCRBV07-02*01	TCRBV07	TCRBV07-02	1.0				unresolved		unresolved		TCRBD01,TCRBD02	TCRBD01-01,TCRBD02-01		TCRBJ01-01*01	TCRBJ01	TCRBJ01-01	1.0				1	4	4	1	3	5	36	52	56	63	66	1	In	VDJ							0.0
837	CTGCTGTCGGCTGCTCCCTCCCAGACATCTGTGTACTTCTGTGCCAGCAGCCGCGTCGCGGGGAACACTGAAGCTTTCTTTGGACAA	CASSRVAGNTEAFF	1	0.03005711	42	TCRBV06-05*01	TCRBV06	TCRBV06-05	1.0				TCRBD02-01	TCRBD02	TCRBD02-01				01,02	TCRBJ01-01*01	TCRBJ01	TCRBJ01-01	1.0				6	7	7	4	0	1	39	50	57	-1	62	1	In	VDJ							0.0
838	CAGCAGGTAGTGCGAGGAGATTCGGCAGCTTATTTCTGTGCCAGCTCACCCTCCTTCTCCTTGAACACTGAAGCTTTCTTTGGACAA	CASSPSFSLNTEAFF	1	0.03005711	45	TCRBV18-01*01	TCRBV18	TCRBV18-01	1.0				TCRBD02-01	TCRBD02	TCRBD02-01				01,02	TCRBJ01-01*01	TCRBJ01	TCRBJ01-01	1.0				3	0	4	10	9	0	36	-1	50	52	61	1	In	VDJ							0.0
839	CTGAGCTCTCTGGAGCTGGGGGACTCAGCTTTGTATTTCTGTGCCAGCAGCGGACCGTTCCAGGGATCTGAAGCTTTCTTTGGACAA	CASSGPFQGSEAFF	1	0.03005711	42	TCRBV09-01	TCRBV09	TCRBV09-01				01,02	TCRBD01-01*01	TCRBD01	TCRBD01-01	1.0				TCRBJ01-01*01	TCRBJ01	TCRBJ01-01	1.0				3	8	4	3	2	6	39	52	60	65	67	1	In	VDJ							0.0
840	CTGACGATCCAGCGCACACAGCAGGAGGACTCGGCCGTGTATCTCTGTGCCAGCAGCTTCAACACCGGGGAGCTGTTTTTTGGAGAA	CASSFNTGELFF	1	0.03005711	36	TCRBV07-02*01	TCRBV07	TCRBV07-02	1.0				unresolved		unresolved					TCRBJ02-02*01	TCRBJ02	TCRBJ02-02	1.0				3	0	0	0	1	2	45	-1	-1	59	60	1	In	VJ							0.0
841	CTCAGAACCGGGAGACACGGCACTGTATCTCTGCGCCAGCAGTCAACTGAGAACAGCTCGAACACCGGGGAGCTGTTTTTTGGAGAA		1	0.03005711	50	TCRBV23-01*01	TCRBV23	TCRBV23-01	1.0				TCRBD01-01*01	TCRBD01	TCRBD01-01	1.0				TCRBJ02-02*01	TCRBJ02	TCRBJ02-02	1.0				2	6	3	5	2	0	31	46	52	56	58	1	Out	VDJ							0.0
842	AGCACCTTGGAGCTGGGGGACTCGGCCCTTTATCTTTGCGCCAGCAGCTTGGTAGGGTCGAACACCGGGGAGCTGTTTTTTGGAGAA	CASSLVGSNTGELFF	1	0.03005711	45	TCRBV05-01*01	TCRBV05	TCRBV05-01	1.0				unresolved		unresolved		TCRBD01,TCRBD02	TCRBD01-01,TCRBD02-01		TCRBJ02-02*01	TCRBJ02	TCRBJ02-02	1.0				0	1	5	3	1	0	36	52	53	57	58	1	In	VDJ							0.0
843	GAGATCCAGCGCACAGAGCAGGGGGACTCGGCCATGTATCTCTGTGCCAGCAGCTTATCCTCTTCGGATACGCAGTATTTTGGCCCA	CASSLSSSDTQYF	1	0.03005711	39	TCRBV07-09	TCRBV07	TCRBV07-09				01,03	TCRBD02-01	TCRBD02	TCRBD02-01				01,02	TCRBJ02-03*01	TCRBJ02	TCRBJ02-03	1.0				2	2	4	10	5	6	42	57	59	61	66	1	In	VDJ							0.0
844	TCTCTGGAGCTGGGGGACTCAGCTTTGTATTTCTGTGCCAGCAGCCCCCTGACAGGCTATTCCGGGGATACGCAGTATTTTGGCCCA	CASSPLTGYSGDTQYF	1	0.03005711	48	TCRBV09-01	TCRBV09	TCRBV09-01				01,02	TCRBD01-01*01	TCRBD01	TCRBD01-01	1.0				TCRBJ02-03*01	TCRBJ02	TCRBJ02-03	1.0				4	5	2	4	10	6	33	45	50	56	66	1	In	VDJ							0.0
845	ACCAGTGCCCATCCTGAAGACAGCAGCTTCTACATCTGCAGTGCTAGAGCCCCTAACGGGTACCAAGAGACCCAGTACTTCGGGCCA	CSARAPNGYQETQYF	1	0.03005711	45	TCRBV20	TCRBV20	unresolved			TCRBV20-01,TCRBV20-or09_02		TCRBD02-01	TCRBD02	TCRBD02-01				01,02	TCRBJ02-05*01	TCRBJ02	TCRBJ02-05	1.0				1	7	8	4	1	0	36	49	56	60	61	1	In	VDJ							0.0
846	GGCAATCCTGTCCTCAGAACCGGGAGACACGGCACTGTATCTCTGCGCCAGCACCATCCTGGGGAAGAGACCCAGTACTTCGGGCCA		1	0.03005711	38	TCRBV23-01*01	TCRBV23	TCRBV23-01	1.0				unresolved		unresolved		TCRBD01,TCRBD02	TCRBD01-01,TCRBD02-01		TCRBJ02-05*01	TCRBJ02	TCRBJ02-05	1.0				7	7	6	2	0	3	43	53	60	-1	64	1	Out	VDJ							0.0
847	AGCTCCTTGGAGCTGGGGGACTCAGCCCTGTACTTCTGTGCCAGCAGCCCAGGAGGGGACGGATACAATGAGCAGTTCTTCGGGCCA	CASSPGGDGYNEQFF	1	0.03005711	45	TCRBV13-01*01	TCRBV13	TCRBV13-01	1.0				TCRBD02-01*02	TCRBD02	TCRBD02-01	2.0				TCRBJ02-01*01	TCRBJ02	TCRBJ02-01	1.0				5	3	10	0	6	4	36	48	51	57	63	1	In	VDJ							0.0
848	ACAGTGACCAGTGCCCATCCTGAAGACAGCAGCTTCTACATCTGCAGTGCTAGGGGACTGGTATACAATGAGCAGTTCTTCGGGCCA	CSARGLVYNEQFF	1	0.03005711	39	TCRBV20	TCRBV20	unresolved			TCRBV20-01,TCRBV20-or09_02		TCRBD02-01	TCRBD02	TCRBD02-01				01,02	TCRBJ02-01*01	TCRBJ02	TCRBJ02-01	1.0				3	0	0	10	4	4	42	-1	53	59	63	1	In	VDJ							0.0
849	GTGAGCACCTTGGAGCTGGGGGACTCGGCCCTTTATCTTTGCGCCAGCAGCATCCCGGGACGCTACAATGAGCAGTTCTTCGGGCCA	CASSIPGRYNEQFF	1	0.03005711	42	TCRBV05-01*01	TCRBV05	TCRBV05-01	1.0				unresolved		unresolved		TCRBD01,TCRBD02	TCRBD01-01,TCRBD02-01		TCRBJ02-01*01	TCRBJ02	TCRBJ02-01	1.0				4	5	0	7	1	3	39	51	56	61	62	1	In	VDJ							0.0
850	CAGCCCTCAGAACCCAGGGACTCAGCTGTGTACTTCTGTGCCAGCTTCTAAAGCGGGGGGGCTTACAATGAGCAGTTCTTCGGGCCA	CASF*SGGAYNEQFF	1	0.03005711	45	TCRBV12	TCRBV12	unresolved			TCRBV12-03,TCRBV12-04		TCRBD02-01*01	TCRBD02	TCRBD02-01	1.0				TCRBJ02-01*01	TCRBJ02	TCRBJ02-01	1.0				8	6	6	0	2	4	36	45	51	61	63	1	Stop	VDJ							0.0
851	GTGAACGCCTTGGAGCTGGACGACTCGGCCCTGTATCTCTGTGCCAGCAGTATGGGACTTTCTCGGAATGAGCAGTTCTTCGGGCCA	CASSMGLSRNEQFF	1	0.03005711	42	TCRBV05-04*01	TCRBV05	TCRBV05-04	1.0				TCRBD02-01	TCRBD02	TCRBD02-01				01,02	TCRBJ02-01*01	TCRBJ02	TCRBJ02-01	1.0				5	3	0	10	7	7	39	50	53	59	66	1	In	VDJ							0.0
852	ACTCTGAAGATCCGGTCCACAAAGCTGGAGGACTCAGCCATGTACTTCTGTGCCAGCAGTGACGCAGGCCATCAGTTCTTCGGGCCA	CASSDAGHQFF	1	0.03005711	33	TCRBV02-01*01	TCRBV02	TCRBV02-01	1.0				TCRBD01-01*01	TCRBD01	TCRBD01-01	1.0				TCRBJ02-01*01	TCRBJ02	TCRBJ02-01	1.0				3	2	4	4	4	13	48	62	64	68	72	1	In	VDJ							0.0
853	AGCTCTCTGGAGCTGGGGGACTCAGCTTTGTATTTCTGTGCCAGCAGCTCCCGTAGCTACTCTGGAAACACCATATATTTTGGAGAG	CASSSRSYSGNTIYF	1	0.03005711	45	TCRBV09-01	TCRBV09	TCRBV09-01				01,02	TCRBD02-01	TCRBD02	TCRBD02-01				01,02	TCRBJ01-03*01	TCRBJ01	TCRBJ01-03	1.0				4	5	5	7	2	0	36	48	53	57	59	1	In	VDJ							0.0
854	GAACTGAACATGAGCTCCTTGGAGCTGGGGGACTCAGCCCTGTACTTCTGTGCCAGCAGCCCTGACATAAAAGCTTTCTTTGGACAA	CASSPDIKAFF	1	0.03005711	33	TCRBV13-01*01	TCRBV13	TCRBV13-01	1.0				TCRBD01-01*01	TCRBD01	TCRBD01-01	1.0				TCRBJ01-01*01	TCRBJ01	TCRBJ01-01	1.0				5	3	2	6	3	9	48	60	63	67	70	1	In	VDJ							0.0
855	TGGAGTCCGCTACCAGCTCCCAGACATCTGTGTACTTCTGTGCCATCACATGAAGGGAGGGTGAACACTGAAGCTTTCTTTGGACAA		1	0.03005711	43	TCRBV10-03*01	TCRBV10	TCRBV10-03	1.0				TCRBD02-01*02	TCRBD02	TCRBD02-01	2.0				TCRBJ01-01*01	TCRBJ01	TCRBJ01-01	1.0				7	6	9	0	0	0	38	48	54	-1	61	1	Out	VDJ							0.0
856	ATCCAGCGCACAGAGCAGGGGGACTCGGCCATGTATCTCTGTGCCAGCAGCTTAGCCGCAGGGGGCACTGAAGCTTTCTTTGGACAA	CASSLAAGGTEAFF	1	0.03005711	42	TCRBV07-09	TCRBV07	TCRBV07-09				01,03	TCRBD01-01*01	TCRBD01	TCRBD01-01	1.0				TCRBJ01-01*01	TCRBJ01	TCRBJ01-01	1.0				0	2	4	1	0	4	39	56	58	-1	65	1	In	VDJ							0.0
857	ATCCAGCCCTCAGAACCCAGGGACTCAGCTGTGTACTTCTGTGCCAGCAGTTATCGGATAGGGCGGGCTGAAGCTTTCTTTGGACAA	CASSYRIGRAEAFF	1	0.03005711	42	TCRBV12	TCRBV12	unresolved			TCRBV12-03,TCRBV12-04		TCRBD02-01	TCRBD02	TCRBD02-01				01,02	TCRBJ01-01*01	TCRBJ01	TCRBJ01-01	1.0				4	10	7	4	0	6	39	52	62	-1	67	1	In	VDJ							0.0
858	TCCGCTACCAGCTCCCAGACATCTGTGTACTTCTGTGCCATCAGTGCCGGACTAGCGGGGAACACCGGGGAGCTGTTTTTTGGAGAA	CAISAGLAGNTGELFF	1	0.03005711	48	TCRBV10-03*01	TCRBV10	TCRBV10-03	1.0				TCRBD02-01	TCRBD02	TCRBD02-01				01,02	TCRBJ02-02*01	TCRBJ02	TCRBJ02-02	1.0				4	2	1	4	0	1	33	46	48	-1	59	1	In	VDJ							0.0
859	GCCTTGGAGCTGGACGACTCGGCCCTGTATCTCTGTGCCAGCAGCCGCGAAGGGGCTAGGTCCACCGGGGAGCTGTTTTTTGGAGAA	CASSREGARSTGELFF	1	0.03005711	48	TCRBV05-04*01	TCRBV05	TCRBV05-04	1.0				TCRBD01-01*01	TCRBD01	TCRBD01-01	1.0				TCRBJ02-02*01	TCRBJ02	TCRBJ02-02	1.0				4	5	5	2	7	4	33	45	50	55	62	1	In	VDJ							0.0
860	CAGCGCACAGAGCAGGGGGACTCGGCCATGTATCTCTGTGCCAGCAGTTTTCATAGCGGGGGGGCAGATACGCAGTATTTTGGCCCA	CASSFHSGGADTQYF	1	0.03005711	45	TCRBV07-09	TCRBV07	TCRBV07-09				01,03	TCRBD02-01*01	TCRBD02	TCRBD02-01	1.0				TCRBJ02-03*01	TCRBJ02	TCRBJ02-03	1.0				6	6	5	0	0	4	36	47	53	-1	64	1	In	VDJ							0.0
861	GAGCTGGACGACTCGGCCCTGTATCTCTGTGCCAGCAGCTCCCCCTCTCTTGGGGGGGGGAAACAAGAGACCCAGTACTTCGGGCCA	CASSSPSLGGGKQETQYF	1	0.03005711	54	TCRBV05-04*01	TCRBV05	TCRBV05-04	1.0				TCRBD02-01*01	TCRBD02	TCRBD02-01	1.0				TCRBJ02-05*01	TCRBJ02	TCRBJ02-05	1.0				3	11	9	0	5	2	27	40	51	58	63	1	In	VDJ							0.0
862	ACTGTGAGCAACATGAGCCCTGAAGACAGCAGCATATATCTCTGCAGCGCCCTAGCGGCAGGGTGGGAGACCCAGTACTTCGGGCCA	CSALAAGWETQYF	1	0.03005711	39	TCRBV29-01*01	TCRBV29	TCRBV29-01	1.0				TCRBD02-01	TCRBD02	TCRBD02-01				01,02	TCRBJ02-05*01	TCRBJ02	TCRBJ02-05	1.0				7	2	4	5	8	5	42	49	51	58	66	1	In	VDJ							0.0
863	ACAGTGACCAGTGCCCATCCTGAAGACAGCAGCTTCTACATCTGCAGTGCGCCCCGGGACTACTACAATGAGCAGTTCTTCGGGCCA	CSAPRDYYNEQFF	1	0.03005711	39	TCRBV20	TCRBV20	unresolved			TCRBV20-01,TCRBV20-or09_02		TCRBD02-01	TCRBD02	TCRBD02-01				01,02	TCRBJ02-01*01	TCRBJ02	TCRBJ02-01	1.0				6	5	0	9	0	3	42	50	55	-1	62	1	In	VDJ							0.0
864	ACCAGTGCCCATCCTGAAGACAGCAGCTTCTACATCTGCAGTGCTAGAGTCCGGGGGAGCTCCTACAATGAGCAGTTCTTCGGGCCA	CSARVRGSSYNEQFF	1	0.03005711	45	TCRBV20	TCRBV20	unresolved			TCRBV20-01,TCRBV20-or09_02		TCRBD02-01*01	TCRBD02	TCRBD02-01	1.0				TCRBJ02-01*01	TCRBJ02	TCRBJ02-01	1.0				1	2	8	2	2	0	36	49	51	57	59	1	In	VDJ							0.0
865	CAGAGCAGGGGGACTCGGCCATGTATCTCTGTGCCAGCAGCTTAAGGTCGACAGGGAAGCGACCCTTCACCCCTCCACTTTGGGAAC		1	0.03005711	52	TCRBV07-09	TCRBV07	TCRBV07-09				01,03	TCRBD01-01*01	TCRBD01	TCRBD01-01	1.0				TCRBJ01-06*01	TCRBJ01	TCRBJ01-06	1.0				2	5	2	3	9	9	29	44	49	56	65	1	Out	VDJ							0.0
866	CTGGAGCTTGGTGACTCTGCTGTGTATTTCTGTGCCGCAGCGACATACTTCCCTTTGCAAAGAAAAAACATTCAGTACTTCGGCGCC	CAAATYFPLQRKNIQYF	1	0.03005711	51	TCRBV03	TCRBV03	unresolved			TCRBV03-01,TCRBV03-02		unresolved		unresolved		TCRBD01,TCRBD02	TCRBD01-01,TCRBD02-01		TCRBJ02-04*01	TCRBJ02	TCRBJ02-04	1.0				11	5	2	6	18	4	30	36	41	45	63	1	In	VDJ							0.0
867	GACCTCTCTGTACTTCTGTGCCAGCAGGGAACCGGGAGCCCAGGGGCCCCTCTAGGGAACTCTGGAAACACCATATATTTTGGAGAG		1	0.03005711	65	TCRBV27-01*01	TCRBV27	TCRBV27-01	1.0				unresolved		unresolved		TCRBD01,TCRBD02	TCRBD01-01,TCRBD02-01		TCRBJ01-03*01	TCRBJ01	TCRBJ01-03	1.0				6	13	4	2	13	0	16	27	40	46	59	1	Out	VDJ							0.0
868	CTGCTGGGGTTGGAGTCGGCTGCTCCCTCCCAAACATCTGTGTACTTCTGTGCCAGTTCGCGGGAGGGAGAGCAGTACTTCGGGCCG	CASSREGEQYF	1	0.03005711	33	TCRBV06	TCRBV06	unresolved			TCRBV06-02,TCRBV06-03		TCRBD02-01*02	TCRBD02	TCRBD02-01	2.0				TCRBJ02-07*01	TCRBJ02	TCRBJ02-07	1.0				9	3	7	0	1	7	48	56	59	68	69	1	In	VDJ							0.0
869	CCCAAAAGAACCCGACAGCTTTCTATCTCTGTGCCAGTAGTATAGATCTTCGGCCCATATAGCTCCTACGAGCAGTACTTCGGGCCG		1	0.03005711	52	TCRBV19-01	TCRBV19	TCRBV19-01				01,02	unresolved		unresolved		TCRBD01,TCRBD02	TCRBD01-01,TCRBD02-01		TCRBJ02-07*01	TCRBJ02	TCRBJ02-07	1.0				0	5	9	0	8	0	29	46	51	54	62	1	Out	VDJ							0.0
870	TCGGCCCAAAAGAACCCGACAGCTTTCTATCTCTGTGCCAGTAGTACCCGGGGACAGAGCAGTAATCAGCCCCAGCATTTTGGTGAT	CASSTRGQSSNQPQHF	1	0.03005711	48	TCRBV19-01	TCRBV19	TCRBV19-01				01,02	TCRBD01-01*01	TCRBD01	TCRBD01-01	1.0				TCRBJ01-05*01	TCRBJ01	TCRBJ01-05	1.0				4	4	0	5	6	4	33	46	50	57	63	1	In	VDJ							0.0
871	GAGTCGCCCAGCCCCAACCAGACCTCTCTGTACTTCTGTGCCAGCAGTTCTCGGACAGACCCTAATGAAAAACTGTTTTTTGGCAGT	CASSSRTDPNEKLFF	1	0.03005711	45	TCRBV27-01*01	TCRBV27	TCRBV27-01	1.0				TCRBD01-01*01	TCRBD01	TCRBD01-01	1.0				TCRBJ01-04*01	TCRBJ01	TCRBJ01-04	1.0				4	3	1	5	3	3	36	49	52	58	61	1	In	VDJ							0.0
872	ACATCGGCCCAAAAGAACCCGACAGCTTTCTATCTCTGTGCCAGTAGTTATCCGGCAGGGTCGAACACTGAAGCTTTCTTTGGACAA	CASSYPAGSNTEAFF	1	0.03005711	45	TCRBV19-01	TCRBV19	TCRBV19-01				01,02	TCRBD01-01*01	TCRBD01	TCRBD01-01	1.0				TCRBJ01-01*01	TCRBJ01	TCRBJ01-01	1.0				5	7	4	3	2	1	36	48	55	60	62	1	In	VDJ							0.0
873	GATCCTGGAGTCGCCCAGCCCCAACCAGACCTCTCTGTACTTCTGTGCCAGTACTACAAAAGGAACACTGAAGCTTTCTTTGGACAA		1	0.03005711	38	TCRBV27-01*01	TCRBV27	TCRBV27-01	1.0				TCRBD02-01	TCRBD02	TCRBD02-01				01,02	TCRBJ01-01*01	TCRBJ01	TCRBJ01-01	1.0				9	1	3	9	6	1	43	51	52	56	62	1	Out	VDJ							0.0
874	CTGGAGCTGGGGGACTCAGCTTTGTATTTCTGTGCCAGCAGCGTAGACGACAGGGCGACGAACACCGGGGAGCTGTTTTTTGGAGAA	CASSVDDRATNTGELFF	1	0.03005711	51	TCRBV09-01	TCRBV09	TCRBV09-01				01,02	TCRBD01-01*01	TCRBD01	TCRBD01-01	1.0				TCRBJ02-02*01	TCRBJ02	TCRBJ02-02	1.0				0	2	2	3	3	0	30	46	48	55	58	1	In	VDJ							0.0
875	AGCACCTTGGAGCTGGGGGACTCGGCCCTTTATCTTTGCGCCAGCAGCTTGGGGCCTTGGGACGCCGGGGAGCTGTTTTTTGGAGAA	CASSLGPWDAGELFF	1	0.03005711	45	TCRBV05-01*01	TCRBV05	TCRBV05-01	1.0				unresolved		unresolved		TCRBD01,TCRBD02	TCRBD01-01,TCRBD02-01		TCRBJ02-02*01	TCRBJ02	TCRBJ02-02	1.0				0	6	0	7	1	6	36	52	58	63	64	1	In	VDJ							0.0
876	GCCTTGGAGCTGGACGACTCGGCCCTGTATCTCTGTGCCAGCAGCTTGGAAGCAGGTTCAAACACAGATACGCAGTATTTTGGCCCA	CASSLEAGSNTDTQYF	1	0.03005711	48	TCRBV05-04*01	TCRBV05	TCRBV05-04	1.0				TCRBD01-01*01	TCRBD01	TCRBD01-01	1.0				TCRBJ02-03*01	TCRBJ02	TCRBJ02-03	1.0				0	3	4	4	6	2	33	49	52	56	62	1	In	VDJ							0.0
877	CTCTGGAGCTGGGGGACTCAGCTTTGTATTTCTGTGCCAGCAGGGTGGTGCAGCGGCGGTAACACAGATACGCAGTATTTTGGCCCA		1	0.03005711	49	TCRBV09-01	TCRBV09	TCRBV09-01				01,02	TCRBD02-01	TCRBD02	TCRBD02-01				01,02	TCRBJ02-03*01	TCRBJ02	TCRBJ02-03	1.0				5	8	6	5	6	2	32	43	51	56	62	1	Out	VDJ							0.0
878	AACGCCTTGTTGCTGGGGGACTCGGCCCTCTATCTCTGTGCCAGCAGCTTGGGTAGCCCGAGCACAGATACGCAGTATTTTGGCCCA	CASSLGSPSTDTQYF	1	0.03005711	45	TCRBV05-06*01	TCRBV05	TCRBV05-06	1.0				TCRBD02-01	TCRBD02	TCRBD02-01				01,02	TCRBJ02-03*01	TCRBJ02	TCRBJ02-03	1.0				0	1	5	7	3	0	36	52	53	57	60	1	In	VDJ							0.0
879	ACATCGGCCCAAAAGAACCCGACAGCTTTCTATCTCTGTGCCAGTAGTATAGATCCTTCGGAACAAGAGACCCAGTACTTCGGGCCA	CASSIDPSEQETQYF	1	0.03005711	45	TCRBV19-01	TCRBV19	TCRBV19-01				01,02	unresolved		unresolved		TCRBD01,TCRBD02	TCRBD01-01,TCRBD02-01		TCRBJ02-05*01	TCRBJ02	TCRBJ02-05	1.0				0	6	1	8	1	2	36	53	59	62	63	1	In	VDJ							0.0
880	GTGAGCACCTTGGAGCTGGGGGACTCGGCCCTTTATCTTTGCGCCAGCAGCTCGGGAGGCAGCCAAGAGACCCAGTACTTCGGGCCA	CASSSGGSQETQYF	1	0.03005711	42	TCRBV05-01*01	TCRBV05	TCRBV05-01	1.0				TCRBD02-01*02	TCRBD02	TCRBD02-01	2.0				TCRBJ02-05*01	TCRBJ02	TCRBJ02-05	1.0				3	0	8	1	3	1	39	-1	52	59	62	1	In	VDJ							0.0
881	GAGCTGGGGGACTCGGCCCTTTATCTTTGCGCCAGCAGCTTGGGCTCTAGCGGGGGCTCCGGCCAAGAGACCCAGTACTTCGGGCCA	CASSLGSSGGSGQETQYF	1	0.03005711	54	TCRBV05-01*01	TCRBV05	TCRBV05-01	1.0				TCRBD02-01*01	TCRBD02	TCRBD02-01	1.0				TCRBJ02-05*01	TCRBJ02	TCRBJ02-05	1.0				0	3	4	2	6	1	27	43	46	56	62	1	In	VDJ							0.0
882	AGCACCTTGGAGCTGGGGGACTCGGCCCTTTATCTTTGCGCCAGCAGCTTGGTGGAGTTCGGAGAAGAGACCCAGTACTTCGGGCCA	CASSLVEFGEETQYF	1	0.03005711	45	TCRBV05-01*01	TCRBV05	TCRBV05-01	1.0				TCRBD02-01*02	TCRBD02	TCRBD02-01	2.0				TCRBJ02-05*01	TCRBJ02	TCRBJ02-05	1.0				0	1	10	2	7	3	36	52	53	57	64	1	In	VDJ							0.0
883	CTGACGATCCAGCGCACACAGCAGGAGGACTCGGCCGTGTATCTCTGTGCCAGCAGCTTTGTGAGGGAGACCCAGTACTTCGGGCCA	CASSFVRETQYF	1	0.03005711	36	TCRBV07-02*01	TCRBV07	TCRBV07-02	1.0				TCRBD02-01*02	TCRBD02	TCRBD02-01	2.0				TCRBJ02-05*01	TCRBJ02	TCRBJ02-05	1.0				3	3	11	1	0	5	45	59	62	-1	66	1	In	VDJ							0.0
884	TCCACTCTGACAGTGACCAGTGCCCATCCTGAAGACAGCAGCTTCTACATCTGCAGTGCTTACATGGAGACCCAGTACTTCGGGCCA	CSAYMETQYF	1	0.03005711	30	TCRBV20-01*01	TCRBV20	TCRBV20-01	1.0				TCRBD01-01*01	TCRBD01	TCRBD01-01	1.0				TCRBJ02-05*01	TCRBJ02	TCRBJ02-05	1.0				5	1	3	6	2	5	51	60	61	64	66	1	In	VDJ							0.0
885	GTCCGCTACCAGCTCCCAGACATCTGTGTACTTCTGTGCCATCAGTGGTTTTCGGGGGCCACCTACAATGAGCAGTTCTTCGGGCCA		1	0.03005711	47	TCRBV10-03*01	TCRBV10	TCRBV10-03	1.0				unresolved		unresolved		TCRBD01,TCRBD02	TCRBD01-01,TCRBD02-01		TCRBJ02-01*01	TCRBJ02	TCRBJ02-01	1.0				4	6	6	0	2	2	34	47	53	59	61	1	Out	VDJ							0.0
886	CCTGCAAAGCTTGAGGACTCGGCCGTGTATCTCTGTGCCAGCAGCTCTAGCGGGGGGCTTTCCTACAATGAGCAGTTCTTCGGGCCA	CASSSSGGLSYNEQFF	1	0.03005711	48	TCRBV11-02*02	TCRBV11	TCRBV11-02	2.0				TCRBD02-01*01	TCRBD02	TCRBD02-01	1.0				TCRBJ02-01*01	TCRBJ02	TCRBJ02-01	1.0				4	0	4	1	3	1	33	-1	46	57	60	1	In	VDJ							0.0
887	ATCCTGGAGTCGCCCAGCCCCAACCAGACCTCTCTGTACTTCTGTGCCAGCAGTTCAGGGGGTTCCTACGAGCAGTACTTCGGGCCG	CASSSGGSYEQYF	1	0.03005711	39	TCRBV27-01*01	TCRBV27	TCRBV27-01	1.0				TCRBD01-01*01	TCRBD01	TCRBD01-01	1.0				TCRBJ02-07*01	TCRBJ02	TCRBJ02-07	1.0				4	0	4	1	1	1	42	-1	55	62	63	1	In	VDJ							0.0
888	CAGGCCTGGGGGACGCAGCCATGTACCTGTGTGCCACCAGCAGAGTATCCGCGGGACGGCAAATTCTATGGCTACACCTTCGGTTCG		1	0.03005711	52	TCRBV15-01*01	TCRBV15	TCRBV15-01	1.0				TCRBD02-01*02	TCRBD02	TCRBD02-01	2.0				TCRBJ01-02*01	TCRBJ01	TCRBJ01-02	1.0				1	5	7	3	9	4	29	45	50	56	65	1	Out	VDJ							0.0
889	CAGGTAGTGCGAGGAGATTCGGCAGCTTATTTCTGTGCCAGCTCACCTACATTTGGGACAGTCAATCAGCCCCAGCATTTTGGTGAT	CASSPTFGTVNQPQHF	1	0.03005711	48	TCRBV18-01*01	TCRBV18	TCRBV18-01	1.0				TCRBD01-01*01	TCRBD01	TCRBD01-01	1.0				TCRBJ01-05*01	TCRBJ01	TCRBJ01-05	1.0				3	7	0	5	1	3	33	47	54	61	62	1	In	VDJ							0.0
890	ACATCGGCCCAAAAGAACCCGACAGCTTTCTATCTCTGTGCCAGTAGTATCCCACCGCCAGGGAATCAGCCCCAGCATTTTGGTGAT	CASSIPPPGNQPQHF	1	0.03005711	45	TCRBV19-01	TCRBV19	TCRBV19-01				01,02	TCRBD01-01*01	TCRBD01	TCRBD01-01	1.0				TCRBJ01-05*01	TCRBJ01	TCRBJ01-05	1.0				3	8	4	3	0	4	36	50	58	-1	63	1	In	VDJ							0.0
891	AACGCCTTGTTGCTGGGGGACTCGGCCCTCTATCTCTGTGCCAGCAGTCCGAACAGGGGCCTAGTGGAAAAACTGTTTTTTGGCAGT	CASSPNRGLVEKLFF	1	0.03005711	45	TCRBV05-06*01	TCRBV05	TCRBV05-06	1.0				TCRBD01-01*01	TCRBD01	TCRBD01-01	1.0				TCRBJ01-04*01	TCRBJ01	TCRBJ01-04	1.0				5	5	3	2	7	8	36	47	52	59	66	1	In	VDJ							0.0
892	AAGATCCAGCGCACACAGCAGGAGGACTCCGCCGTGTATCTCTGTGCCAGCAGCTTAGTTCAAAACACTGAAGCTTTCTTTGGACAA	CASSLVQNTEAFF	1	0.03005711	39	TCRBV07-08*01	TCRBV07	TCRBV07-08	1.0				TCRBD01-01*01	TCRBD01	TCRBD01-01	1.0				TCRBJ01-01*01	TCRBJ01	TCRBJ01-01	1.0				1	2	4	6	1	2	42	58	60	62	63	1	In	VDJ							0.0
893	ACCAGTGCCCATCCTGAAGACAGCAGCTTCTACATCTGCAGTGCTAGCGGACAGGGGTTACCGAACACTGAAGCTTTCTTTGGACAA	CSASGQGLPNTEAFF	1	0.03005711	45	TCRBV20	TCRBV20	unresolved			TCRBV20-01,TCRBV20-or09_02		TCRBD01-01*01	TCRBD01	TCRBD01-01	1.0				TCRBJ01-01*01	TCRBJ01	TCRBJ01-01	1.0				3	1	1	2	5	1	36	47	48	57	62	1	In	VDJ							0.0
894	TCTCTGGAGCTGGGGGACTCAGCTTTGTATTTCTGTGCCAGCAGCGTAGCAGGGGCAGGAATGAACACTGAAGCTTTCTTTGGACAA	CASSVAGAGMNTEAFF	1	0.03005711	48	TCRBV09-01	TCRBV09	TCRBV09-01				01,02	TCRBD01-01*01	TCRBD01	TCRBD01-01	1.0				TCRBJ01-01*01	TCRBJ01	TCRBJ01-01	1.0				0	0	4	2	6	0	33	-1	49	55	61	1	In	VDJ							0.0
895	CTGCTGTCGGCTGCTCCCTCCCAGACATCTGTGTACTTCTGTGCCAGCAACCCAGGGTAGATGGACACTGAAGCTTTCTTTGGACAA	CASNPG*MDTEAFF	1	0.03005711	42	TCRBV06-05*01	TCRBV06	TCRBV06-05	1.0				TCRBD01-01*01	TCRBD01	TCRBD01-01	1.0				TCRBJ01-01*01	TCRBJ01	TCRBJ01-01	1.0				7	3	4	3	7	3	39	49	52	57	64	1	Stop	VDJ							0.0
896	AGTTCTAAGAAGCTCCTTCTCAGTGACTCTGGCTTCTATCTCTGTGCCTGGAGGGGCCGGGGAGGTACTGAAGCTTTCTTTGGACAA	CAWRGRGGTEAFF	1	0.03005711	39	TCRBV30-01*01	TCRBV30	TCRBV30-01	1.0				TCRBD02-01*02	TCRBD02	TCRBD02-01	2.0				TCRBJ01-01*01	TCRBJ01	TCRBJ01-01	1.0				3	6	9	1	1	5	42	53	59	65	66	1	In	VDJ							0.0
897	CAGCAGGTAGTGCGAGGAGATTCGGCAGCTTATTTCTGTGCCAGCTCACCGACTAGCGGGGGATCCGGGGAGCTGTTTTTTGGAGAA	CASSPTSGGSGELFF	1	0.03005711	45	TCRBV18-01*01	TCRBV18	TCRBV18-01	1.0				TCRBD02-01*01	TCRBD02	TCRBD02-01	1.0				TCRBJ02-02*01	TCRBJ02	TCRBJ02-02	1.0				3	0	2	2	2	6	36	-1	50	62	64	1	In	VDJ							0.0
898	GCCATCCCCAACCAGACAGCTCTTTACTTCTGTGCCACCAGTGAGGCTGGACTAGCGGGACACACAGATACGCAGTATTTTGGCCCA	CATSEAGLAGHTDTQYF	1	0.03005711	51	TCRBV24	TCRBV24	unresolved			TCRBV24-01,TCRBV24-or09_02		TCRBD02-01*02	TCRBD02	TCRBD02-01	2.0				TCRBJ02-03*01	TCRBJ02	TCRBJ02-03	1.0				4	4	1	3	2	2	30	44	48	60	62	1	In	VDJ							0.0
899	CTGGGGGACTCGGCCCTTTATCTTTGCGCCAGCAGTCGTGAGGGACTAGCGGGGCTCTCTGGCACAGATACGCAGTATTTTGGCCCA	CASSREGLAGLSGTDTQYF	1	0.03005711	57	TCRBV05-01*01	TCRBV05	TCRBV05-01	1.0				TCRBD02-01*01	TCRBD02	TCRBD02-01	1.0				TCRBJ02-03*01	TCRBJ02	TCRBJ02-03	1.0				5	6	0	3	7	1	24	35	41	54	61	1	In	VDJ							0.0
900	AGCACCTTGGAGCTGGGGGACTCGGCCCTTTATCTTTGCGCCAGCAGAGCGGGACTAGCGGGGGCAGATACGCAGTATTTTGGCCCA	CASRAGLAGADTQYF	1	0.03005711	45	TCRBV05-01*01	TCRBV05	TCRBV05-01	1.0				TCRBD02-01*01	TCRBD02	TCRBD02-01	1.0				TCRBJ02-03*01	TCRBJ02	TCRBJ02-03	1.0				5	3	0	2	0	4	36	47	50	-1	64	1	In	VDJ							0.0
901	CAGCCTGCAGAGCTTGGGGACTCGGCCGTGTATCTCTGTGCCAGCAGCTTAGGACTAGCGGGGACCGATACGCAGTATTTTGGCCCA	CASSLGLAGTDTQYF	1	0.03005711	45	TCRBV11-03*01	TCRBV11	TCRBV11-03	1.0				TCRBD02-01*01	TCRBD02	TCRBD02-01	1.0				TCRBJ02-03*01	TCRBJ02	TCRBJ02-03	1.0				1	0	2	3	3	6	36	-1	52	63	66	1	In	VDJ							0.0
902	TCTCTGGAGCTGGGGGACTCAGCTTTGTATTTCTGTGCCAGCAGCGTAGGCTTATCGGGGCAGAACGGGAGACTGTATTTTGGCCCA	CASSVGLSGQNGRLYF	1	0.03005711	48	TCRBV09-01	TCRBV09	TCRBV09-01				01,02	TCRBD02-01*02	TCRBD02	TCRBD02-01	2.0				TCRBJ02-03*01	TCRBJ02	TCRBJ02-03	1.0				0	16	8	2	3	14	33	49	65	71	74	1	In	VDJ							0.0
903	ATCCAGCAGGTAGTGCGAGGAGATTCGGCAGCTTATTTCTGTGCCAGCTCACCCGTGCTAGCGGAAGAGACCCAGTACTTCGGGCCA	CASSPVLAEETQYF	1	0.03005711	42	TCRBV18-01*01	TCRBV18	TCRBV18-01	1.0				TCRBD02-01	TCRBD02	TCRBD02-01				01,02	TCRBJ02-05*01	TCRBJ02	TCRBJ02-05	1.0				3	4	4	5	0	3	39	53	57	-1	64	1	In	VDJ							0.0
904	ATGAGCTCCTTGGAGCTGGGGGACTCAGCCCTGTACTTCTGTGCCAGCAGCTTAGCGGGGACACGCGAGACCCAGTACTTCGGGCCA	CASSLAGTRETQYF	1	0.03005711	42	TCRBV13-01*01	TCRBV13	TCRBV13-01	1.0				TCRBD01-01*01	TCRBD01	TCRBD01-01	1.0				TCRBJ02-05*01	TCRBJ02	TCRBJ02-05	1.0				1	2	0	6	3	5	39	55	57	63	66	1	In	VDJ							0.0
905	ACATCGGCCCAAAAGAACCCGACAGCTTTCTATCTCTGTGCCAGTAGTTTACAGGGTTTGCGGATGGAGACCCAGTACTTCGGGCCA	CASSLQGLRMETQYF	1	0.03005711	45	TCRBV19-01	TCRBV19	TCRBV19-01				01,02	TCRBD01-01*01	TCRBD01	TCRBD01-01	1.0				TCRBJ02-05*01	TCRBJ02	TCRBJ02-05	1.0				5	2	3	3	10	5	36	48	50	56	66	1	In	VDJ							0.0
906	ATCCAGCGCACAGAGCAGGGGGACTCGGCCATGTATCTCTGTGCCAGCAGCTTACCGGCGGCTAGCGGTGGCCAGTACTTCGGGCCA	CASSLPAASGGQYF	1	0.03005711	42	TCRBV07-09	TCRBV07	TCRBV07-09				01,03	TCRBD02-01	TCRBD02	TCRBD02-01				01,02	TCRBJ02-05*01	TCRBJ02	TCRBJ02-05	1.0				2	7	4	5	3	10	39	54	61	68	71	1	In	VDJ							0.0
907	CTAGAGTCTGCCATCCCCAACCAGACAGCTCTTTACTTCTGTGCCACCGAGGGACAGGGGGCCGACAATGAGCAGTTCTTCGGGCCA	CATEGQGADNEQFF	1	0.03005711	42	TCRBV24	TCRBV24	unresolved			TCRBV24-01,TCRBV24-or09_02		TCRBD01-01*01	TCRBD01	TCRBD01-01	1.0				TCRBJ02-01*01	TCRBJ02	TCRBJ02-01	1.0				9	2	0	0	2	5	39	48	50	62	64	1	In	VDJ							0.0
908	GCTCCCTCCCAAACATCTGTGTACTTCTGTGCCAGCAGTCCCCCTTTGAGGACAGCAATCCGAAGCGATGAGCAGTTCTTCGGGCCA	CASSPPLRTAIRSDEQFF	1	0.03005711	54	TCRBV06	TCRBV06	unresolved			TCRBV06-02,TCRBV06-03		TCRBD01-01*01	TCRBD01	TCRBD01-01	1.0				TCRBJ02-01*01	TCRBJ02	TCRBJ02-01	1.0				5	10	1	5	12	8	27	39	49	55	67	1	In	VDJ							0.0
909	GGCTGCTGTCGGCTGCTCCCTCCCAGACATCTGTGTACTTCTGTGCCAGCAGTTACGAAAAAGAGGAGTGAGCAGTTCTTCGGGCCA		1	0.03005711	40	TCRBV06-05*01	TCRBV06	TCRBV06-05	1.0				TCRBD02-01*02	TCRBD02	TCRBD02-01	2.0				TCRBJ02-01*01	TCRBJ02	TCRBJ02-01	1.0				2	8	10	2	0	9	41	56	64	-1	68	1	Out	VDJ							0.0
910	TTGGGGACTCGGCCGTGTATCTCTGTGCCAGCAGCTTAGAGAACCTATCCAGGGACAGGGTATAGTGGTGAGCAGTTCTTCGGGCCA		1	0.03005711	58	TCRBV11-03*01	TCRBV11	TCRBV11-03	1.0				TCRBD01-01*01	TCRBD01	TCRBD01-01	1.0				TCRBJ02-01*01	TCRBJ02	TCRBJ02-01	1.0				0	11	0	3	8	9	23	40	51	60	68	1	Out	VDJ							0.0
911	AGTCGGCTGCTCCCTCCCAGACATCTGTGTACTTCTGTGCCAGCGGAAGACAGCCACCTCTCTGGAAACACCATATATTTTGGAGAG		1	0.03005711	46	TCRBV06-01*01	TCRBV06	TCRBV06-01	1.0				TCRBD01-01*01	TCRBD01	TCRBD01-01	1.0				TCRBJ01-03*01	TCRBJ01	TCRBJ01-03	1.0				8	4	2	5	6	0	35	44	48	53	59	1	Out	VDJ							0.0
912	GAGCTGGACGACTCGGCCCTGTATCTCTGTGCCAGCAGCGGATGGACTAGCGGGGATTTCAGCAAGAACGAGCAGTACTTCGGGCCG	CASSGWTSGDFSKNEQYF	1	0.03005711	54	TCRBV05-04*01	TCRBV05	TCRBV05-04	1.0				TCRBD02-01*01	TCRBD02	TCRBD02-01	1.0				TCRBJ02-07*01	TCRBJ02	TCRBJ02-07	1.0				4	4	1	3	12	5	27	39	43	55	67	1	In	VDJ							0.0
913	CAGCGCACAGAGCAGGGGGACTCGGCCATGTATCTCTGTGCCAGCAGCTCGGACAGGGGTAGTTCCCACGAGCAGTACTTCGGGCCG	CASSSDRGSSHEQYF	1	0.03005711	45	TCRBV07-09	TCRBV07	TCRBV07-09				01,03	TCRBD01-01*01	TCRBD01	TCRBD01-01	1.0				TCRBJ02-07*01	TCRBJ02	TCRBJ02-07	1.0				4	1	1	2	8	5	36	49	50	59	67	1	In	VDJ							0.0
914	ACCCTGCAGCCAGAAGACTCGGCCCTGTATCTCTGCGCCAGCAGCCAAGATTTGGGGGTCAGGGCGGACGAGCAGTACTTCGGGCCG	CASSQDLGVRADEQYF	1	0.03005711	48	TCRBV04-03*01	TCRBV04	TCRBV04-03	1.0				unresolved		unresolved		TCRBD01,TCRBD02	TCRBD01-01,TCRBD02-01		TCRBJ02-07*01	TCRBJ02	TCRBJ02-07	1.0				0	9	4	3	3	5	33	50	59	64	67	1	In	VDJ							0.0
915	TGGAGTCGCCCAGCCCCAACCAGACCTCTCTGTACTTCTGTGCCAGCCCCGGACTCGGAGGATTCCTACGAGCAGTACTTCGGGCCG		1	0.03005711	43	TCRBV27-01*01	TCRBV27	TCRBV27-01	1.0				TCRBD02-01	TCRBD02	TCRBD02-01				01,02	TCRBJ02-07*01	TCRBJ02	TCRBJ02-07	1.0				8	3	1	10	8	1	38	47	50	55	63	1	Out	VDJ							0.0
916	CAGCGCACACAGCAGGAGGACTCGGCCGTGTATCTCTGTGCCAGCAGCTTAGCGAGCGGGGGAGCGGGCGAGCAGTACTTCGGGCCG	CASSLASGGAGEQYF	1	0.03005711	45	TCRBV07-02*01	TCRBV07	TCRBV07-02	1.0				TCRBD02-01*01	TCRBD02	TCRBD02-01	1.0				TCRBJ02-07*01	TCRBJ02	TCRBJ02-07	1.0				0	1	6	2	6	6	36	53	54	62	68	1	In	VDJ							0.0
917	CACATCAATTCCCTGGAGCTTGGTGACTCTGCTGTGTATTTCTGTGCCAGCAGCCAAGATCTCAATCAGCCCCAGCATTTTGGTGAT	CASSQDLNQPQHF	1	0.03005711	39	TCRBV03	TCRBV03	unresolved			TCRBV03-01,TCRBV03-02		TCRBD02-01	TCRBD02	TCRBD02-01				01,02	TCRBJ01-05*01	TCRBJ01	TCRBJ01-05	1.0				0	1	4	10	0	3	42	59	60	-1	62	1	In	VDJ							0.0
918	ATCCAGCGCACACAGCAGGAGGACTCCGCCGTGTATCTCTGTGCCAGCAGTCTGGCAGGCTTAAATGAAAAACTGTTTTTTGGCAGT	CASSLAGLNEKLFF	1	0.03005711	42	TCRBV07-08*01	TCRBV07	TCRBV07-08	1.0				TCRBD01-01*01	TCRBD01	TCRBD01-01	1.0				TCRBJ01-04*01	TCRBJ01	TCRBJ01-04	1.0				6	5	4	4	4	5	39	50	55	59	63	1	In	VDJ							0.0
919	GAGATCCAGCGCACAGAGCAGGGGGACTCGGCCATGTATCTCTGTGCCAGCAGCTTAGCCGAGAACACTGAAGCTTTCTTTGGACAA	CASSLAENTEAFF	1	0.03005711	39	TCRBV07-09	TCRBV07	TCRBV07-09				01,03	unresolved		unresolved		TCRBD01,TCRBD02	TCRBD01-01,TCRBD02-01		TCRBJ01-01*01	TCRBJ01	TCRBJ01-01	1.0				0	1	2	8	0	1	42	59	60	-1	62	1	In	VDJ							0.0
920	CTCAGGCTGGAGTTGGCTGCTCCCTCCCAGACATCTGTGTACTTCTGTGCCAGCGTTGAGAACACCGGGGAGCTGTTTTTTGGAGAA	CASVENTGELFF	1	0.03005711	36	TCRBV06-06	TCRBV06	TCRBV06-06				01,02	unresolved		unresolved		TCRBD01,TCRBD02	TCRBD01-01,TCRBD02-01		TCRBJ02-02*01	TCRBJ02	TCRBJ02-02	1.0				8	3	2	8	0	1	45	54	57	-1	59	1	In	VDJ							0.0
921	GCCCATCCTGAAGACAGCAGCTTCTACATCTGCAGTGCTAGAGATCTCCATACCGAACCGAACACCGGGGAGCTGTTTTTTGGAGAA	CSARDLHTEPNTGELFF	1	0.03005711	51	TCRBV20	TCRBV20	unresolved			TCRBV20-01,TCRBV20-or09_02		unresolved		unresolved		TCRBD01,TCRBD02	TCRBD01-01,TCRBD02-01		TCRBJ02-02*01	TCRBJ02	TCRBJ02-02	1.0				0	10	2	8	2	0	30	44	54	56	58	1	In	VDJ							0.0
922	ATCAATTCCCTGGAGCTTGGTGACTCTGCTGTGTATTTCTGTGCCACCCGTATAGGGGGGAACACCGGGGAGCTGTTTTTTGGAGAA	CATRIGGNTGELFF	1	0.03005711	42	TCRBV03	TCRBV03	unresolved			TCRBV03-01,TCRBV03-02		TCRBD01-01*01	TCRBD01	TCRBD01-01	1.0				TCRBJ02-02*01	TCRBJ02	TCRBJ02-02	1.0				10	7	5	1	0	1	39	46	53	-1	59	1	In	VDJ							0.0
923	AGCACCTTGGAGCTGGGGGACTCGGCCCTTTATCTTTGCGCCAGCAGCTTGGGGCCTTGGGACACCGGGGAGCTGTTTTTTGGAGAA	CASSLGPWDTGELFF	1	0.03005711	45	TCRBV05-01*01	TCRBV05	TCRBV05-01	1.0				unresolved		unresolved		TCRBD01,TCRBD02	TCRBD01-01,TCRBD02-01		TCRBJ02-02*01	TCRBJ02	TCRBJ02-02	1.0				0	6	0	9	0	3	36	52	58	-1	61	1	In	VDJ							0.0
924	TCTCTGGAGCTGGGGGACTCAGCTTTGTATTTCTGTGCCAGCAGCGTAGAGGGACAGGCCTACACCGGGGAGCTGTTTTTTGGAGAA	CASSVEGQAYTGELFF	1	0.03005711	48	TCRBV09-01	TCRBV09	TCRBV09-01				01,02	TCRBD01-01*01	TCRBD01	TCRBD01-01	1.0				TCRBJ02-02*01	TCRBJ02	TCRBJ02-02	1.0				0	1	0	4	3	3	33	49	50	58	61	1	In	VDJ							0.0
925	CAGCGCACAGAGCAGCGGGACTCAGCCATGTATCGCTGTGCTAGCACCAAAAGTCCCGGTGGGACCGGGGAGCTGTTTTTTGGAGAA	CASTKSPGGTGELFF	1	0.03005711	45	TCRBV07-07*01	TCRBV07	TCRBV07-07	1.0				unresolved		unresolved		TCRBD01,TCRBD02	TCRBD01-01,TCRBD02-01		TCRBJ02-02*01	TCRBJ02	TCRBJ02-02	1.0				7	14	0	9	0	5	36	46	60	-1	63	1	In	VDJ							0.0
926	CGCACAGAGCAGCGGGACTCAGCCATGTATCGCTGTGCTAGCAGCTTAGCTGGGGGCGCATATACCGGGGAGCTGTTTTTTGGAGAA	CASSLAGGAYTGELFF	1	0.03005711	48	TCRBV07-07*01	TCRBV07	TCRBV07-07	1.0				TCRBD01-01*01	TCRBD01	TCRBD01-01	1.0				TCRBJ02-02*01	TCRBJ02	TCRBJ02-02	1.0				0	1	6	0	6	5	33	50	51	57	63	1	In	VDJ							0.0
927	TGCTCCCTCCCAGACATCTGTGTACTTCTGTGCCAGCCATCGCCGGGACTAGCGACCCCGAACACAGATACGCAGTATTTTGGCCCA		1	0.03005711	53	TCRBV06	TCRBV06	unresolved			TCRBV06-01,TCRBV06-05,TCRBV06-06		TCRBD02-01	TCRBD02	TCRBD02-01				01,02	TCRBJ02-03*01	TCRBJ02	TCRBJ02-03	1.0				8	7	0	6	8	2	28	37	44	54	62	1	Out	VDJ							0.0
928	GACCAGTGCCCATCCTGAAGACAGCAGCTTCTACATCTGCAGTGCTAGAGTAGCGGGGGGGCCACAGATACGCAGTATTTTGGCCCA		1	0.03005711	44	TCRBV20	TCRBV20	unresolved			TCRBV20-01,TCRBV20-or09_02		TCRBD02-01*01	TCRBD02	TCRBD02-01	1.0				TCRBJ02-03*01	TCRBJ02	TCRBJ02-03	1.0				1	0	5	0	1	2	37	-1	50	61	62	1	Out	VDJ							0.0
929	GTGACATCGGCCCAAAAGAACCCGACAGCTTTCTATCTCTGTGCCAGTAGTATTGCAGGTCCGAGGGAGACCCAGTACTTCGGGCCA	CASSIAGPRETQYF	1	0.03005711	42	TCRBV19-01	TCRBV19	TCRBV19-01				01,02	unresolved		unresolved		TCRBD01,TCRBD02	TCRBD01-01,TCRBD02-01		TCRBJ02-05*01	TCRBJ02	TCRBJ02-05	1.0				3	2	4	4	7	5	39	53	55	59	66	1	In	VDJ							0.0
930	CGCACAGAGCAGCGGGACTCAGCCATGTATCGCTGTGCTAGCAGCTTAGATCTGCGGGGGGCCTGGGAGACCCAGTACTTCGGGCCA	CASSLDLRGAWETQYF	1	0.03005711	48	TCRBV07-07*01	TCRBV07	TCRBV07-07	1.0				TCRBD02-01*01	TCRBD02	TCRBD02-01	1.0				TCRBJ02-05*01	TCRBJ02	TCRBJ02-05	1.0				1	4	7	1	5	5	33	49	53	61	66	1	In	VDJ							0.0
931	CTCACTCTGGAGTCCGCTACCAGCTCCCAGACATCTGTGTACTTCTGTGCCATCAGTCCAGACAGGCGGGAGCAGTTCTTCGGGCCA	CAISPDRREQFF	1	0.03005711	36	TCRBV10-03*01	TCRBV10	TCRBV10-03	1.0				TCRBD01-01*01	TCRBD01	TCRBD01-01	1.0				TCRBJ02-01*01	TCRBJ02	TCRBJ02-01	1.0				5	3	2	4	3	10	45	57	60	66	69	1	In	VDJ							0.0
932	ACCAGTGCCCATCCTGAAGACAGCAGCTTCTACATCTGCAGTGCTAGAGATGGGATATCCACCTACAATGAGCAGTTCTTCGGGCCA	CSARDGISTYNEQFF	1	0.03005711	45	TCRBV20	TCRBV20	unresolved			TCRBV20-01,TCRBV20-or09_02		unresolved		unresolved		TCRBD01,TCRBD02	TCRBD01-01,TCRBD02-01		TCRBJ02-01*01	TCRBJ02	TCRBJ02-01	1.0				0	1	0	8	6	2	36	50	51	55	61	1	In	VDJ							0.0
933	GCACTGCAGCAAGAAGACTCAGCTGCGTATCTCTGCACCAGCAGCCGGTCGGACAGGGGACCCTACAATGAGCAGTTCTTCGGGCCA	CTSSRSDRGPYNEQFF	1	0.03005711	48	TCRBV01-01*01	TCRBV01	TCRBV01-01	1.0				TCRBD01-01*01	TCRBD01	TCRBD01-01	1.0				TCRBJ02-01*01	TCRBJ02	TCRBJ02-01	1.0				4	4	1	2	2	2	33	46	50	59	61	1	In	VDJ							0.0
934	GAGTCTGCTGCCTCCTCCCAGACATCTGTATATTTCTGCGCCAGCAGTGAGTCCAGAAGCTCCTACAATGAGCAGTTCTTCGGGCCA	CASSESRSSYNEQFF	1	0.03005711	45	TCRBV10-01	TCRBV10	TCRBV10-01				01,02	TCRBD01-01*01	TCRBD01	TCRBD01-01	1.0				TCRBJ02-01*01	TCRBJ02	TCRBJ02-01	1.0				0	0	4	5	3	0	36	-1	53	56	59	1	In	VDJ							0.0
935	CCCCTGACCCTGGAGTCTGCCAGGCCCTCACATACCTCTCAGTACCTCTGTGCCAGCAACATGGGGAGTGAGCAGTTCTTCGGGCCA	CASNMGSEQFF	1	0.03005711	33	TCRBV25-01*01	TCRBV25	TCRBV25-01	1.0				TCRBD02-01*02	TCRBD02	TCRBD02-01	2.0				TCRBJ02-01*01	TCRBJ02	TCRBJ02-01	1.0				7	5	9	2	0	9	48	58	63	-1	68	1	In	VDJ							0.0
936	GCGTCTGCTGTACCCTCTCAGACATCTGTGTACTTCTGTGCCAGCAGTGACCCCAGGGCCGTTCGTTCACCCCTCCACTTTGGGAAC	CASSDPRAVRSPLHF	1	0.03005711	45	TCRBV06-04	TCRBV06	TCRBV06-04				01,02	TCRBD01-01*01	TCRBD01	TCRBD01-01	1.0				TCRBJ01-06*01	TCRBJ01	TCRBJ01-06	1.0				2	2	4	3	7	9	36	51	53	58	65	1	In	VDJ							0.0
937	CTGGAGTCGCCCAGCCCCAACCAGACCTCTCTGTACTTCTGTGCCAGCAGTTTTCGGGCCCCTACCTACGAGCAGTACTTCGGGCCG	CASSFRAPTYEQYF	1	0.03005711	42	TCRBV27-01*01	TCRBV27	TCRBV27-01	1.0				unresolved		unresolved		TCRBD01,TCRBD02	TCRBD01-01,TCRBD02-01		TCRBJ02-07*01	TCRBJ02	TCRBJ02-07	1.0				3	2	8	0	5	2	39	53	55	59	64	1	In	VDJ							0.0
938	GATCCTGGAGTCGCCCAGCCCCAACCAGACCTCTCTGTACTTCTGTGCCAGCAGTTTTGGGTCCCCTACGAGCAGTACTTCGGGCCG		1	0.03005711	38	TCRBV27-01*01	TCRBV27	TCRBV27-01	1.0				unresolved		unresolved		TCRBD01,TCRBD02	TCRBD01-01,TCRBD02-01		TCRBJ02-07*01	TCRBJ02	TCRBJ02-07	1.0				3	1	0	9	3	2	43	57	58	61	64	1	Out	VDJ							0.0
939	CTGGAGTCGCCCAGCCCCAACCAGACCTCTCTGTACTTCTGTGCCAGCAGTTTATCGGGACGCTCCTACGAGCAGTACTTCGGGCCG	CASSLSGRSYEQYF	1	0.03005711	42	TCRBV27-01*01	TCRBV27	TCRBV27-01	1.0				unresolved		unresolved		TCRBD01,TCRBD02	TCRBD01-01,TCRBD02-01		TCRBJ02-07*01	TCRBJ02	TCRBJ02-07	1.0				0	0	0	7	1	0	39	-1	56	61	62	1	In	VDJ							0.0
940	CGCACAGAGCAGGGGGACTCGGCCATGTATCTCTGTGCCAGCAGCTTAGGTTCAGGGTTTAGAGGGCAGCCCCAGCATTTTGGTGAT	CASSLGSGFRGQPQHF	1	0.03005711	48	TCRBV07-09	TCRBV07	TCRBV07-09				01,03	unresolved		unresolved		TCRBD01,TCRBD02	TCRBD01-01,TCRBD02-01		TCRBJ01-05*01	TCRBJ01	TCRBJ01-05	1.0				1	3	4	3	9	7	33	49	52	57	66	1	In	VDJ							0.0
941	GGTAGTGCGAGGAGATTCGGCAGCTTATTTCTGTGCCAGCTCACCACCTACTGGGCCTAGGGCAATCAGCCCCAGCATTTTGGTGAT		1	0.03005711	50	TCRBV18-01*01	TCRBV18	TCRBV18-01	1.0				unresolved		unresolved		TCRBD01,TCRBD02	TCRBD01-01,TCRBD02-01		TCRBJ01-05*01	TCRBJ01	TCRBJ01-05	1.0				0	4	8	0	5	2	31	48	52	56	61	1	Out	VDJ							0.0
942	ATCAATTCCCTGGAGCTTGGTGACTCTGCTGTGTATTTCTGTGCCAGCAGCCTGGACAGGGCCTCCAAAAAACTGTTTTTTGGCAGT	CASSLDRASKKLFF	1	0.03005711	42	TCRBV03	TCRBV03	unresolved			TCRBV03-01,TCRBV03-02		TCRBD01-01*01	TCRBD01	TCRBD01-01	1.0				TCRBJ01-04*01	TCRBJ01	TCRBJ01-04	1.0				4	1	1	3	6	9	39	52	53	61	67	1	In	VDJ							0.0
943	ATCCAGCGCACACAGCAGGAGGACTCCGCCGTGTATCTCTGTGCCAGCAGCTTAGGGGACAGGCGTAAAAAACTGTTTTTTGGCAGT	CASSLGDRRKKLFF	1	0.03005711	42	TCRBV07-08*01	TCRBV07	TCRBV07-08	1.0				TCRBD01-01*01	TCRBD01	TCRBD01-01	1.0				TCRBJ01-04*01	TCRBJ01	TCRBJ01-04	1.0				1	0	0	4	4	9	39	-1	55	63	67	1	In	VDJ							0.0
944	CTGAGCTCTCTGGAGCTGGGGGACTCAGCTTTGTATTTCTGTGCCAGCAGCGTAGGCAGGACGAACACTGAAGCTTTCTTTGGACAA	CASSVGRTNTEAFF	1	0.03005711	42	TCRBV09-01	TCRBV09	TCRBV09-01				01,02	unresolved		unresolved		TCRBD01,TCRBD02	TCRBD01-01,TCRBD02-01		TCRBJ01-01*01	TCRBJ01	TCRBJ01-01	1.0				0	3	1	7	0	1	39	55	58	-1	62	1	In	VDJ							0.0
945	CAGCCCTCAGAACCCAGGGACTCAGCTGTGTACTTCTGTGCCAGCAGTTTTCCCCTTGACAGGGACACTGAAGCTTTCTTTGGACAA	CASSFPLDRDTEAFF	1	0.03005711	45	TCRBV12	TCRBV12	unresolved			TCRBV12-03,TCRBV12-04		TCRBD01-01*01	TCRBD01	TCRBD01-01	1.0				TCRBJ01-01*01	TCRBJ01	TCRBJ01-01	1.0				3	7	2	3	0	3	36	50	57	-1	64	1	In	VDJ							0.0
946	CTGGAGGACTCAGCCATGTACTTCTGTGCCAGCAGGCGGACTAGCGGGGGGAAAAGTAGGAGCACAGATACGCAGTATTTTGGCCCA	CASRRTSGGKSRSTDTQYF	1	0.03005711	57	TCRBV02-01*01	TCRBV02	TCRBV02-01	1.0				TCRBD02-01*01	TCRBD02	TCRBD02-01	1.0				TCRBJ02-03*01	TCRBJ02	TCRBJ02-03	1.0				6	2	1	1	9	0	24	35	37	51	60	1	In	VDJ							0.0
947	CAGCGCACAGAGCAGGGGGACTCGGCCATGTATCTCTGTGCCAGCAGCCCAGGACTAGCGGGGACAGATACGCAGTATTTTGGCCCA	CASSPGLAGTDTQYF	1	0.03005711	45	TCRBV07-09	TCRBV07	TCRBV07-09				01,03	TCRBD02-01*01	TCRBD02	TCRBD02-01	1.0				TCRBJ02-03*01	TCRBJ02	TCRBJ02-03	1.0				5	3	1	3	0	3	36	48	51	-1	63	1	In	VDJ							0.0
948	CTGGAGTCGCCCAGCCCCAACCAGACCTCTCTGTACTTCTGTGCCAGCGGAAGAAACAGGGATCCAGATACGCAGTATTTTGGCCCA	CASGRNRDPDTQYF	1	0.03005711	42	TCRBV27-01*01	TCRBV27	TCRBV27-01	1.0				TCRBD01-01*01	TCRBD01	TCRBD01-01	1.0				TCRBJ02-03*01	TCRBJ02	TCRBJ02-03	1.0				8	7	3	3	3	4	39	48	55	61	64	1	In	VDJ							0.0
949	AGTCTGCTGCCTCCTCCCAGACATCTGTATATTTCTGCGCCAGCCAAGACCCTAGCGGGGGCCGGAGATACGCAGTATTTTGGCCCA		1	0.03005711	46	TCRBV10-01	TCRBV10	TCRBV10-01				01,02	TCRBD02-01*01	TCRBD02	TCRBD02-01	1.0				TCRBJ02-03*01	TCRBJ02	TCRBJ02-03	1.0				8	7	4	2	4	5	35	44	51	61	65	1	Out	VDJ							0.0
950	ACCAGTGCCCATCCTGAAGACAGCAGCTTCTACATCTGCAGTGCTCGAAGGGGGACTAGCGGGGGAGAGACCCAGTACTTCGGGCCA	CSARRGTSGGETQYF	1	0.03005711	45	TCRBV20	TCRBV20	unresolved			TCRBV20-01,TCRBV20-or09_02		TCRBD02-01*01	TCRBD02	TCRBD02-01	1.0				TCRBJ02-05*01	TCRBJ02	TCRBJ02-05	1.0				5	6	0	2	0	4	36	45	51	-1	65	1	In	VDJ							0.0
951	ACCAGTGCCCATCCTGAAGACAGCAGCTTCTACATCTGCAGTGCTAGAGAAGGACTAGCGGGGGTAGAGACCCAGTACTTCGGGCCA	CSAREGLAGVETQYF	1	0.03005711	45	TCRBV20	TCRBV20	unresolved			TCRBV20-01,TCRBV20-or09_02		TCRBD02-01*01	TCRBD02	TCRBD02-01	1.0				TCRBJ02-05*01	TCRBJ02	TCRBJ02-05	1.0				0	1	1	2	1	4	36	50	51	64	65	1	In	VDJ							0.0
952	CTGCAGCCAGAAGACTCAGCCCTGTATCTCTGCGCCAGCAGCCAAGGGGGGCAGGGATACGCTCGGGAGACCCAGTACTTCGGGCCA	CASSQGGQGYARETQYF	1	0.03005711	51	TCRBV04-01*01	TCRBV04	TCRBV04-01	1.0				TCRBD01-01*01	TCRBD01	TCRBD01-01	1.0				TCRBJ02-05*01	TCRBJ02	TCRBJ02-05	1.0				1	0	6	0	14	5	30	-1	46	52	66	1	In	VDJ							0.0
953	GCCTTGGAGCTGGACGACTCGGCCCTGTATCTCTGTGCCAGCAGCTACCGAGGACAGGGGATTAACAATGAGCAGTTCTTCGGGCCA	CASSYRGQGINNEQFF	1	0.03005711	48	TCRBV05-04*01	TCRBV05	TCRBV05-04	1.0				TCRBD01-01*01	TCRBD01	TCRBD01-01	1.0				TCRBJ02-01*01	TCRBJ02	TCRBJ02-01	1.0				3	5	1	2	4	5	33	46	51	60	64	1	In	VDJ							0.0
954	CTACACACCCTGCAGCCAGAAGACTCGGCCCTGTATCTCTGCGCCAGCAGCCAAGGGGGGACCTACAATGAGCAGTTCTTCGGGCCA	CASSQGGTYNEQFF	1	0.03005711	42	TCRBV04-03*01	TCRBV04	TCRBV04-03	1.0				unresolved		unresolved		TCRBD01,TCRBD02	TCRBD01-01,TCRBD02-01		TCRBJ02-01*01	TCRBJ02	TCRBJ02-01	1.0				1	0	6	1	1	2	39	-1	55	60	61	1	In	VDJ							0.0
955	CTGCAGCCAGAAGACTCAGCCCTGTATCTCTGCGCCAGCAGCCAAAGCTCACAGCGAAGCTCCTACAATGAGCAGTTCTTCGGGCCA	CASSQSSQRSSYNEQFF	1	0.03005711	51	TCRBV04-01*01	TCRBV04	TCRBV04-01	1.0				unresolved		unresolved		TCRBD01,TCRBD02	TCRBD01-01,TCRBD02-01		TCRBJ02-01*01	TCRBJ02	TCRBJ02-01	1.0				2	5	3	5	5	0	30	45	50	54	59	1	In	VDJ							0.0
956	CACATCAATTCCCTGGAGCTTGGTGACTCTGCTGTGTATTTCTGTGCCAGCAGCCATCAGGGAATGGGTATTCAGTACTTCGGCGCC	CASSHQGMGIQYF	1	0.03005711	39	TCRBV03	TCRBV03	unresolved			TCRBV03-01,TCRBV03-02		TCRBD01-01*01	TCRBD01	TCRBD01-01	1.0				TCRBJ02-04*01	TCRBJ02	TCRBJ02-04	1.0				3	1	4	3	7	10	42	56	57	62	69	1	In	VDJ							0.0
957	CTCAGGCTGCTGTCGGCTGCTCCCTCCCAGACATCTGTGTACTTCTGTGCCAGCGGATACAACTCCTACGAGCAGTACTTCGGGCCG	CASGYNSYEQYF	1	0.03005711	36	TCRBV06-05*01	TCRBV06	TCRBV06-05	1.0				unresolved		unresolved		TCRBD01,TCRBD02	TCRBD01-01,TCRBD02-01		TCRBJ02-07*01	TCRBJ02	TCRBJ02-07	1.0				8	0	1	8	5	0	45	-1	54	57	62	1	In	VDJ							0.0
958	AGCACCTTGGAGCTGGGGGACTCGGCCCTTTATCTTTGCGCCAGCAGCTTGGAGCGGGGTAGCTCCTACGAGCAGTACTTCGGGCCG	CASSLERGSSYEQYF	1	0.03005711	45	TCRBV05-01*01	TCRBV05	TCRBV05-01	1.0				TCRBD02-01*01	TCRBD02	TCRBD02-01	1.0				TCRBJ02-07*01	TCRBJ02	TCRBJ02-07	1.0				0	0	6	3	3	0	36	-1	52	59	62	1	In	VDJ							0.0
959	CACGGAGTCAGGGGACACAGCACTGTATTTCTGTGCCAGCAGCAAGTTCGCGGATGGGGCAGTTCCTACGAGCAGTACTTCGGGCCG		1	0.03005711	50	TCRBV21-01*01	TCRBV21	TCRBV21-01	1.0				TCRBD01-01*01	TCRBD01	TCRBD01-01	1.0				TCRBJ02-07*01	TCRBJ02	TCRBJ02-07	1.0				3	10	7	0	3	1	31	45	55	60	63	1	Out	VDJ							0.0
960	ATCCAGCGCACAGAGCAGGGGGACTCGGCCATGTATCTCTGTGCCAGCAGCTCCCAGGGGGGACAGTACGAGCAGTACTTCGGGCCG	CASSSQGGQYEQYF	1	0.03005711	42	TCRBV07-09	TCRBV07	TCRBV07-09				01,03	TCRBD01-01*01	TCRBD01	TCRBD01-01	1.0				TCRBJ02-07*01	TCRBJ02	TCRBJ02-07	1.0				4	7	0	5	0	4	39	52	59	-1	66	1	In	VDJ							0.0
961	TCTGGAGCTGGGGGACTCAGCTTTGTATTTCTGTGCCAGCACCCGTAGACAGGTCCCTAAGGGGACTATGGCTACACCTTCGGTTCG		1	0.03005711	50	TCRBV09-01	TCRBV09	TCRBV09-01				01,02	TCRBD01-01*01	TCRBD01	TCRBD01-01	1.0				TCRBJ01-02*01	TCRBJ01	TCRBJ01-02	1.0				6	6	2	4	11	3	31	41	47	53	64	1	Out	VDJ							0.0
962	CAGCGCACAGAGCAGGGGGACTCGGCCATGTATCTCTGTGCCAGCAGCCCGGGACAGGGTTTCAATCAGCCCCAGCATTTTGGTGAT	CASSPGQGFNQPQHF	1	0.03005711	45	TCRBV07-09	TCRBV07	TCRBV07-09				01,03	TCRBD01-01*01	TCRBD01	TCRBD01-01	1.0				TCRBJ01-05*01	TCRBJ01	TCRBJ01-05	1.0				5	2	0	3	3	3	36	48	50	59	62	1	In	VDJ							0.0
963	ACAGTGACCAGTGCCCATCCTGAAGACAGCAGCTTCTACATCTGCAGTGCTAGAGGGGAACAGGGGGAAAAACTGTTTTTTGGCAGT	CSARGEQGEKLFF	1	0.03005711	39	TCRBV20	TCRBV20	unresolved			TCRBV20-01,TCRBV20-or09_02		TCRBD01-01*01	TCRBD01	TCRBD01-01	1.0				TCRBJ01-04*01	TCRBJ01	TCRBJ01-04	1.0				1	4	3	2	0	8	42	55	59	-1	66	1	In	VDJ							0.0
964	GGAGATTCGGCAGCTTATTTCTGTGCCAGCTCACTAGCCGGGACAGGGTCTTTGGGCTCAACTAATGAAAAACTGTTTTTTGGCAGT	CASSLAGTGSLGSTNEKLFF	1	0.03005711	60	TCRBV18-01*01	TCRBV18	TCRBV18-01	1.0				TCRBD01-01*01	TCRBD01	TCRBD01-01	1.0				TCRBJ01-04*01	TCRBJ01	TCRBJ01-04	1.0				4	5	0	3	10	0	21	34	39	48	58	1	In	VDJ							0.0
965	CTACACACCCTGCAGCCAGAAGACTCGGCCCTGTATCTCTGTGCCAGCAGCCCATCGGCCGGGAACACTGAAGCTTTCTTTGGACAA	CASSPSAGNTEAFF	1	0.03005711	42	TCRBV04-02*01	TCRBV04	TCRBV04-02	1.0				unresolved		unresolved		TCRBD01,TCRBD02	TCRBD01-01,TCRBD02-01		TCRBJ01-01*01	TCRBJ01	TCRBJ01-01	1.0				4	4	9	0	3	1	39	52	56	59	62	1	In	VDJ							0.0
966	GCAAAGCTTGAGGACTCGGCCGTGTATCTCTGTGCCAGCAGCCCAGGACAGGGCTTTTGGATGAACACTGAAGCTTTCTTTGGACAA	CASSPGQGFWMNTEAFF	1	0.03005711	51	TCRBV11-02*02	TCRBV11	TCRBV11-02	2.0				TCRBD01-01*01	TCRBD01	TCRBD01-01	1.0				TCRBJ01-01*01	TCRBJ01	TCRBJ01-01	1.0				5	3	1	3	8	0	30	42	45	53	61	1	In	VDJ							0.0
967	AACCTGAGCTCTCTGGAGCTGGGGGACTCAGCTTTGTATTTCTGTGCCAGCAGCGCGGGCCCCACCGGGGAGCTGTTTTTTGGAGAA	CASSAGPTGELFF	1	0.03005711	39	TCRBV09-01	TCRBV09	TCRBV09-01				01,02	unresolved		unresolved		TCRBD01,TCRBD02	TCRBD01-01,TCRBD02-01		TCRBJ02-02*01	TCRBJ02	TCRBJ02-02	1.0				3	1	8	0	2	4	42	55	56	60	62	1	In	VDJ							0.0
968	CAGCGCACACAGCAGGAGGACTCGGCCGTGTATCTCTGTGCCAGCAGGGCAAGGGACAGGACCACAGATACGCAGTATTTTGGCCCA	CASRARDRTTDTQYF	1	0.03005711	45	TCRBV07-02*01	TCRBV07	TCRBV07-02	1.0				TCRBD01-01*01	TCRBD01	TCRBD01-01	1.0				TCRBJ02-03*01	TCRBJ02	TCRBJ02-03	1.0				6	5	0	4	2	2	36	47	52	60	62	1	In	VDJ							0.0
969	AGCACCTTGGAGCTGGGGGACTCGGCCCTTTATCTTTGCGCCAGCAGCTTAAATACCGAACTCACAGATACGCAGTATTTTGGCCCA	CASSLNTELTDTQYF	1	0.03005711	45	TCRBV05-01*01	TCRBV05	TCRBV05-01	1.0				TCRBD02-01	TCRBD02	TCRBD02-01				01,02	TCRBJ02-03*01	TCRBJ02	TCRBJ02-03	1.0				2	9	3	10	0	2	36	50	59	-1	62	1	In	VDJ							0.0
970	CTCCTCACTCTGGAGTCCGCTACCAGCTCCCAGACATCTGTGTACTTCTGTGCCTCGAAGATCGCAGATACGCAGTATTTTGGCCCA	CASKIADTQYF	1	0.03005711	33	TCRBV10-03*01	TCRBV10	TCRBV10-03	1.0				unresolved		unresolved		TCRBD01,TCRBD02	TCRBD01-01,TCRBD02-01		TCRBJ02-03*01	TCRBJ02	TCRBJ02-03	1.0				11	2	2	8	6	4	48	54	56	58	64	1	In	VDJ							0.0
971	CTGCAGCCAGAAGACTCGGCCCTGTATCTCTGTGCCAGCAGCCAAGATTGGTCTAGCGGGGGGTCAGATACGCAGTATTTTGGCCCA	CASSQDWSSGGSDTQYF	1	0.03005711	51	TCRBV04-02*01	TCRBV04	TCRBV04-02	1.0				TCRBD02-01*01	TCRBD02	TCRBD02-01	1.0				TCRBJ02-03*01	TCRBJ02	TCRBJ02-03	1.0				0	5	4	1	1	4	30	47	52	63	64	1	In	VDJ							0.0
972	AATGTGAACGCCTTGGAGCTGGACGACTCGGCCCTGTATCTCTGTGCCAGCAGCTTTGGCGGTGACGATACGCAGTATTTTGGCCCA	CASSFGGDDTQYF	1	0.03005711	39	TCRBV05-04*01	TCRBV05	TCRBV05-04	1.0				TCRBD02-01	TCRBD02	TCRBD02-01				01,02	TCRBJ02-03*01	TCRBJ02	TCRBJ02-03	1.0				2	2	7	5	4	6	42	56	58	62	66	1	In	VDJ							0.0
973	ATCCAGCGCACACAGCAGGAGGACTCGGCCGTGTATCTCTGTGCCAGCAGCTTTTCCCCATCGGGGGATATTCCGTATTTTGGCCCA	CASSFSPSGDIPYF	1	0.03005711	42	TCRBV07-02*01	TCRBV07	TCRBV07-02	1.0				TCRBD02-01*01	TCRBD02	TCRBD02-01	1.0				TCRBJ02-03*01	TCRBJ02	TCRBJ02-03	1.0				3	8	8	2	7	14	39	53	61	67	74	1	In	VDJ							0.0
974	TTGGAGATCCAGCGCACAGAGCAGGGGGACTCGGCCATGTATCTCTGTGCCAGCAGCCTCGGAGGGCAGACCCAGTACTTCGGGCCA	CASSLGGQTQYF	1	0.03005711	36	TCRBV07-09	TCRBV07	TCRBV07-09				01,03	TCRBD02-01*02	TCRBD02	TCRBD02-01	2.0				TCRBJ02-05*01	TCRBJ02	TCRBJ02-05	1.0				5	3	10	0	1	6	45	57	60	66	67	1	In	VDJ							0.0
975	ATCAATTCCCTGGAGCTTGGTGACTCTGCTGTGTATTTCTGTGCCAGCAGCCAAGGGCAGTATAATTCACCCCTCCACTTTGGGAAC	CASSQGQYNSPLHF	1	0.03005711	42	TCRBV03	TCRBV03	unresolved			TCRBV03-01,TCRBV03-02		TCRBD01-01*01	TCRBD01	TCRBD01-01	1.0				TCRBJ01-06*01	TCRBJ01	TCRBJ01-06	1.0				1	2	4	5	0	4	39	55	57	-1	60	1	In	VDJ							0.0
976	CAGCGGGACTCAGCCATGTATCGCTGTGCTAGCAGCTTAGTGATCTTCGCAGGGGGCGGATCCAAAAACATTCAGTACTTCGGCGCC	CASSLVIFAGGGSKNIQYF	1	0.03005711	57	TCRBV07-07*01	TCRBV07	TCRBV07-07	1.0				TCRBD01-01*01	TCRBD01	TCRBD01-01	1.0				TCRBJ02-04*01	TCRBJ02	TCRBJ02-04	1.0				1	9	4	0	4	2	24	40	49	57	61	1	In	VDJ							0.0
977	CAGCGCACACAGCAGGAGGACTCGGCCGTGTATCTCTGTGCCAGCAGCTTAGCTCAGGGGCTGGGCTACGAGCAGTACTTCGGGCCG	CASSLAQGLGYEQYF	1	0.03005711	45	TCRBV07-02*01	TCRBV07	TCRBV07-02	1.0				TCRBD01-01*01	TCRBD01	TCRBD01-01	1.0				TCRBJ02-07*01	TCRBJ02	TCRBJ02-07	1.0				0	1	4	2	5	3	36	53	54	60	65	1	In	VDJ							0.0
978	CCCTCAGAACCCAGGGACTCAGCTGTGTACTTCTGTGCCAGCAGCGTCCCGGGACAGGGCACATTCCATGGCTACACCTTCGGTTCG	CASSVPGQGTFHGYTF	1	0.03005711	48	TCRBV12	TCRBV12	unresolved			TCRBV12-03,TCRBV12-04		TCRBD01-01*01	TCRBD01	TCRBD01-01	1.0				TCRBJ01-02*01	TCRBJ01	TCRBJ01-02	1.0				6	6	0	3	8	6	33	44	50	59	67	1	In	VDJ							0.0
979	CAGCCTGCAAAGCTTGAGGACTCGGCCGTGTATCTCTGTGCCAGCAGCTTACGGCAGCTCTTGAACACTGAAGCTTTCTTTGGACAA	CASSLRQLLNTEAFF	1	0.03005711	45	TCRBV11-02*02	TCRBV11	TCRBV11-02	2.0				unresolved		unresolved		TCRBD01,TCRBD02	TCRBD01-01,TCRBD02-01		TCRBJ01-01*01	TCRBJ01	TCRBJ01-01	1.0				2	3	4	5	4	0	36	51	54	57	61	1	In	VDJ							0.0
980	GGAGTCAGCTGCTCCCTCCCAGACATCTGTATACTTCTGTGCCAGCAGTTGACCCAGGGGGCGCGGACTGAAGCTTTCTTTGGACAA		1	0.03005711	44	TCRBV06-09*01	TCRBV06	TCRBV06-09	1.0				TCRBD01-01*01	TCRBD01	TCRBD01-01	1.0				TCRBJ01-01*01	TCRBJ01	TCRBJ01-01	1.0				4	4	4	0	4	5	37	50	54	62	66	1	Out	VDJ							0.0
981	CTGCTGTCGGCTGCTCCCTCCCAGACATCTGTGTACTTCTGTGCCAGCAGTTACCTGAGACCAACCGGGGAGCTGTTTTTTGGAGAA	CASSYLRPTGELFF	1	0.03005711	42	TCRBV06-05*01	TCRBV06	TCRBV06-05	1.0				unresolved		unresolved		TCRBD01,TCRBD02	TCRBD01-01,TCRBD02-01		TCRBJ02-02*01	TCRBJ02	TCRBJ02-02	1.0				2	4	2	7	2	5	39	54	58	61	63	1	In	VDJ							0.0
982	CAGCGCACAGAGCAGGGGGACTCGGCCATGTATCTCTGTGCCAGCACCCCCCGGACAGGGTCCACAGATACGCAGTATTTTGGCCCA	CASTPRTGSTDTQYF	1	0.03005711	45	TCRBV07-09	TCRBV07	TCRBV07-09				01,03	TCRBD01-01*01	TCRBD01	TCRBD01-01	1.0				TCRBJ02-03*01	TCRBJ02	TCRBJ02-03	1.0				7	6	1	3	2	2	36	46	52	60	62	1	In	VDJ							0.0
983	GAGATCCAGCGCACAGAGCAGGGGGACTCGGCCATGTATCTCTGTGCCAGCAGCTTGGTTGTGACAGATACGCAGTATTTTGGCCCA	CASSLVVTDTQYF	1	0.03005711	39	TCRBV07-09	TCRBV07	TCRBV07-09				01,03	unresolved		unresolved		TCRBD01,TCRBD02	TCRBD01-01,TCRBD02-01		TCRBJ02-03*01	TCRBJ02	TCRBJ02-03	1.0				3	0	0	10	5	3	42	-1	56	58	63	1	In	VDJ							0.0
984	GGATCCAGCAGGTAGTGCGAGGAGATTCGGCAGCTTATTTCTGTGCCAGCTCACCACCGTGTGTCAGATACGCAGTATTTTGGCCCA		1	0.03005711	40	TCRBV18-01*01	TCRBV18	TCRBV18-01	1.0				unresolved		unresolved					TCRBJ02-03*01	TCRBJ02	TCRBJ02-03	1.0				0	0	0	0	6	4	41	-1	-1	58	64	1	Out	VJ							0.0
985	CTCAAGATCCAGCCTGCAAAGCTTGAGGACTCGGCCGTGTATCTCTGTGCCAGCAGCCACATAGTTTATACGCAGTATTTTGGCCCA	CASSHIVYTQYF	1	0.03005711	36	TCRBV11-02*02	TCRBV11	TCRBV11-02	2.0				unresolved		unresolved		TCRBD01,TCRBD02	TCRBD01-01,TCRBD02-01		TCRBJ02-03*01	TCRBJ02	TCRBJ02-03	1.0				5	1	3	6	6	7	45	57	58	61	67	1	In	VDJ							0.0
986	AGGCTGCTGTCGGCTGCTCCCTCCCAGACATCTGTGTACTTCTGTGCCAGCAGCTTGGTCCCACAAGAGACCCAGTACTTCGGGCCA	CASSLVPQETQYF	1	0.03005711	39	TCRBV06-05*01	TCRBV06	TCRBV06-05	1.0				unresolved		unresolved		TCRBD01,TCRBD02	TCRBD01-01,TCRBD02-01		TCRBJ02-05*01	TCRBJ02	TCRBJ02-05	1.0				6	3	0	10	5	2	42	53	56	58	63	1	In	VDJ							0.0
987	AGCTCTCTGGAGCTGGGGGACTCAGCTTTGTATTTCTGTGCCAGCAGCGTAGGCTGGGGGCAGGGGGAGACCCAGTACTTCGGGCCA	CASSVGWGQGETQYF	1	0.03005711	45	TCRBV09-01	TCRBV09	TCRBV09-01				01,02	TCRBD01-01*01	TCRBD01	TCRBD01-01	1.0				TCRBJ02-05*01	TCRBJ02	TCRBJ02-05	1.0				0	8	4	2	0	5	36	52	60	-1	66	1	In	VDJ							0.0
988	AGCACCTTGGAGCTGGGGGACTCGGCCCTTTATCTTTGCGCCAGCAGCTTGGCAGTACAGGCTGGGGAGACCCAGTACTTCGGGCCA	CASSLAVQAGETQYF	1	0.03005711	45	TCRBV05-01*01	TCRBV05	TCRBV05-01	1.0				TCRBD01-01*01	TCRBD01	TCRBD01-01	1.0				TCRBJ02-05*01	TCRBJ02	TCRBJ02-05	1.0				0	4	3	4	5	5	36	52	56	61	66	1	In	VDJ							0.0
989	AGGATCCAGCAGGTAGTGCGAGGAGATTCGGCAGCTTATTTCTGTGCCAGCTCACCACCACTTGGGGAGACCCAGTACTTCGGGCCA	CASSPPLGETQYF	1	0.03005711	39	TCRBV18-01*01	TCRBV18	TCRBV18-01	1.0				unresolved		unresolved		TCRBD01,TCRBD02	TCRBD01-01,TCRBD02-01		TCRBJ02-05*01	TCRBJ02	TCRBJ02-05	1.0				0	4	0	9	0	5	42	59	63	-1	66	1	In	VDJ							0.0
990	CTACACGCCCTGCAGCCAGAAGACTCAGCCCTGTATCTCTGCGCCAGCAGCCAAGCGGGGGGGTGGGAGACCCAGTACTTCGGGCCA	CASSQAGGWETQYF	1	0.03005711	42	TCRBV04-01*01	TCRBV04	TCRBV04-01	1.0				TCRBD02-01*01	TCRBD02	TCRBD02-01	1.0				TCRBJ02-05*01	TCRBJ02	TCRBJ02-05	1.0				1	0	8	0	3	5	39	-1	55	63	66	1	In	VDJ							0.0
991	ACCCTGCAGCCAGAAGACTCGGCCCTGTATCTCTGTGCCAGCAGCCACCCTAGCGGGGATATCTACAATGAGCAGTTCTTCGGGCCA	CASSHPSGDIYNEQFF	1	0.03005711	48	TCRBV04-02*01	TCRBV04	TCRBV04-02	1.0				TCRBD02-01*01	TCRBD02	TCRBD02-01	1.0				TCRBJ02-01*01	TCRBJ02	TCRBJ02-01	1.0				3	2	4	3	4	3	33	47	49	58	62	1	In	VDJ							0.0
992	GGGGGACTCGGCCCTTTATCTTTGCGCCAGCAGCTCCTGGACAGGCCCCTTCGCCTCTCTGGGGCCAACGTCCTGACTTTCGGGGCC		1	0.03005711	59	TCRBV05-01*01	TCRBV05	TCRBV05-01	1.0				TCRBD01-01*01	TCRBD01	TCRBD01-01	1.0				TCRBJ02-06*01	TCRBJ02	TCRBJ02-06	1.0				3	3	1	4	11	0	22	35	38	45	56	1	Out	VDJ							0.0
993	AGCAGGGGGACTCGGCCATGTATCTCTGTGCCAGCAGCTTAGCCCGGCAGACAGCAACTCTCTGGAAACACCATATATTTTGGAGAG		1	0.03005711	55	TCRBV07-09	TCRBV07	TCRBV07-09				01,03	TCRBD01-01*01	TCRBD01	TCRBD01-01	1.0				TCRBJ01-03*01	TCRBJ01	TCRBJ01-03	1.0				0	6	2	5	5	0	26	43	49	54	59	1	Out	VDJ							0.0
994	TCGGCTGCTCCCTCCCAGACATCTGTGTACTTCTGTGCCAGCAGGGATCCAACGGCGCTCTCTGGAAACACCATATATTTTGGAGAG	CASRDPTALSGNTIYF	1	0.03005711	48	TCRBV06	TCRBV06	unresolved			TCRBV06-01,TCRBV06-05		unresolved		unresolved		TCRBD01,TCRBD02	TCRBD01-01,TCRBD02-01		TCRBJ01-03*01	TCRBJ01	TCRBJ01-03	1.0				6	0	1	8	12	0	33	-1	44	47	59	1	In	VDJ							0.0
995	CTGAAGATCCGGTCCACAAAGCTGGAGGACTCAGCCATGTACTTCTGTGCCAGCAGACCTCACTTTGGAGAGCAGTACTTCGGGCCG	CASRPHFGEQYF	1	0.03005711	36	TCRBV02-01*01	TCRBV02	TCRBV02-01	1.0				unresolved		unresolved		TCRBD01,TCRBD02	TCRBD01-01,TCRBD02-01		TCRBJ02-07*01	TCRBJ02	TCRBJ02-07	1.0				6	10	1	8	0	7	45	56	66	-1	69	1	In	VDJ							0.0
996	CAACCAGACCTCTCTGTACTTCTGCGTGGGGCCGGGCTAGGGGTCGACAGCCCCGCTTGGGAAGAATACGAGCAGTACTTCGGGCCG		1	0.03005711	59	TCRBV27-01*01	TCRBV27	TCRBV27-01	1.0				TCRBD01-01*01	TCRBD01	TCRBD01-01	1.0				TCRBJ02-07*01	TCRBJ02	TCRBJ02-07	1.0				15	21	2	5	16	4	22	24	45	50	66	1	Out	VDJ							0.0
997	TTGGAGATCCAGTCCACGGAGTCAGGGGACACAGCACTGTATTTCTGTGCCACCTAGGGGCCCTTACGGGGCTACACCTTCGGTTCG	CAT*GPLRGYTF	1	0.03005711	36	TCRBV21-01*01	TCRBV21	TCRBV21-01	1.0				TCRBD01-01*01	TCRBD01	TCRBD01-01	1.0				TCRBJ01-02*01	TCRBJ01	TCRBJ01-02	1.0				10	3	5	2	9	8	45	52	55	60	69	1	Stop	VDJ							0.0
998	ATCCTGGAGTCGCCCAGCCCCAACCAGACCTCTCTGTACTTCTGTGCCAGCAGTTTGGGAAGTAACTATGGCTACACCTTCGGTTCG	CASSLGSNYGYTF	1	0.03005711	39	TCRBV27-01*01	TCRBV27	TCRBV27-01	1.0				unresolved		unresolved		TCRBD01,TCRBD02	TCRBD01-01,TCRBD02-01		TCRBJ01-02*01	TCRBJ01	TCRBJ01-02	1.0				3	0	0	8	2	1	42	-1	56	60	62	1	In	VDJ							0.0
999	CTGAGCTCTCTGGAGCTGGGGGACTCAGCTTTGTATTTCTGTGCCAGCAGCGTTGGACAGGGAGGTCAGCCCCAGCATTTTGGTGAT	CASSVGQGGQPQHF	1	0.03005711	42	TCRBV09-01	TCRBV09	TCRBV09-01				01,02	TCRBD01-01*01	TCRBD01	TCRBD01-01	1.0				TCRBJ01-05*01	TCRBJ01	TCRBJ01-05	1.0				2	1	1	3	3	6	39	53	54	62	65	1	In	VDJ							0.0
1000	GTAGTGCGAGGAGATTCGGCAGCTTATTTCTGTGCCAGCTCACCAAATTGGTCCGGGACAGGGAATGAAAAACTGTTTTTTGGCAGT	CASSPNWSGTGNEKLFF	1	0.03005711	51	TCRBV18-01*01	TCRBV18	TCRBV18-01	1.0				TCRBD01-01*01	TCRBD01	TCRBD01-01	1.0				TCRBJ01-04*01	TCRBJ01	TCRBJ01-04	1.0				2	9	0	3	0	5	30	45	54	-1	63	1	In	VDJ							0.0
1001	CTCAGGCTGGAGTCGGCTGCTCCCTCCCAGACATCTGTGTACTTCTGTGCCAGCAGGGGAATCTTCGTCGGACTGTTTTTTGGCAGT	CASRGIFVGLFF	1	0.03005711	36	TCRBV06-01*01	TCRBV06	TCRBV06-01	1.0				unresolved		unresolved		TCRBD01,TCRBD02	TCRBD01-01,TCRBD02-01		TCRBJ01-04*01	TCRBJ01	TCRBJ01-04	1.0				6	0	0	8	11	13	45	-1	56	60	71	1	In	VDJ							0.0
1002	AACGCCTTGGAGCTGGACGACTCGGCCCTGTATCTCTGTGCCAGCAGCTTGGCCGGGCGCTCGAACACTGAAGCTTTCTTTGGACAA	CASSLAGRSNTEAFF	1	0.03005711	45	TCRBV05-04*01	TCRBV05	TCRBV05-04	1.0				unresolved		unresolved		TCRBD01,TCRBD02	TCRBD01-01,TCRBD02-01		TCRBJ01-01*01	TCRBJ01	TCRBJ01-01	1.0				0	2	8	0	4	1	36	52	54	58	62	1	In	VDJ							0.0
1003	ACCTTGGAGCTGGGGGACTCGGCCCTTTATCTTTGCGCCAGCAGCTTACAACTAGCGGGGAACACCGGGGAGCTGTTTTTTGGAGAA	CASSLQLAGNTGELFF	1	0.03005711	48	TCRBV05-01*01	TCRBV05	TCRBV05-01	1.0				TCRBD02-01	TCRBD02	TCRBD02-01				01,02	TCRBJ02-02*01	TCRBJ02	TCRBJ02-02	1.0				2	3	3	4	0	1	33	47	50	-1	59	1	In	VDJ							0.0
1004	CAGCGCACAGAGCGGGGGGACTCAGCCGTGTATCTCTGTGCCAGCAGCTTAATCGGTAGTAACACCGGGGAGCTGTTTTTTGGAGAA	CASSLIGSNTGELFF	1	0.03005711	45	TCRBV07-03*01	TCRBV07	TCRBV07-03	1.0				TCRBD02-01	TCRBD02	TCRBD02-01				01,02	TCRBJ02-02*01	TCRBJ02	TCRBJ02-02	1.0				1	4	5	8	1	2	36	52	56	59	60	1	In	VDJ							0.0
1005	ACAGTGACCAGTGCCCATCCTGAAGACAGCAGCTTCTACATCTGCAGTGCTGCGGTCCGCCCCACAGATACGCAGTATTTTGGCCCA	CSAAVRPTDTQYF	1	0.03005711	39	TCRBV20	TCRBV20	unresolved			TCRBV20-01,TCRBV20-or09_02		TCRBD02-01	TCRBD02	TCRBD02-01				01,02	TCRBJ02-03*01	TCRBJ02	TCRBJ02-03	1.0				5	0	7	5	7	2	42	-1	51	55	62	1	In	VDJ							0.0
1006	GAGCTTGGTGACTCTGCTGTGTATTTCTGTGCCAGCAGCCCGGAACTAGCGGGGGGCCTGAGCACAGATACGCAGTATTTTGGCCCA	CASSPELAGGLSTDTQYF	1	0.03005711	54	TCRBV03	TCRBV03	unresolved			TCRBV03-01,TCRBV03-02		TCRBD02-01*01	TCRBD02	TCRBD02-01	1.0				TCRBJ02-03*01	TCRBJ02	TCRBJ02-03	1.0				4	4	3	1	4	0	27	40	44	56	60	1	In	VDJ							0.0
1007	CAGCCCTCAGAACCCAGGGACTCAGCTGTGTACTTCTGTGCCAGCAGTTTGGGGCTAGCGGTCACAGATACGCAGTATTTTGGCCCA	CASSLGLAVTDTQYF	1	0.03005711	45	TCRBV12	TCRBV12	unresolved			TCRBV12-03,TCRBV12-04		TCRBD02-01	TCRBD02	TCRBD02-01				01,02	TCRBJ02-03*01	TCRBJ02	TCRBJ02-03	1.0				3	4	4	5	1	2	36	50	54	61	62	1	In	VDJ							0.0
1008	CTGGAGCTGGGGGACTCAGCTTTGTATTTCTGTGCCAGCAGCGGTCGGGGTGGGGGGGAGTACCAAGAGACCCAGTACTTCGGGCCA	CASSGRGGGEYQETQYF	1	0.03005711	51	TCRBV09-01	TCRBV09	TCRBV09-01				01,02	TCRBD02-01*01	TCRBD02	TCRBD02-01	1.0				TCRBJ02-05*01	TCRBJ02	TCRBJ02-05	1.0				3	8	9	0	3	0	30	43	51	58	61	1	In	VDJ							0.0
1009	CTGGAGTCCGCTACCAGCTCCCAGACATCTGTGTACTTCTGTGCCATCAGTGAGTCGGGGTTTCAAGAGACCCAGTACTTCGGGCCA	CAISESGFQETQYF	1	0.03005711	42	TCRBV10-03*01	TCRBV10	TCRBV10-03	1.0				unresolved		unresolved		TCRBD01,TCRBD02	TCRBD01-01,TCRBD02-01		TCRBJ02-05*01	TCRBJ02	TCRBJ02-05	1.0				0	0	6	2	3	2	39	-1	56	60	63	1	In	VDJ							0.0
1010	GTGACCAGTGCCCATCCTGAAGACAGCAGCTTCTACATCTGCAGTGCTCCCAGGGGGGGCCCGGGCAATGAGCAGTTCTTCGGGCCA	CSAPRGGPGNEQFF	1	0.03005711	42	TCRBV20	TCRBV20	unresolved			TCRBV20-01,TCRBV20-or09_02		unresolved		unresolved		TCRBD01,TCRBD02	TCRBD01-01,TCRBD02-01		TCRBJ02-01*01	TCRBJ02	TCRBJ02-01	1.0				5	2	4	1	8	6	39	48	50	57	65	1	In	VDJ							0.0
1011	CTGGAGCTGGGGGACTCAGCTTTGTATTTCTGTGCCAGCAGCGTAGAATCAAGCCCTGTAGATAATTCACCCCTCCACTTTGGGAAC	CASSVESSPVDNSPLHF	1	0.03005711	51	TCRBV09-01	TCRBV09	TCRBV09-01				01,02	TCRBD02-01	TCRBD02	TCRBD02-01				01,02	TCRBJ01-06*01	TCRBJ01	TCRBJ01-06	1.0				0	12	5	8	0	5	30	46	58	-1	61	1	In	VDJ							0.0
1012	CTGAAGATCCGGTCCACAAAGCTGGAGGACTCAGCCATGTACTTCTGTGCCAGCAGTGGGAACTACTACGAGCAGTACTTCGGGCCG	CASSGNYYEQYF	1	0.03005711	36	TCRBV02-01*01	TCRBV02	TCRBV02-01	1.0				TCRBD02-01	TCRBD02	TCRBD02-01				01,02	TCRBJ02-07*01	TCRBJ02	TCRBJ02-07	1.0				4	3	3	9	0	3	45	58	61	-1	65	1	In	VDJ							0.0
1013	CTGACAGTGACCAGTGCCCATCCTGAAGACAGCAGCTTCTACATCTGCAGTGCCAGCGACAGGGCCTACGAGCAGTACTTCGGGCCG	CSASDRAYEQYF	1	0.03005711	36	TCRBV20	TCRBV20	unresolved			TCRBV20-01,TCRBV20-or09_02		TCRBD01-01*01	TCRBD01	TCRBD01-01	1.0				TCRBJ02-07*01	TCRBJ02	TCRBJ02-07	1.0				6	4	2	3	0	2	45	53	57	-1	64	1	In	VDJ							0.0
1014	AAGATCCAGCCCTCAGAACCCAGGGACTCAGCTGTGTACTTCTGTGCCAGCAGTCCAACAGGGTTTTATGGCTACACCTTCGGTTCG	CASSPTGFYGYTF	1	0.03005711	39	TCRBV12	TCRBV12	unresolved			TCRBV12-03,TCRBV12-04		TCRBD01-01*01	TCRBD01	TCRBD01-01	1.0				TCRBJ01-02*01	TCRBJ01	TCRBJ01-02	1.0				5	3	3	3	3	5	42	54	57	63	66	1	In	VDJ							0.0
1015	CTACACACCCTGCAGCCAGAAGACTCGGCCCTGTATCTCTGCGCCAGCAGCCAGGGAAGGATGAATCAGCCCCAGCATTTTGGTGAT	CASSQGRMNQPQHF	1	0.03005711	42	TCRBV04-03*01	TCRBV04	TCRBV04-03	1.0				unresolved		unresolved		TCRBD01,TCRBD02	TCRBD01-01,TCRBD02-01		TCRBJ01-05*01	TCRBJ01	TCRBJ01-05	1.0				3	0	0	8	6	4	39	-1	53	57	63	1	In	VDJ							0.0
1016	ATCCAGCGCACAGAGCAGGGGGACTCGGCCATGTATCTCTGTGCCAGCAGCTTTTCGACAGGGAGTCAGCCCCAGCATTTTGGTGAT	CASSFSTGSQPQHF	1	0.03005711	42	TCRBV07-09	TCRBV07	TCRBV07-09				01,03	TCRBD01-01*01	TCRBD01	TCRBD01-01	1.0				TCRBJ01-05*01	TCRBJ01	TCRBJ01-05	1.0				3	3	2	3	2	6	39	53	56	63	65	1	In	VDJ							0.0
1017	CAGCGCACACAGCAGGAGGACTCGGCCGTGTATCTCTGTGCCAGCAGCTTTACACCGGAATTGGGAGAAAAACTGTTTTTTGGCAGT	CASSFTPELGEKLFF	1	0.03005711	45	TCRBV07-02*01	TCRBV07	TCRBV07-02	1.0				unresolved		unresolved		TCRBD01,TCRBD02	TCRBD01-01,TCRBD02-01		TCRBJ01-04*01	TCRBJ01	TCRBJ01-04	1.0				3	12	0	8	0	8	36	50	62	-1	66	1	In	VDJ							0.0
1018	TTGGAGCTGGGGGACTCGGCCCTTTATCTTTGCGCCAGCAGCCCGAATCGACAGGGTTGGGAACCTGAAAAACTGTTTTTTGGCAGT	CASSPNRQGWEPEKLFF	1	0.03005711	51	TCRBV05-01*01	TCRBV05	TCRBV05-01	1.0				TCRBD01-01*01	TCRBD01	TCRBD01-01	1.0				TCRBJ01-04*01	TCRBJ01	TCRBJ01-04	1.0				4	7	2	3	9	7	30	42	49	56	65	1	In	VDJ							0.0
1019	GTGAGCACCTTGGAGCTGGGGGACTCGGCCCTTTATCTTTGCGCCAGCAGTCCTGCCGGGACAGCCACTGAAGCTTTCTTTGGACAA	CASSPAGTATEAFF	1	0.03005711	42	TCRBV05-01*01	TCRBV05	TCRBV05-01	1.0				TCRBD01-01*01	TCRBD01	TCRBD01-01	1.0				TCRBJ01-01*01	TCRBJ01	TCRBJ01-01	1.0				5	7	0	5	1	4	39	50	57	64	65	1	In	VDJ							0.0
1020	CTGGAGTCGCCCAGCCCCAACCAGACCTCTCTGTACTTCTGTGCCAGCAGTTCCCTAAGGGGTGGCACTGAAGCTTTCTTTGGACAA	CASSSLRGGTEAFF	1	0.03005711	42	TCRBV27-01*01	TCRBV27	TCRBV27-01	1.0				TCRBD01-01*01	TCRBD01	TCRBD01-01	1.0				TCRBJ01-01*01	TCRBJ01	TCRBJ01-01	1.0				4	5	5	2	3	4	39	52	57	62	65	1	In	VDJ							0.0
1021	CACAGAGCGGGGGGACTCAGCCGTGTATCTCTGTGCCAGCAGCTCCCGATGAAGGGCGAAGGAGTCACTGAAGCTTTCTTTGGACAA		1	0.03005711	50	TCRBV07-03*01	TCRBV07	TCRBV07-03	1.0				unresolved		unresolved		TCRBD01,TCRBD02	TCRBD01-01,TCRBD02-01		TCRBJ01-01*01	TCRBJ01	TCRBJ01-01	1.0				4	8	5	3	9	4	31	44	52	56	65	1	Out	VDJ							0.0
1022	AGAGTCTGCCATCCCCAACCAGACAGCTCTTTACTTCTGTGCCATCCCGGGACAGGTCTCTGTCGAGCTGAAGCTTTCTTTGGACAA		1	0.03005711	44	TCRBV24	TCRBV24	unresolved			TCRBV24-01,TCRBV24-or09_02		TCRBD01-01*01	TCRBD01	TCRBD01-01	1.0				TCRBJ01-01*01	TCRBJ01	TCRBJ01-01	1.0				11	4	0	4	11	6	37	44	48	56	67	1	Out	VDJ							0.0
1023	AGCGCACACAGCAGGAGGACTCGGCCGTGTATCTCTGTGCCAGCAGCTTAGCTTACAGGGCGTGGGGCTGAAGCTTTCTTTGGACAA		1	0.03005711	46	TCRBV07-02*01	TCRBV07	TCRBV07-02	1.0				TCRBD01-01*01	TCRBD01	TCRBD01-01	1.0				TCRBJ01-01*01	TCRBJ01	TCRBJ01-01	1.0				0	2	3	3	7	6	35	52	54	60	67	1	Out	VDJ							0.0
1024	GTGAGCACCTTGGAGCTGGGGGACTCGGCCCTTTATCTTTGCGCCAGCAGCCCTACTTCCAACACCGGGGAGCTGTTTTTTGGAGAA	CASSPTSNTGELFF	1	0.03005711	42	TCRBV05-01*01	TCRBV05	TCRBV05-01	1.0				TCRBD02-01	TCRBD02	TCRBD02-01				01,02	TCRBJ02-02*01	TCRBJ02	TCRBJ02-02	1.0				4	3	3	10	3	2	39	51	54	57	60	1	In	VDJ							0.0
1025	CAGCGCACAGAGCAGGGGGACTCGGCCATGTATCTCTGTGCCAGCAGCGGTATGGGCAGGGACACCGGGGAGCTGTTTTTTGGAGAA	CASSGMGRDTGELFF	1	0.03005711	45	TCRBV07-09	TCRBV07	TCRBV07-09				01,03	TCRBD01-01*01	TCRBD01	TCRBD01-01	1.0				TCRBJ02-02*01	TCRBJ02	TCRBJ02-02	1.0				5	8	4	3	0	3	36	48	56	-1	61	1	In	VDJ							0.0
1026	CACACCCTGCAGCCAGAAGACTCGGCCCTGTATCTCTGTGCCAGCAGCCCGAGTGAAGGGCGGGAAGATACGCAGTATTTTGGCCCA	CASSPSEGREDTQYF	1	0.03005711	45	TCRBV04-02*01	TCRBV04	TCRBV04-02	1.0				TCRBD02-01*02	TCRBD02	TCRBD02-01	2.0				TCRBJ02-03*01	TCRBJ02	TCRBJ02-03	1.0				4	10	7	3	0	5	36	49	59	-1	65	1	In	VDJ							0.0
1027	CCAGCCCTCAGAACCCAGGGACTCAGCTGTGTATTTTTGTGCTAGTGCCTTGGACAGGCTGTTACAGATACGCAGTATTTTGGCCCA		1	0.03005711	44	TCRBV12-05*01	TCRBV12	TCRBV12-05	1.0				TCRBD01-01*01	TCRBD01	TCRBD01-01	1.0				TCRBJ02-03*01	TCRBJ02	TCRBJ02-03	1.0				7	4	1	4	5	3	37	47	51	58	63	1	Out	VDJ							0.0
1028	AAGATCCAGCCTGCAGAGCTTGGGGACTCGGCCGTGTATCTCTGTGCCAGCAGCTTACACAGAGAAGAGACCCAGTACTTCGGGCCA	CASSLHREETQYF	1	0.03005711	39	TCRBV11-03*01	TCRBV11	TCRBV11-03	1.0				TCRBD01-01*01	TCRBD01	TCRBD01-01	1.0				TCRBJ02-05*01	TCRBJ02	TCRBJ02-05	1.0				2	1	3	5	2	3	42	57	58	62	64	1	In	VDJ							0.0
1029	ATCCGGTCCACAAAGCTGGAGGACTCAGCCATGTACTTCTGTGCCAGCAGTCGGACAGGGTGGAGGGAGACCCAGTACTTCGGGCCA	CASSRTGWRETQYF	1	0.03005711	42	TCRBV02-01*01	TCRBV02	TCRBV02-01	1.0				TCRBD01-01*01	TCRBD01	TCRBD01-01	1.0				TCRBJ02-05*01	TCRBJ02	TCRBJ02-05	1.0				5	1	1	3	6	5	39	51	52	60	66	1	In	VDJ							0.0
1030	ATCAATTCCCTGGAGCTTGGTGACTCTGCTGTGTATTTCTGTGCCAGCAGCGGGGCGGGATCGGGGAATGAGCAGTTCTTCGGGCCA	CASSGAGSGNEQFF	1	0.03005711	42	TCRBV03	TCRBV03	unresolved			TCRBV03-01,TCRBV03-02		TCRBD02-01*02	TCRBD02	TCRBD02-01	2.0				TCRBJ02-01*01	TCRBJ02	TCRBJ02-01	1.0				5	3	7	3	6	7	39	51	54	60	66	1	In	VDJ							0.0
1031	TGGAGTCGCCCAGCCCCAACCAGACCTCTCTGTACTTCTGTGCCAGCATCCTAGAGGACAGAGAATTCACCCCTCCACTTTGGGAAC		1	0.03005711	43	TCRBV27-01*01	TCRBV27	TCRBV27-01	1.0				TCRBD01-01*01	TCRBD01	TCRBD01-01	1.0				TCRBJ01-06*01	TCRBJ01	TCRBJ01-06	1.0				7	7	1	5	2	7	38	48	55	61	63	1	Out	VDJ							0.0
1032	AATTCCCTGGAGCTTGGTGACTCTGCTGTGTATTTCTGTGCCAGCAGCCAAGAGGGCGGGTCGGCCTACGAGCAGTACTTCGGGCCG	CASSQEGGSAYEQYF	1	0.03005711	45	TCRBV03	TCRBV03	unresolved			TCRBV03-01,TCRBV03-02		TCRBD02-01	TCRBD02	TCRBD02-01				01,02	TCRBJ02-07*01	TCRBJ02	TCRBJ02-07	1.0				0	2	7	4	4	2	36	53	55	60	64	1	In	VDJ							0.0
1033	AGCTCTCTGGAGCTGGGGGACTCAGCTTTGTATTTCTGTGCCAGCAGCCCGACAGGGGACAGGGTGAGGGGCTACACCTTCGGTTCG	CASSPTGDRVRGYTF	1	0.03005711	45	TCRBV09-01	TCRBV09	TCRBV09-01				01,02	TCRBD01-01*01	TCRBD01	TCRBD01-01	1.0				TCRBJ01-02*01	TCRBJ01	TCRBJ01-02	1.0				4	7	0	3	5	8	36	48	55	64	69	1	In	VDJ							0.0
1034	TCTAAGAAGCTCCTTCTCAGTGACTCTGGCTTCTATCTCTGTGCCTGGAAGCGTCAAGGGGGGAACACTGAAGCTTTCTTTGGACAA	CAWKRQGGNTEAFF	1	0.03005711	42	TCRBV30-01*01	TCRBV30	TCRBV30-01	1.0				TCRBD01-01*01	TCRBD01	TCRBD01-01	1.0				TCRBJ01-01*01	TCRBJ01	TCRBJ01-01	1.0				4	7	5	1	0	1	39	49	56	-1	62	1	In	VDJ							0.0
1035	CCAGACCTCTCTGTACTTCTGTGCCACTCGACACCCTCTTAGAGGTATCCGGGACAGGGGGAAACCGGGGAGCTGTTTTTTGGAGAA		1	0.03005711	62	TCRBV27-01*01	TCRBV27	TCRBV27-01	1.0				TCRBD01-01*01	TCRBD01	TCRBD01-01	1.0				TCRBJ02-02*01	TCRBJ02	TCRBJ02-02	1.0				10	24	0	1	2	5	19	26	50	61	63	1	Out	VDJ							0.0
1036	GCGCACAGAGCGGGGGGACTCAGCCGTGTATCTCTGTGCCAGCAGCTCCTAGTGGGCAGGATAACCGGGGAGCTGTTTTTTGGAGAA		1	0.03005711	47	TCRBV07-03*01	TCRBV07	TCRBV07-03	1.0				unresolved		unresolved		TCRBD01,TCRBD02	TCRBD01-01,TCRBD02-01		TCRBJ02-02*01	TCRBJ02	TCRBJ02-02	1.0				4	9	4	4	3	5	34	47	56	60	63	1	Out	VDJ							0.0
1037	AAGAAGCTCCTTCTCAGTGACTCTGGCTTCTATCTCTGTGCCTGGAGTTTGAGACAGCCGAACACCGGGGAGCTGTTTTTTGGAGAA	CAWSLRQPNTGELFF	1	0.03005711	45	TCRBV30-01*01	TCRBV30	TCRBV30-01	1.0				TCRBD01-01*01	TCRBD01	TCRBD01-01	1.0				TCRBJ02-02*01	TCRBJ02	TCRBJ02-02	1.0				2	4	2	5	1	0	36	48	52	57	58	1	In	VDJ							0.0
1038	CTGGAGTCGCCCAGCCCCAACCAGACCTCTCTGTACTTCTGTGCCAGCAGTTTGGGGGAGGGAGCAGATACGCAGTATTTTGGCCCA	CASSLGEGADTQYF	1	0.03005711	42	TCRBV27-01*01	TCRBV27	TCRBV27-01	1.0				TCRBD02-01*02	TCRBD02	TCRBD02-01	2.0				TCRBJ02-03*01	TCRBJ02	TCRBJ02-03	1.0				3	2	9	0	2	4	39	53	55	62	64	1	In	VDJ							0.0
1039	AACGCCTTGGAGCTGGACGACTCGGCCCTGTATCTCTGTGCCAGCAGCTACCAGGGGATGCCCTACAATGAGCAGTTCTTCGGGCCA	CASSYQGMPYNEQFF	1	0.03005711	45	TCRBV05-04*01	TCRBV05	TCRBV05-04	1.0				TCRBD01-01*01	TCRBD01	TCRBD01-01	1.0				TCRBJ02-01*01	TCRBJ02	TCRBJ02-01	1.0				3	2	4	2	4	2	36	49	51	57	61	1	In	VDJ							0.0
1040	ATCCGGTCCACAAAGCTGGAGGACTCAGCCATGTACTTCTGTGCCAGCACATATGCACAGGGAAGCAATGAGCAGTTCTTCGGGCCA	CASTYAQGSNEQFF	1	0.03005711	42	TCRBV02-01*01	TCRBV02	TCRBV02-01	1.0				TCRBD01-01*01	TCRBD01	TCRBD01-01	1.0				TCRBJ02-01*01	TCRBJ02	TCRBJ02-01	1.0				7	7	3	3	3	6	39	49	56	62	65	1	In	VDJ							0.0
1041	CACGCCCTGCAGCCAGAAGACTCAGCCCTGTATCTCTGCGCCAGCAGCCAAATGCGGGGGGGCACTAATGAGCAGTTCTTCGGGCCA	CASSQMRGGTNEQFF	1	0.03005711	45	TCRBV04-01*01	TCRBV04	TCRBV04-01	1.0				TCRBD02-01*01	TCRBD02	TCRBD02-01	1.0				TCRBJ02-01*01	TCRBJ02	TCRBJ02-01	1.0				2	2	7	0	4	7	36	51	53	62	66	1	In	VDJ							0.0
1042	GAGTCGGCTGCTCCCTCCCAAACATCTGTGTACTTCTGTGCCAGTAGATCCGGGACAGGGGGAGAGGATGAGCAGTTCTTCGGGCCA	CASRSGTGGEDEQFF	1	0.03005711	45	TCRBV06	TCRBV06	unresolved			TCRBV06-02,TCRBV06-03		TCRBD01-01*01	TCRBD01	TCRBD01-01	1.0				TCRBJ02-01*01	TCRBJ02	TCRBJ02-01	1.0				9	7	0	1	5	8	36	44	51	62	67	1	In	VDJ							0.0
1043	CACGCCCTGCAGCCAGAAGACTCAGCCCTGTATCTCTGCGCCAGCAGCCAAGGGACTAGCGTGACAACTGAGCAGTTCTTCGGGCCA	CASSQGTSVTTEQFF	1	0.03005711	45	TCRBV04-01*01	TCRBV04	TCRBV04-01	1.0				TCRBD02-01	TCRBD02	TCRBD02-01				01,02	TCRBJ02-01*01	TCRBJ02	TCRBJ02-01	1.0				1	0	1	6	7	9	36	-1	52	61	68	1	In	VDJ							0.0
1044	AAGATCCGGTCCACAAAGCTGGAGGACTCAGCCATGTACTTCTGTGCCAGCACGGCGAAGTCCGGAAACACCATATATTTTGGAGAG	CASTAKSGNTIYF	1	0.03005711	39	TCRBV02-01*01	TCRBV02	TCRBV02-01	1.0				unresolved		unresolved		TCRBD01,TCRBD02	TCRBD01-01,TCRBD02-01		TCRBJ01-03*01	TCRBJ01	TCRBJ01-03	1.0				7	1	9	0	7	4	42	52	53	56	63	1	In	VDJ							0.0
1045	AGCTCTCTGGAGCTGGGGGACTCAGCTTTGTATTTCTGTGCCAGCAGCGTAGGGGGCACCTCTGGAAACACCATATATTTTGGAGAG	CASSVGGTSGNTIYF	1	0.03005711	45	TCRBV09-01	TCRBV09	TCRBV09-01				01,02	TCRBD01-01*01	TCRBD01	TCRBD01-01	1.0				TCRBJ01-03*01	TCRBJ01	TCRBJ01-03	1.0				0	0	7	0	2	0	36	-1	52	57	59	1	In	VDJ							0.0
1046	ATGTGAGTGCCTTGGAGCTGGGGGACTCGGCACTGTATCTCTGTGCCAGATGAAGGGGTATTAGCCTACGAGCAGTACTTCGGGCCG		1	0.03005711	40	TCRBV05-03	TCRBV05	TCRBV05-03				01,02	TCRBD01-01*01	TCRBD01	TCRBD01-01	1.0				TCRBJ02-07*01	TCRBJ02	TCRBJ02-07	1.0				7	3	5	2	6	2	41	50	53	58	64	1	Out	VDJ							0.0
1047	CAGCGCACAGAGCAGGGGGACTCGGCCATGTATCTCTGTGCCAGCAGACGCAGCGGGGGGGAATCCTACGAGCAGTACTTCGGGCCG	CASRRSGGESYEQYF	1	0.03005711	45	TCRBV07-09	TCRBV07	TCRBV07-09				01,03	TCRBD02-01*01	TCRBD02	TCRBD02-01	1.0				TCRBJ02-07*01	TCRBJ02	TCRBJ02-07	1.0				6	4	6	0	2	1	36	47	51	61	63	1	In	VDJ							0.0
1048	TCTGAACTAAACCTGAGCTCTCTGGAGCTGGGGGACTCAGCTTTGTATTTCTGTGCCAGCAGCGGGGAGGGCTACACCTTCGGTTCG	CASSGEGYTF	1	0.03005711	30	TCRBV09-01	TCRBV09	TCRBV09-01				01,02	TCRBD02-01*02	TCRBD02	TCRBD02-01	2.0				TCRBJ01-02*01	TCRBJ01	TCRBJ01-02	1.0				3	0	9	2	0	8	51	-1	64	-1	69	1	In	VDJ							0.0
1049	ACCTTGGAGCTGGGGGACTCGGCCCTTTATCTTTGCGCCAGCAGCTTGCCACAACGGGACGGTGACAATGGCTACACCTTCGGTTCG	CASSLPQRDGDNGYTF	1	0.03005711	48	TCRBV05-01*01	TCRBV05	TCRBV05-01	1.0				unresolved		unresolved		TCRBD01,TCRBD02	TCRBD01-01,TCRBD02-01		TCRBJ01-02*01	TCRBJ01	TCRBJ01-02	1.0				1	7	0	7	7	6	33	48	55	60	67	1	In	VDJ							0.0
1050	TTGGAGTCGGCTGCTCCCTCCCAAACATCTGTGTACTTCTGTGCCAGCAGTTATCAGACGGGGCCTTATGGCTACACCTTCGGTTCG	CASSYQTGPYGYTF	1	0.03005711	42	TCRBV06	TCRBV06	unresolved			TCRBV06-02,TCRBV06-03		unresolved		unresolved		TCRBD01,TCRBD02	TCRBD01-01,TCRBD02-01		TCRBJ01-02*01	TCRBJ01	TCRBJ01-02	1.0				3	6	7	0	2	5	39	53	59	64	66	1	In	VDJ							0.0
1051	AGCACCTTGGAGCTGGGGGACTCGGCCCTTTATCTTTGCGCCAGCAGCCCAGAGGGCAGCCCTAATCAGCCCCAGCATTTTGGTGAT	CASSPEGSPNQPQHF	1	0.03005711	45	TCRBV05-01*01	TCRBV05	TCRBV05-01	1.0				TCRBD02-01*02	TCRBD02	TCRBD02-01	2.0				TCRBJ01-05*01	TCRBJ01	TCRBJ01-05	1.0				4	3	11	0	7	4	36	48	51	56	63	1	In	VDJ							0.0
1052	CAGCGCACACAGCAGGAGGACTCCGCCGTGTATCTCTGTGCCAGCAGCCCGACCGGGACAGGGCGCGAAAAACTGTTTTTTGGCAGT	CASSPTGTGREKLFF	1	0.03005711	45	TCRBV07-08*01	TCRBV07	TCRBV07-08	1.0				TCRBD01-01*01	TCRBD01	TCRBD01-01	1.0				TCRBJ01-04*01	TCRBJ01	TCRBJ01-04	1.0				5	6	0	3	3	8	36	48	54	63	66	1	In	VDJ							0.0
1053	GAGTCGGCTGCTCCCTCCCAGACATCTGTGTACTTCTGTGCCAGCAGGGCCGACCCTGCAACTAATGAAAAACTGTTTTTTGGCAGT	CASRADPATNEKLFF	1	0.03005711	45	TCRBV06-01*01	TCRBV06	TCRBV06-01	1.0				unresolved		unresolved		TCRBD01,TCRBD02	TCRBD01-01,TCRBD02-01		TCRBJ01-04*01	TCRBJ01	TCRBJ01-04	1.0				6	4	2	7	4	0	36	47	51	54	58	1	In	VDJ							0.0
1054	GCTGCTCCCTCCCAAACATCTGTGTACTTCTGTGCCAGCACTGGTCGTTGTTAAGGGGAAGGAAACACTGAAGCTTTCTTTGGACAA	CASTGRC*GEGNTEAFF	1	0.03005711	51	TCRBV06	TCRBV06	unresolved			TCRBV06-02,TCRBV06-03		TCRBD01-01*01	TCRBD01	TCRBD01-01	1.0				TCRBJ01-01*01	TCRBJ01	TCRBJ01-01	1.0				7	13	5	2	5	2	30	40	53	58	63	1	Stop	VDJ							0.0
1055	AGGATCCAGCAGGTAGTGCGAGGAGATTCGGCAGCTTATTTCTGTGCCAGCTCACGGACAGGGAACACTGAAGCTTTCTTTGGACAA	CASSRTGNTEAFF	1	0.03005711	39	TCRBV18-01*01	TCRBV18	TCRBV18-01	1.0				TCRBD01-01*01	TCRBD01	TCRBD01-01	1.0				TCRBJ01-01*01	TCRBJ01	TCRBJ01-01	1.0				4	0	1	4	0	1	42	-1	55	-1	62	1	In	VDJ							0.0
1056	CTGGAGTCGGCTGCTCCCTCCCAGACATCTGTGTACTTCTGTGCCAGCAGCTTCAGACAGGGGGGGACTGAAGCTTTCTTTGGACAA	CASSFRQGGTEAFF	1	0.03005711	42	TCRBV06-01*01	TCRBV06	TCRBV06-01	1.0				TCRBD01-01*01	TCRBD01	TCRBD01-01	1.0				TCRBJ01-01*01	TCRBJ01	TCRBJ01-01	1.0				6	5	2	1	2	5	39	50	55	64	66	1	In	VDJ							0.0
1057	ACGATCCAGCGCACACAGCAGGAGGACTCGGCCGTGTATCTCTGTGCCAGCAGTCGTGGTGGTGAAGAGACCCAGTACTTCGGGCCA	CASSRGGEETQYF	1	0.03005711	39	TCRBV07-02*01	TCRBV07	TCRBV07-02	1.0				unresolved		unresolved		TCRBD01,TCRBD02	TCRBD01-01,TCRBD02-01		TCRBJ02-05*01	TCRBJ02	TCRBJ02-05	1.0				6	4	0	10	5	3	42	53	57	59	64	1	In	VDJ							0.0
1058	CAGGTAGTGCGAGGAGATTCGGCAGCTTATTTCTGTGCCAGCTCACCAGCGCCAGGGATGGCTGGAAACACCATATATTTTGGAGAG	CASSPAPGMAGNTIYF	1	0.03005711	48	TCRBV18-01*01	TCRBV18	TCRBV18-01	1.0				TCRBD01-01*01	TCRBD01	TCRBD01-01	1.0				TCRBJ01-03*01	TCRBJ01	TCRBJ01-03	1.0				2	4	4	3	4	2	33	48	52	57	61	1	In	VDJ							0.0
1059	GCTGCTCCCTCCCAGACATCTGTGTACTTCTGTGCCAGCATTCAAAGGACCCACAGGGAATCTGGAAACACCATATATTTTGGAGAG	CASIQRTHRESGNTIYF	1	0.03005711	51	TCRBV06	TCRBV06	unresolved			TCRBV06-01,TCRBV06-05,TCRBV06-06		TCRBD01-01*01	TCRBD01	TCRBD01-01	1.0				TCRBJ01-03*01	TCRBJ01	TCRBJ01-03	1.0				7	12	3	3	2	1	30	40	52	58	60	1	In	VDJ							0.0
1060	CTTCACATCAATTCCCTGGAGCTTGGTGACTCTGCTGTGTATTTCTGTGCCAGCAGCCCCGGGGCCTACGAGCAGTACTTCGGGCCG	CASSPGAYEQYF	1	0.03005711	36	TCRBV03	TCRBV03	unresolved			TCRBV03-01,TCRBV03-02		TCRBD02-01*01	TCRBD02	TCRBD02-01	1.0				TCRBJ02-07*01	TCRBJ02	TCRBJ02-07	1.0				4	1	8	3	0	2	45	58	59	-1	64	1	In	VDJ							0.0
1061	GCAGAACTGGAGGATTCTGGAGTTTATTTCTGTGCCAGCAGCCAAGATGGGGGGACAGCGGTGTCCTACGAGCAGTACTTCGGGCCG	CASSQDGGTAVSYEQYF	1	0.03005711	51	TCRBV14-01*01	TCRBV14	TCRBV14-01	1.0				TCRBD01-01*01	TCRBD01	TCRBD01-01	1.0				TCRBJ02-07*01	TCRBJ02	TCRBJ02-07	1.0				0	4	0	5	5	1	30	47	51	58	63	1	In	VDJ							0.0
1062	GAGTCGGCTGCTCCCTCCCAAACATCTGTGTACTTCTGTGCCAGCAGGTATCCCGGGACAGGGAATGTCGAGCAGTACTTCGGGCCG	CASRYPGTGNVEQYF	1	0.03005711	45	TCRBV06	TCRBV06	unresolved			TCRBV06-02,TCRBV06-03		TCRBD01-01*01	TCRBD01	TCRBD01-01	1.0				TCRBJ02-07*01	TCRBJ02	TCRBJ02-07	1.0				6	7	0	3	5	6	36	47	54	63	68	1	In	VDJ							0.0
1063	GTGCCTTGGAGCTGGGGGACTCGGCCCTGTATCTCTGTGCCAGAAGCTTGGGCTGGGGGAGCTAACTATGGCTACACCTTCGGTTCG		1	0.03005711	46	TCRBV05-03	TCRBV05	TCRBV05-03				01,02	unresolved		unresolved		TCRBD01,TCRBD02	TCRBD01-01,TCRBD02-01		TCRBJ01-02*01	TCRBJ01	TCRBJ01-02	1.0				0	3	6	1	2	0	35	51	54	59	61	1	Out	VDJ							0.0
1064	CTGACGATCCAGCGCACACAGCAGGAGGACTCGGCCGTGTATCTCTGTGCCAGCAGCTTAGAAGGCTATGGCTACACCTTCGGTTCG	CASSLEGYGYTF	1	0.03005711	36	TCRBV07-02*01	TCRBV07	TCRBV07-02	1.0				unresolved		unresolved		TCRBD01,TCRBD02	TCRBD01-01,TCRBD02-01		TCRBJ01-02*01	TCRBJ01	TCRBJ01-02	1.0				1	1	5	4	0	4	45	61	62	-1	65	1	In	VDJ							0.0
1065	ATCCAGCGCACAGAGCGGGGGGACTCAGCCGTGTATCTCTGTGCCAGCAGCTTAACGACAGGGGCTTATGGCTACACCTTCGGTTCG	CASSLTTGAYGYTF	1	0.03005711	42	TCRBV07-03*01	TCRBV07	TCRBV07-03	1.0				TCRBD01-01*01	TCRBD01	TCRBD01-01	1.0				TCRBJ01-02*01	TCRBJ01	TCRBJ01-02	1.0				0	0	2	2	2	5	39	-1	56	64	66	1	In	VDJ							0.0
1066	CTCTGAGCTGAATGTGAACGCCTTGGAGCTGGACGACTCGGCCCTGTATCTCTGTGCCGGTGCCCGGACAGCGAGCATTTTGGTGAT		1	0.03005711	29	TCRBV05-04*01	TCRBV05	TCRBV05-04	1.0				TCRBD01-01*01	TCRBD01	TCRBD01-01	1.0				TCRBJ01-05*01	TCRBJ01	TCRBJ01-05	1.0				10	7	1	5	2	14	52	58	65	71	73	1	Out	VDJ							0.0
1067	CTGGAGTTGGCTGCTCCCTCCCAGACATCTGTGTACTTCTGTGCCAGCAGAATACAGGGAGTGAACACTGAAGCTTTCTTTGGACAA	CASRIQGVNTEAFF	1	0.03005711	42	TCRBV06-06	TCRBV06	TCRBV06-06				01,02	TCRBD01-01*01	TCRBD01	TCRBD01-01	1.0				TCRBJ01-01*01	TCRBJ01	TCRBJ01-01	1.0				6	3	3	3	2	0	39	50	53	59	61	1	In	VDJ							0.0
1068	AGCACCTTGGAGCTGGGGGACTCGGCCCTTTATCTTTGCGCCAGCAGATTCTCAGGGGGCAACACCGGGGAGCTGTTTTTTGGAGAA	CASRFSGGNTGELFF	1	0.03005711	45	TCRBV05-01*01	TCRBV05	TCRBV05-01	1.0				TCRBD01-01*01	TCRBD01	TCRBD01-01	1.0				TCRBJ02-02*01	TCRBJ02	TCRBJ02-02	1.0				5	5	4	0	0	2	36	47	52	-1	60	1	In	VDJ							0.0
1069	GAGTCGGCTGCTCCCTCCCAAACATCTGTGTACTTCTGTGCCAGCAGTTATGGAGGGGGGCACACCGGGGAGCTGTTTTTTGGAGAA	CASSYGGGHTGELFF	1	0.03005711	45	TCRBV06	TCRBV06	unresolved			TCRBV06-02,TCRBV06-03		unresolved		unresolved		TCRBD01,TCRBD02	TCRBD01-01,TCRBD02-01		TCRBJ02-02*01	TCRBJ02	TCRBJ02-02	1.0				3	3	5	1	2	3	36	50	53	59	61	1	In	VDJ							0.0
1070	CAGCGCACACAGCAGGAGGACTCCGCCGTGTATCTCTGTGCCAGCAGCACCCCTTTCGTCGGGAGCGGGGAGCTGTTTTTTGGAGAA	CASSTPFVGSGELFF	1	0.03005711	45	TCRBV07-08*01	TCRBV07	TCRBV07-08	1.0				TCRBD02-01*02	TCRBD02	TCRBD02-01	2.0				TCRBJ02-02*01	TCRBJ02	TCRBJ02-02	1.0				5	11	8	2	0	7	36	48	59	-1	65	1	In	VDJ							0.0
1071	CTGGAGTTGGCTGCTCCCTCCCAGACATCTGTGTACTTCTGTGCCAGCACCTTAATCGGACAGGGGGATACGCAGTATTTTGGCCCA	CASTLIGQGDTQYF	1	0.03005711	42	TCRBV06-06	TCRBV06	TCRBV06-06				01,02	TCRBD01-01*01	TCRBD01	TCRBD01-01	1.0				TCRBJ02-03*01	TCRBJ02	TCRBJ02-03	1.0				7	8	1	2	0	6	39	49	57	-1	66	1	In	VDJ							0.0
1072	CTGCAAAGCTTGAGGACTCGGCCGTGTATCTCTGTGCCAGCAGCCCAACCACCTCGGGGACCACAAGAGACCCAGTACTTCGGGCCA		1	0.03005711	49	TCRBV11-02*02	TCRBV11	TCRBV11-02	2.0				unresolved		unresolved		TCRBD01,TCRBD02	TCRBD01-01,TCRBD02-01		TCRBJ02-05*01	TCRBJ02	TCRBJ02-05	1.0				5	12	0	7	2	2	32	44	56	61	63	1	Out	VDJ							0.0
1073	ATGAATGTGAGCACCTTGGAGCTGGGGGACTCGGCCCTTTATCTTTGCGCCAGCAGCGAGGGGGTCGATGAGCAGTTCTTCGGGCCA	CASSEGVDEQFF	1	0.03005711	36	TCRBV05-01*01	TCRBV05	TCRBV05-01	1.0				TCRBD01-01*01	TCRBD01	TCRBD01-01	1.0				TCRBJ02-01*01	TCRBJ02	TCRBJ02-01	1.0				4	1	5	1	3	8	45	57	58	64	67	1	In	VDJ							0.0
1074	AATTCCCTGGAGCTTGGTGACTCTGCTGTGTATTTCTGTGCCAGCAGCCAAGATCCGGGTCTGGATTCACCCCTCCACTTTGGGAAC	CASSQDPGLDSPLHF	1	0.03005711	45	TCRBV03	TCRBV03	unresolved			TCRBV03-01,TCRBV03-02		TCRBD02-01	TCRBD02	TCRBD02-01				01,02	TCRBJ01-06*01	TCRBJ01	TCRBJ01-06	1.0				0	2	8	4	5	8	36	53	55	59	64	1	In	VDJ							0.0
1075	CAGCGCACACAGCAGGAGGACTCCGCCGTGTATCTCTGTGCCAGCAGCTTAGGAACAGGCTCTGGAAACACCATATATTTTGGAGAG	CASSLGTGSGNTIYF	1	0.03005711	45	TCRBV07-08*01	TCRBV07	TCRBV07-08	1.0				TCRBD01-01*01	TCRBD01	TCRBD01-01	1.0				TCRBJ01-03*01	TCRBJ01	TCRBJ01-03	1.0				1	2	3	4	0	0	36	52	54	-1	59	1	In	VDJ							0.0
1076	TCAGAACCCAGGGACTCAGCTGTGTATTTTTGTGCTAGTGGTTTGGACTCCAGACATTTCTCTGGAAACACCATATATTTTGGAGAG	CASGLDSRHFSGNTIYF	1	0.03005711	51	TCRBV12-05*01	TCRBV12	TCRBV12-05	1.0				TCRBD01-01*01	TCRBD01	TCRBD01-01	1.0				TCRBJ01-03*01	TCRBJ01	TCRBJ01-03	1.0				1	6	2	6	3	0	30	46	52	56	59	1	In	VDJ							0.0
1077	GAGTCGGCTGCTCCCTCCCAGACATCTGTGTACTTCTGTGCCACCCGAAGAGGTGGGGGATCCTCCTACGAGCAGTACTTCGGGCCG	CATRRGGGSSYEQYF	1	0.03005711	45	TCRBV06-01*01	TCRBV06	TCRBV06-01	1.0				unresolved		unresolved		TCRBD01,TCRBD02	TCRBD01-01,TCRBD02-01		TCRBJ02-07*01	TCRBJ02	TCRBJ02-07	1.0				10	11	6	1	3	0	36	43	54	59	62	1	In	VDJ							0.0
1078	AGCTCTCTGGAGCTGGGGGACTCAGCTTTGTATTTCTGTGCCAGCAGCCCAAGGACAGGGAGCTCCTACGAGCAGTACTTCGGGCCG	CASSPRTGSSYEQYF	1	0.03005711	45	TCRBV09-01	TCRBV09	TCRBV09-01				01,02	TCRBD01-01*01	TCRBD01	TCRBD01-01	1.0				TCRBJ02-07*01	TCRBJ02	TCRBJ02-07	1.0				4	4	1	3	2	0	36	48	52	60	62	1	In	VDJ							0.0
1079	ACAGTGACCAGTGCCCATCCTGAAGACAGCAGCTTCTACATCTGCAGTGCGGCAGGGGGCAAGATCTACGAGCAGTACTTCGGGCCG	CSAAGGKIYEQYF	1	0.03005711	39	TCRBV20	TCRBV20	unresolved			TCRBV20-01,TCRBV20-or09_02		TCRBD01-01*01	TCRBD01	TCRBD01-01	1.0				TCRBJ02-07*01	TCRBJ02	TCRBJ02-07	1.0				6	2	4	0	5	3	42	50	52	60	65	1	In	VDJ							0.0
1080	AAGATCCAGCGCACACAGCAGGAGGACTCCGCCGTGTATCTCTGTGCCAGCAGCTCTAAGGACAGGTACGAGCAGTACTTCGGGCCG	CASSSKDRYEQYF	1	0.03005711	39	TCRBV07-08*01	TCRBV07	TCRBV07-08	1.0				TCRBD01-01*01	TCRBD01	TCRBD01-01	1.0				TCRBJ02-07*01	TCRBJ02	TCRBJ02-07	1.0				4	4	1	4	0	4	42	55	59	-1	66	1	In	VDJ							0.0
1081	CAGAGCAAGGGCGACTCGGCTGTGTATCTCTGTGCCAGAAGCTTAGCGCTAAATTTGGGACAGGGCTATGGCTACACCTTCGGTTCG	CARSLALNLGQGYGYTF	1	0.03005711	51	TCRBV07-05*01	TCRBV07	TCRBV07-05	1.0				TCRBD01-01*01	TCRBD01	TCRBD01-01	1.0				TCRBJ01-02*01	TCRBJ01	TCRBJ01-02	1.0				0	10	0	3	0	4	30	46	56	-1	65	1	In	VDJ							0.0
1082	CTGAAGATCCGGTCCACAAAGCTGGAGGACTCAGCCATGTACTTCTGTGCCAGCAGTGATGCTAATCAGCCCCAGCATTTTGGTGAT	CASSDANQPQHF	1	0.03005711	36	TCRBV02-01*01	TCRBV02	TCRBV02-01	1.0				unresolved		unresolved		TCRBD01,TCRBD02	TCRBD01-01,TCRBD02-01		TCRBJ01-05*01	TCRBJ01	TCRBJ01-05	1.0				3	1	10	0	1	4	45	59	60	62	63	1	In	VDJ							0.0
1083	GCCTTGTTGCTGGGGGACTCGGCCCTCTATCTCTGTGCCAGCAGCTTGTTCGAGTCTCCCGGTTTCAGAGAAGCTTTCTTTGGACAA	CASSLFESPGFREAFF	1	0.03005711	48	TCRBV05-06*01	TCRBV05	TCRBV05-06	1.0				unresolved		unresolved		TCRBD01,TCRBD02	TCRBD01-01,TCRBD02-01		TCRBJ01-01*01	TCRBJ01	TCRBJ01-01	1.0				1	17	4	5	1	8	33	48	65	68	69	1	In	VDJ							0.0
1084	CTGGAGTTGGCTGCTCCCTCCCAGACATCTGTGTACTTCTGTGCCAGCATCGACGGTGGGAAGAACACTGAAGCTTTCTTTGGACAA	CASIDGGKNTEAFF	1	0.03005711	42	TCRBV06-06	TCRBV06	TCRBV06-06				01,02	unresolved		unresolved		TCRBD01,TCRBD02	TCRBD01-01,TCRBD02-01		TCRBJ01-01*01	TCRBJ01	TCRBJ01-01	1.0				7	8	0	8	1	1	39	49	57	61	62	1	In	VDJ							0.0
1085	CGGTCCACAAAGCTGGAGGACTCAGCCATGTACTTCTGTGCCAGCAGTGAAACCCAGGGCGCTTACACTGAAGCTTTCTTTGGACAA	CASSETQGAYTEAFF	1	0.03005711	45	TCRBV02-01*01	TCRBV02	TCRBV02-01	1.0				TCRBD01-01*01	TCRBD01	TCRBD01-01	1.0				TCRBJ01-01*01	TCRBJ01	TCRBJ01-01	1.0				2	3	4	3	5	3	36	51	54	59	64	1	In	VDJ							0.0
1086	AAGATCCAGCCCTCAGAACCCAGGGACTCAGCTGTGTACTTCTGTGCCAGCAGGTACCAGGGGGGGACTGAAGCTTTCTTTGGACAA	CASRYQGGTEAFF	1	0.03005711	39	TCRBV12	TCRBV12	unresolved			TCRBV12-03,TCRBV12-04		unresolved		unresolved		TCRBD01,TCRBD02	TCRBD01-01,TCRBD02-01		TCRBJ01-01*01	TCRBJ01	TCRBJ01-01	1.0				6	4	4	1	2	5	42	53	57	64	66	1	In	VDJ							0.0
1087	CTGAGCTCTCTGGAGCTGGGGGACTCAGCTTTGTATTTCTGTGCCAGCAGCGTAGATAGTTTAACCGGGGAGCTGTTTTTTGGAGAA	CASSVDSLTGELFF	1	0.03005711	42	TCRBV09-01	TCRBV09	TCRBV09-01				01,02	TCRBD02-01	TCRBD02	TCRBD02-01				01,02	TCRBJ02-02*01	TCRBJ02	TCRBJ02-02	1.0				0	1	5	8	4	5	39	55	56	59	63	1	In	VDJ							0.0
1088	CTGGAGCTTGGTGACTCTGCTGTGTATTTCTGTGCCAGCAGCCAACCGTCCGGGACTAGCAACACCGGGGAGCTGTTTTTTGGAGAA	CASSQPSGTSNTGELFF	1	0.03005711	51	TCRBV03	TCRBV03	unresolved			TCRBV03-01,TCRBV03-02		TCRBD02-01	TCRBD02	TCRBD02-01				01,02	TCRBJ02-02*01	TCRBJ02	TCRBJ02-02	1.0				2	6	0	7	0	2	30	45	51	-1	60	1	In	VDJ							0.0
1089	ACAGCAGCTTCTACATCTGCAGTGCCCCAGGAATCCGTCGTAGAACCGGGACTACGCTTTAGCACAGATACGCAGTATTTTGGCCCA		1	0.03005711	64	TCRBV20	TCRBV20	unresolved			TCRBV20-01,TCRBV20-or09_02		TCRBD02-01	TCRBD02	TCRBD02-01				01,02	TCRBJ02-03*01	TCRBJ02	TCRBJ02-03	1.0				6	22	0	9	6	0	17	25	47	54	60	1	Out	VDJ							0.0
1090	ACTGTGAGCAACATGAGCCCTGAAGACAGCAGCATATATCTCTGCAGCGTTGATCCAGGATTCACAGATACGCAGTATTTTGGCCCA	CSVDPGFTDTQYF	1	0.03005711	39	TCRBV29-01*01	TCRBV29	TCRBV29-01	1.0				TCRBD01-01*01	TCRBD01	TCRBD01-01	1.0				TCRBJ02-03*01	TCRBJ02	TCRBJ02-03	1.0				3	2	4	4	3	2	42	53	55	59	62	1	In	VDJ							0.0
1091	CGGCTGCTCCCTCCCAGACATCTGTGTACTTCTGTGCCAGCAGTCCTCCGACAGGGGCGTTAACAAGAGACCCAGTACTTCGGGCCA		1	0.03005711	49	TCRBV06	TCRBV06	unresolved			TCRBV06-01,TCRBV06-05		TCRBD01-01*01	TCRBD01	TCRBD01-01	1.0				TCRBJ02-05*01	TCRBJ02	TCRBJ02-05	1.0				5	5	2	2	6	2	32	44	49	57	63	1	Out	VDJ							0.0
1092	ACCAGTGCCCATCCTGAAGACAGCAGCTTCTACATCTGCAGTGCTTCATCCTAGCGGGGGGACCAAGAGACCCAGTACTTCGGGCCA	CSASS*RGDQETQYF	1	0.03005711	45	TCRBV20	TCRBV20	unresolved			TCRBV20-01,TCRBV20-or09_02		TCRBD02-01*01	TCRBD02	TCRBD02-01	1.0				TCRBJ02-05*01	TCRBJ02	TCRBJ02-05	1.0				5	5	4	1	0	0	36	45	50	-1	61	1	Stop	VDJ							0.0
1093	CTCACTCTGGAGTCCGCTACCAGCTCCCAGACATCTGTGTACTTCTGTGCCATCAGGGCCGAGGGAGAGACCCAGTACTTCGGGCCA	CAIRAEGETQYF	1	0.03005711	36	TCRBV10-03*01	TCRBV10	TCRBV10-03	1.0				TCRBD02-01*02	TCRBD02	TCRBD02-01	2.0				TCRBJ02-05*01	TCRBJ02	TCRBJ02-05	1.0				6	4	11	0	0	4	45	56	60	-1	65	1	In	VDJ							0.0
1094	CTGCAGCCAGAAGACTCGGCCCTGTATCTCTGCGCCAGCAGCCAAGATCTTACTAGCGGGGCCGGGGGGCAGCAGTTCTTCGGGCCA	CASSQDLTSGAGGQQFF	1	0.03005711	51	TCRBV04-03*01	TCRBV04	TCRBV04-03	1.0				TCRBD02-01*01	TCRBD02	TCRBD02-01	1.0				TCRBJ02-01*01	TCRBJ02	TCRBJ02-01	1.0				0	4	3	3	9	11	30	47	51	61	70	1	In	VDJ							0.0
1095	ACTCTGAAGATCCAGCGCACACAGCAGGAGGACTCCGCCGTGTATCTCTGTGCCAGCGATGGCGGAAATGAGCAGTTCTTCGGGCCA	CASDGGNEQFF	1	0.03005711	33	TCRBV07-08*01	TCRBV07	TCRBV07-08	1.0				TCRBD02-01	TCRBD02	TCRBD02-01				01,02	TCRBJ02-01*01	TCRBJ02	TCRBJ02-01	1.0				8	4	7	5	1	7	48	57	61	65	66	1	In	VDJ							0.0
1096	CAGCGCACACAGCAGGAGGACTCGGCCGTGTATCTCTGTGCCAGCAGCTTAAGGCTAGCGTCTTACAATGAGCAGTTCTTCGGGCCA	CASSLRLASYNEQFF	1	0.03005711	45	TCRBV07-02*01	TCRBV07	TCRBV07-02	1.0				TCRBD02-01	TCRBD02	TCRBD02-01				01,02	TCRBJ02-01*01	TCRBJ02	TCRBJ02-01	1.0				2	3	4	6	3	4	36	51	54	60	63	1	In	VDJ							0.0
1097	CTGTCGGCTGCTCCCTCCCAGACATCTGTGTACTTCTGTGCCAGCAGGAGAAGAGACAGGGGGCTCAATGAGCAGTTCTTCGGGCCA	CASRRRDRGLNEQFF	1	0.03005711	45	TCRBV06-05*01	TCRBV06	TCRBV06-05	1.0				TCRBD01-01*01	TCRBD01	TCRBD01-01	1.0				TCRBJ02-01*01	TCRBJ02	TCRBJ02-01	1.0				6	7	2	0	1	6	36	47	54	64	65	1	In	VDJ							0.0
1098	AAGATCCAGCCTGCAGAGCTTGGGGACTCGGCCGTGTATCTCTGTGCCAGCAGCTTGGGCGCAGCGAATGAGCAGTTCTTCGGGCCA	CASSLGAANEQFF	1	0.03005711	39	TCRBV11-03*01	TCRBV11	TCRBV11-03	1.0				unresolved		unresolved		TCRBD01,TCRBD02	TCRBD01-01,TCRBD02-01		TCRBJ02-01*01	TCRBJ02	TCRBJ02-01	1.0				3	0	8	0	6	7	42	-1	56	60	66	1	In	VDJ							0.0
1099	ATCCAGCGCACAGAGCAGGGGGACTCGGCCATGTATCTCTGTGCCAGCAGCTCACAAACAGTTAATTCACCCCTCCACTTTGGGAAC	CASSSQTVNSPLHF	1	0.03005711	42	TCRBV07-09	TCRBV07	TCRBV07-09				01,03	TCRBD01-01*01	TCRBD01	TCRBD01-01	1.0				TCRBJ01-06*01	TCRBJ01	TCRBJ01-06	1.0				4	5	3	5	1	6	39	52	57	61	62	1	In	VDJ							0.0
1100	CTAAACCTGAGCTCTCTGGAGCTGGGGGACTCAGCTTTGTATTTCTGTGCCAGCAGCGCCCCGGGGGACGAGCAGTACTTCGGGCCG	CASSAPGDEQYF	1	0.03005711	36	TCRBV09-01	TCRBV09	TCRBV09-01				01,02	TCRBD02-01*01	TCRBD02	TCRBD02-01	1.0				TCRBJ02-07*01	TCRBJ02	TCRBJ02-07	1.0				3	3	8	2	0	5	45	58	61	-1	67	1	In	VDJ							0.0
1101	GGAGTTGGCTGCTCCCTCCCAGACATCTGTGTACTTCTGTGCCAGCAGCACCGGGGAACCCGCAGCTACGAGCAGTACTTCGGGCCG		1	0.03005711	44	TCRBV06-06	TCRBV06	TCRBV06-06				01,02	TCRBD02-01*01	TCRBD02	TCRBD02-01	1.0				TCRBJ02-07*01	TCRBJ02	TCRBJ02-07	1.0				6	3	8	3	9	3	37	48	51	56	65	1	Out	VDJ							0.0
1102	GAGTCGCCCAGCCCCAACCAGACCTCTCTGTACTTCTGTGCCAGCAGTCTAGGCGGGCGGGGGATCTACGAGCAGTACTTCGGGCCG	CASSLGGRGIYEQYF	1	0.03005711	45	TCRBV27-01*01	TCRBV27	TCRBV27-01	1.0				TCRBD02-01*01	TCRBD02	TCRBD02-01	1.0				TCRBJ02-07*01	TCRBJ02	TCRBJ02-07	1.0				5	8	7	2	2	3	36	48	56	63	65	1	In	VDJ							0.0
1103	CACCTACACACCCTGCAGCCAGAAGACTCGGCCCTGTATCTCTGCGCCAGCAGCCCCGGGACAAACTATGGCTACACCTTCGGTTCG	CASSPGTNYGYTF	1	0.03005711	39	TCRBV04-03*01	TCRBV04	TCRBV04-03	1.0				TCRBD01-01*01	TCRBD01	TCRBD01-01	1.0				TCRBJ01-02*01	TCRBJ01	TCRBJ01-02	1.0				4	2	0	6	0	2	42	55	57	-1	63	1	In	VDJ							0.0
1104	ATCCAGCGCACAGAGCAGGGGGACTCGGCCATGTATCTCTGTGCCAGCAGCCTCGGACAGGTGAACTATGGCTACACCTTCGGTTCG	CASSLGQVNYGYTF	1	0.03005711	42	TCRBV07-09	TCRBV07	TCRBV07-09				01,03	TCRBD01-01*01	TCRBD01	TCRBD01-01	1.0				TCRBJ01-02*01	TCRBJ01	TCRBJ01-02	1.0				5	3	1	4	2	2	39	51	54	61	63	1	In	VDJ							0.0
1105	AGGCTGGAGTCGGCTGCTCCCTCCCAGACATCTGTGTACTTCTGTGCCAGCACCCTAGGGGGGCGTCAGCCCCAGCATTTTGGTGAT	CASTLGGRQPQHF	1	0.03005711	39	TCRBV06-01*01	TCRBV06	TCRBV06-01	1.0				unresolved		unresolved		TCRBD01,TCRBD02	TCRBD01-01,TCRBD02-01		TCRBJ01-05*01	TCRBJ01	TCRBJ01-05	1.0				7	4	5	1	3	6	42	52	56	62	65	1	In	VDJ							0.0
1106	GTGAACGCCTTGGAGCTGGAGGACTCGGCCCTGTATCTCTGTGCCAGCAGCTTTATTGGGGATAATGAAAAACTGTTTTTTGGCAGT	CASSFIGDNEKLFF	1	0.03005711	42	TCRBV05-08*01	TCRBV05	TCRBV05-08	1.0				unresolved		unresolved		TCRBD01,TCRBD02	TCRBD01-01,TCRBD02-01		TCRBJ01-04*01	TCRBJ01	TCRBJ01-04	1.0				2	5	0	8	0	4	39	53	58	-1	62	1	In	VDJ							0.0
1107	CACACCCTGCAGCCAGAAGACTCGGCCCTGTATCTCTGTGCCAGCAGCCAATGACAGGGGAAGAACAGGGAAGCTTTCTTTGGACAA	CASSQ*QGKNREAFF	1	0.03005711	45	TCRBV04-02*01	TCRBV04	TCRBV04-02	1.0				TCRBD01-01*01	TCRBD01	TCRBD01-01	1.0				TCRBJ01-01*01	TCRBJ01	TCRBJ01-01	1.0				2	1	2	2	9	8	36	51	52	60	69	1	Stop	VDJ							0.0
1108	GTGACCAGTGCCCATCCTGAAGACAGCAGCTTCTACATCTGCAGTGCTAGAGATGGTGGGTGGAACACTGAAGCTTTCTTTGGACAA	CSARDGGWNTEAFF	1	0.03005711	42	TCRBV20	TCRBV20	unresolved			TCRBV20-01,TCRBV20-or09_02		unresolved		unresolved		TCRBD01,TCRBD02	TCRBD01-01,TCRBD02-01		TCRBJ01-01*01	TCRBJ01	TCRBJ01-01	1.0				0	4	0	9	2	1	39	53	57	60	62	1	In	VDJ							0.0
1109	ATCCAGCAGGTAGTGCGAGGAGATTCGGCAGCTTATTTCTGTGCCAGCTGGGACAGGGGTCTGAACACTGAAGCTTTCTTTGGACAA	CASWDRGLNTEAFF	1	0.03005711	42	TCRBV18-01*01	TCRBV18	TCRBV18-01	1.0				TCRBD01-01*01	TCRBD01	TCRBD01-01	1.0				TCRBJ01-01*01	TCRBJ01	TCRBJ01-01	1.0				7	0	0	2	2	0	39	-1	49	59	61	1	In	VDJ							0.0
1110	ATCCAGCAGGTAGTGCGAGGAGATTCGGCAGCTTATTTCTGTGCCAGCTCACCGTATGAAGCGAGGGCTGAAGCTTTCTTTGGACAA	CASSPYEARAEAFF	1	0.03005711	42	TCRBV18-01*01	TCRBV18	TCRBV18-01	1.0				TCRBD02-01*02	TCRBD02	TCRBD02-01	2.0				TCRBJ01-01*01	TCRBJ01	TCRBJ01-01	1.0				3	9	11	0	0	6	39	53	62	-1	67	1	In	VDJ							0.0
1111	ACTGTGAGCAACATGAGCCCTGAAGACAGCAGCATATATCTCTGCAGCGTTGCCCCAACAGACGTAAGGGGGGCTTTCTTTGGACAA	CSVAPTDVRGAFF	1	0.03005711	39	TCRBV29-01*01	TCRBV29	TCRBV29-01	1.0				TCRBD01-01*01	TCRBD01	TCRBD01-01	1.0				TCRBJ01-01*01	TCRBJ01	TCRBJ01-01	1.0				4	14	5	1	0	11	42	52	66	-1	72	1	In	VDJ							0.0
1112	CGCACAGAGCAGGGGGACTCGGCCATGTATCTCTGTGCCAGCAGCACCGGGACAGGGAGTTACACCGGGGAGCTGTTTTTTGGAGAA	CASSTGTGSYTGELFF	1	0.03005711	48	TCRBV07-09	TCRBV07	TCRBV07-09				01,03	TCRBD01-01*01	TCRBD01	TCRBD01-01	1.0				TCRBJ02-02*01	TCRBJ02	TCRBJ02-02	1.0				5	3	0	3	4	3	33	45	48	57	61	1	In	VDJ							0.0
1113	CGCTCACCAGGCCTGGGGGACGCAGCCATGTACCTGTGTGCCACCAGCACCGGACAGGGGCATACCGGGGAGCTGTTTTTTGGAGAA	CATSTGQGHTGELFF	1	0.03005711	45	TCRBV15-01*01	TCRBV15	TCRBV15-01	1.0				TCRBD01-01*01	TCRBD01	TCRBD01-01	1.0				TCRBJ02-02*01	TCRBJ02	TCRBJ02-02	1.0				4	2	1	2	3	5	36	49	51	60	63	1	In	VDJ							0.0
1114	GTGACCAGTGCCCATCCTGAAGACAGCAGCTTCTACATCTGCAGTGCTGGACGAGAGTTCAGCACAGATACGCAGTATTTTGGCCCA	CSAGREFSTDTQYF	1	0.03005711	42	TCRBV20	TCRBV20	unresolved			TCRBV20-01,TCRBV20-or09_02		unresolved		unresolved		TCRBD01,TCRBD02	TCRBD01-01,TCRBD02-01		TCRBJ02-03*01	TCRBJ02	TCRBJ02-03	1.0				5	0	1	7	8	0	39	-1	48	52	60	1	In	VDJ							0.0
1115	AGCGCACAGAGCAGGGGGACTCGGCCATGTATCTCTGTGCCTAAAGCCCAGGGGGACCCTAGCACAGATACGCAGTATTTTGGCCCA		1	0.03005711	46	TCRBV07-09	TCRBV07	TCRBV07-09				01,03	TCRBD01-01*01	TCRBD01	TCRBD01-01	1.0				TCRBJ02-03*01	TCRBJ02	TCRBJ02-03	1.0				11	7	4	1	5	0	35	41	48	55	60	1	Out	VDJ							0.0
1116	CTCAAGATCCAGCCTGCAGAGCTTGGGGACTCGGCCGTGTATCTCTGTGCCAGCAGTCTACAGGGAGATACGCAGTATTTTGGCCCA	CASSLQGDTQYF	1	0.03005711	36	TCRBV11-03*01	TCRBV11	TCRBV11-03	1.0				TCRBD01-01*01	TCRBD01	TCRBD01-01	1.0				TCRBJ02-03*01	TCRBJ02	TCRBJ02-03	1.0				6	3	3	3	0	5	45	56	59	-1	65	1	In	VDJ							0.0
1117	ACCAGTGCCCATCCTGAAGACAGCAGCTTCTACATCTGCAGTGCTCGACTAGCGGGGGGCTCCCGTAGTCCCCAGTACTTCGGGCCA	CSARLAGGSRSPQYF	1	0.03005711	45	TCRBV20	TCRBV20	unresolved			TCRBV20-01,TCRBV20-or09_02		TCRBD02-01*01	TCRBD02	TCRBD02-01	1.0				TCRBJ02-05*01	TCRBJ02	TCRBJ02-05	1.0				5	1	2	1	11	9	36	45	46	59	70	1	In	VDJ							0.0
1118	TTGGAGTCGGCTGCTCCCTCCCAAACATCTGTGTACTTCTGTGCCAGCAGCCCGTACGGGGGGGTCGTCGGCCAGTACTTCGGGCCA	CASSPYGGVVGQYF	1	0.03005711	42	TCRBV06	TCRBV06	unresolved			TCRBV06-02,TCRBV06-03		TCRBD02-01*01	TCRBD02	TCRBD02-01	1.0				TCRBJ02-05*01	TCRBJ02	TCRBJ02-05	1.0				6	6	8	0	7	10	39	50	56	64	71	1	In	VDJ							0.0
1119	CGCACACAGCAGGAGGACTCGGCCGTGTATCTCTGTGCCAGCAGCCCTTCCCTAGCGTTCAAGAACAATGAGCAGTTCTTCGGGCCA	CASSPSLAFKNNEQFF	1	0.03005711	48	TCRBV07-02*01	TCRBV07	TCRBV07-02	1.0				TCRBD02-01	TCRBD02	TCRBD02-01				01,02	TCRBJ02-01*01	TCRBJ02	TCRBJ02-01	1.0				5	6	4	6	7	5	33	45	51	57	64	1	In	VDJ							0.0
1120	AGCTCTCTGGAGCTGGGGGACTCAGCTTTGTATTTCTGTGCCAGCAGCTTAGGGGTTACGGATAATTCACCCCTCCACTTTGGGAAC	CASSLGVTDNSPLHF	1	0.03005711	45	TCRBV09-01	TCRBV09	TCRBV09-01				01,02	unresolved		unresolved		TCRBD01,TCRBD02	TCRBD01-01,TCRBD02-01		TCRBJ01-06*01	TCRBJ01	TCRBJ01-06	1.0				0	0	0	9	6	5	36	-1	52	55	61	1	In	VDJ							0.0
1121	CAGCCTGCAAAGCTTGAGGACTCGGCCGTGTATCTCTGTGCCAGCAGCCCGGAGAAGGGGGCCAAAAACATTCAGTACTTCGGCGCC	CASSPEKGAKNIQYF	1	0.03005711	45	TCRBV11-02*02	TCRBV11	TCRBV11-02	2.0				TCRBD01-01*01	TCRBD01	TCRBD01-01	1.0				TCRBJ02-04*01	TCRBJ02	TCRBJ02-04	1.0				5	7	5	2	0	1	36	48	55	-1	60	1	In	VDJ							0.0
1122	TCGGCTGCTCCCTCCCAGACATCTGTGTACTTCTGTGCCAGCAGTGAAAAAGCAGGCTCCGGGGCCAACGTCCTGACTTTCGGGGCC	CASSEKAGSGANVLTF	1	0.03005711	48	TCRBV06-01*01	TCRBV06	TCRBV06-01	1.0				TCRBD01-01*01	TCRBD01	TCRBD01-01	1.0				TCRBJ02-06*01	TCRBJ02	TCRBJ02-06	1.0				2	4	4	4	4	4	33	48	52	56	60	1	In	VDJ							0.0
1123	GTGAGCACCTTGGAGCTGGGGGACTCGGCCCTTTATCTTTGCGCCAGCAGTCACGGACAGACCGGAAACACCATATATTTTGGAGAG	CASSHGQTGNTIYF	1	0.03005711	42	TCRBV05-01*01	TCRBV05	TCRBV05-01	1.0				TCRBD01-01*01	TCRBD01	TCRBD01-01	1.0				TCRBJ01-03*01	TCRBJ01	TCRBJ01-03	1.0				5	4	1	5	3	4	39	50	54	60	63	1	In	VDJ							0.0
1124	GTGAGCACCTTGGAGCTGGGGGACTCGGCCCTTTATCTTTGCGCCAGCAGCTTGGACACCCTCTCCTACGAGCAGTACTTCGGGCCG	CASSLDTLSYEQYF	1	0.03005711	42	TCRBV05-01*01	TCRBV05	TCRBV05-01	1.0				TCRBD01-01*01	TCRBD01	TCRBD01-01	1.0				TCRBJ02-07*01	TCRBJ02	TCRBJ02-07	1.0				0	0	3	6	4	0	39	-1	55	58	62	1	In	VDJ							0.0
1125	CTGGAGTCGGCTGCTCCCTCCCAGACATCTGTGTACTTCTGTGCCAGCAGTGTCGGGACAGGAAATCAGCCCCAGCATTTTGGTGAT	CASSVGTGNQPQHF	1	0.03005711	42	TCRBV06-01*01	TCRBV06	TCRBV06-01	1.0				TCRBD01-01*01	TCRBD01	TCRBD01-01	1.0				TCRBJ01-05*01	TCRBJ01	TCRBJ01-05	1.0				4	2	0	4	1	4	39	52	54	62	63	1	In	VDJ							0.0
1126	CAGCGCACACAGCAGGAGGACTCGGCCGTGTATCTCTGTGCCAGCAGCGCGGACAGGGGTAGCAATCAGCCCCAGCATTTTGGTGAT	CASSADRGSNQPQHF	1	0.03005711	45	TCRBV07-02*01	TCRBV07	TCRBV07-02	1.0				TCRBD01-01*01	TCRBD01	TCRBD01-01	1.0				TCRBJ01-05*01	TCRBJ01	TCRBJ01-05	1.0				5	2	1	2	0	0	36	48	50	-1	59	1	In	VDJ							0.0
1127	CCACAAAGCTGGAGGACTCAGCCATGTACTTCTGTGCCAGCAGTGAAGGGGAGGGATGGTCCTAATGAAAAACTGTTTTTTGGCAGT		1	0.03005711	49	TCRBV02-01*01	TCRBV02	TCRBV02-01	1.0				TCRBD02-01*02	TCRBD02	TCRBD02-01	2.0				TCRBJ01-04*01	TCRBJ01	TCRBJ01-04	1.0				1	0	9	0	6	3	32	-1	48	55	61	1	Out	VDJ							0.0
1128	CAGTGCCCATCCTGAAGACAGCAGCTTCTACATCTGCAGTGCAAGAGATCCGGGGGGACACCGAACACTGAAGCTTTCTTTGGACAA		1	0.03005711	47	TCRBV20	TCRBV20	unresolved			TCRBV20-01,TCRBV20-or09_02		TCRBD02-01*01	TCRBD02	TCRBD02-01	1.0				TCRBJ01-01*01	TCRBJ01	TCRBJ01-01	1.0				0	2	8	1	5	1	34	48	50	57	62	1	Out	VDJ							0.0
1129	CGGTCCACAAAGCTGGAGGACTCAGCCATGTACTTCTGTGCCAGCAGTGAAGCGCGCACATTGAACACTGAAGCTTTCTTTGGACAA	CASSEARTLNTEAFF	1	0.03005711	45	TCRBV02-01*01	TCRBV02	TCRBV02-01	1.0				unresolved		unresolved		TCRBD01,TCRBD02	TCRBD01-01,TCRBD02-01		TCRBJ01-01*01	TCRBJ01	TCRBJ01-01	1.0				0	4	3	6	1	0	36	53	57	60	61	1	In	VDJ							0.0
1130	TTGGAGTCGGCTGCTCCCTCCCAAACATCTGTGTACTTCTGTGCCAGCAGTTCCCGGGGCAACACCGGGGAGCTGTTTTTTGGAGAA	CASSSRGNTGELFF	1	0.03005711	42	TCRBV06	TCRBV06	unresolved			TCRBV06-02,TCRBV06-03		unresolved		unresolved		TCRBD01,TCRBD02	TCRBD01-01,TCRBD02-01		TCRBJ02-02*01	TCRBJ02	TCRBJ02-02	1.0				4	3	7	0	0	2	39	52	55	-1	60	1	In	VDJ							0.0
1131	GCAGCCAGAAGACTCAGCCCTGTATCTCTGCGCCAGCAGCCAACCCCAACGAGAGATACGAACACCGGGGAGCTGTTTTTTGGAGAA		1	0.03005711	53	TCRBV04-01*01	TCRBV04	TCRBV04-01	1.0				TCRBD02-01*02	TCRBD02	TCRBD02-01	2.0				TCRBJ02-02*01	TCRBJ02	TCRBJ02-02	1.0				2	7	11	2	5	0	28	43	50	53	58	1	Out	VDJ							0.0
1132	CCAGCCCTCAGAACCCAGGGACTCAGCTGTGTACTTCTGTGCCAGCAGTACCTGGACAGAGACACCGGGGAGCTGTTTTTTGGAGAA		1	0.03005711	44	TCRBV12	TCRBV12	unresolved			TCRBV12-03,TCRBV12-04		TCRBD01-01*01	TCRBD01	TCRBD01-01	1.0				TCRBJ02-02*01	TCRBJ02	TCRBJ02-02	1.0				5	4	1	5	2	3	37	49	53	59	61	1	Out	VDJ							0.0
1133	CTGGAGTTGGCTGCTCCCTCCCAGACATCTGTGTACTTCTGTGCCAGCAGTGAAGACAACCCCACAGATACGCAGTATTTTGGCCCA	CASSEDNPTDTQYF	1	0.03005711	42	TCRBV06-01*01	TCRBV06	TCRBV06-01	1.0				TCRBD01-01*01	TCRBD01	TCRBD01-01	1.0				TCRBJ02-03*01	TCRBJ02	TCRBJ02-03	1.0				1	0	3	6	4	2	39	-1	55	58	62	1	In	VDJ							0.0
1134	ACGCCTTGTTGCTGGGGGACTCGGCCCTCTATCTCTGTGCCAGCAGCCCGGGACAGGGGAAGCACAGATACGCAGTATTTTGGCCCA		1	0.03005711	46	TCRBV05-06*01	TCRBV05	TCRBV05-06	1.0				TCRBD01-01*01	TCRBD01	TCRBD01-01	1.0				TCRBJ02-03*01	TCRBJ02	TCRBJ02-03	1.0				4	2	0	2	1	0	35	47	49	59	60	1	Out	VDJ							0.0
1135	CTCACTCTGGAGTCAGCTACCCGCTCCCAGACATCTGTGTATTTCTGCGCCACATCTCCAGCGGCAGATACGCAGTATTTTGGCCCA	CATSPAADTQYF	1	0.03005711	36	TCRBV10-02*01	TCRBV10	TCRBV10-02	1.0				TCRBD02-01	TCRBD02	TCRBD02-01				01,02	TCRBJ02-03*01	TCRBJ02	TCRBJ02-03	1.0				10	7	6	5	0	4	45	52	59	-1	64	1	In	VDJ							0.0
1136	GCCCATCCTGAAGACAGCAGCTTCTACATCTGCAGTGCTAGTCGGGGACAGTGGCAACCCGGCACGGATACGCAGTATTTTGGCCCA	CSASRGQWQPGTDTQYF	1	0.03005711	51	TCRBV20	TCRBV20	unresolved			TCRBV20-01,TCRBV20-or09_02		TCRBD01-01*01	TCRBD01	TCRBD01-01	1.0				TCRBJ02-03*01	TCRBJ02	TCRBJ02-03	1.0				3	3	0	5	15	6	30	41	44	51	66	1	In	VDJ							0.0
1137	AGCAACATGAGCCCTGAAGACAGCAGCATATATCTCTGCAGCGTTGGGACTAGCGGGACTACCCGGGATACGCAGTATTTTGGCCCA	CSVGTSGTTRDTQYF	1	0.03005711	45	TCRBV29-01*01	TCRBV29	TCRBV29-01	1.0				TCRBD02-01*02	TCRBD02	TCRBD02-01	2.0				TCRBJ02-03*01	TCRBJ02	TCRBJ02-03	1.0				4	0	1	3	8	6	36	-1	46	58	66	1	In	VDJ							0.0
1138	CTTGAGGACTCGGCCGTGTATCTCTGTGCCAGCAGCTTAGGGGGCGGACAGGGTTTCTCCTATAATTCACCCCTCCACTTTGGGAAC	CASSLGGGQGFSYNSPLHF	1	0.03005711	57	TCRBV11-02*02	TCRBV11	TCRBV11-02	2.0				TCRBD01-01*01	TCRBD01	TCRBD01-01	1.0				TCRBJ01-06*01	TCRBJ01	TCRBJ01-06	1.0				1	5	1	3	3	0	24	40	45	53	56	1	In	VDJ							0.0
1139	CAGCAGGAGGACTCCGCCGTGTATCTCTGTGCCAGCAGCGACGGTTGTTACCCACAAAGTCGGGCCAACGTCCTGACTTTCGGGGCC	CASSDGCYPQSRANVLTF	1	0.03005711	54	TCRBV07-08*01	TCRBV07	TCRBV07-08	1.0				unresolved		unresolved		TCRBD01,TCRBD02	TCRBD01-01,TCRBD02-01		TCRBJ02-06*01	TCRBJ02	TCRBJ02-06	1.0				5	0	2	7	19	5	27	-1	39	42	61	1	In	VDJ							0.0
1140	CAGAGCAGCGGGACTCGGCCATGTATCGCTGTGCCAGCAGCCCGCCCAATCTCACAAAGTCGGGCCAACGTCCTGACTTTCGGGGCC		1	0.03005711	52	TCRBV07-06*01	TCRBV07	TCRBV07-06	1.0				TCRBD01-01*01	TCRBD01	TCRBD01-01	1.0				TCRBJ02-06*01	TCRBJ02	TCRBJ02-06	1.0				5	12	3	6	5	5	29	41	53	56	61	1	Out	VDJ							0.0
1141	CTGGAGTCGCCCAGCCCCAACCAGACCTCTCTGTACTTCTGTGCCAGCAAGTTAGCGGGGGGAGCCTACGAGCAGTACTTCGGGCCG	CASKLAGGAYEQYF	1	0.03005711	42	TCRBV27-01*01	TCRBV27	TCRBV27-01	1.0				TCRBD02-01*01	TCRBD02	TCRBD02-01	1.0				TCRBJ02-07*01	TCRBJ02	TCRBJ02-07	1.0				7	3	5	1	2	2	39	49	52	62	64	1	In	VDJ							0.0
1142	ACCTTGGAGCTGGGGGACTCGGCCCTTTATCTTTGCGCCAGCAGCTTGGTGGGCTCGAGGAGCTCCTACGAGCAGTACTTCGGGCCG	CASSLVGSRSSYEQYF	1	0.03005711	48	TCRBV05-01*01	TCRBV05	TCRBV05-01	1.0				unresolved		unresolved		TCRBD01,TCRBD02	TCRBD01-01,TCRBD02-01		TCRBJ02-07*01	TCRBJ02	TCRBJ02-07	1.0				0	1	8	0	8	0	33	49	50	54	62	1	In	VDJ							0.0
1143	AAGATCCAGCGCACACAGCAGGAGGACTCCGCCGTGTATCTCTGTGCCAGCAGCCCCGGACCGTCCTACGAGCAGTACTTCGGGCCG	CASSPGPSYEQYF	1	0.03005711	39	TCRBV07-08*01	TCRBV07	TCRBV07-08	1.0				unresolved		unresolved		TCRBD01,TCRBD02	TCRBD01-01,TCRBD02-01		TCRBJ02-07*01	TCRBJ02	TCRBJ02-07	1.0				5	3	1	7	2	1	42	54	57	61	63	1	In	VDJ							0.0
1144	AACGCCTTGGAGCTGGACGACTCGGCCCTGTATCTCTGTGCCAGCAGCCCGACCGGGACAGGGTTTAATGGCTACACCTTCGGTTCG	CASSPTGTGFNGYTF	1	0.03005711	45	TCRBV05-04*01	TCRBV05	TCRBV05-04	1.0				TCRBD01-01*01	TCRBD01	TCRBD01-01	1.0				TCRBJ01-02*01	TCRBJ01	TCRBJ01-02	1.0				4	6	0	3	4	6	36	48	54	63	67	1	In	VDJ							0.0
1145	CTAGAGTCTGCCATCCCCAACCAGACAGCTCTTTACTTCTGTGCCACCAGTGATTCGGGACTTAACTATGGCTACACCTTCGGTTCG	CATSDSGLNYGYTF	1	0.03005711	42	TCRBV24	TCRBV24	unresolved			TCRBV24-01,TCRBV24-or09_02		TCRBD02-01	TCRBD02	TCRBD02-01				01,02	TCRBJ01-02*01	TCRBJ01	TCRBJ01-02	1.0				2	1	0	10	0	1	39	55	56	-1	62	1	In	VDJ							0.0
1146	CAGCCCTCAGAACCCAGGGACTCAGCTGTGTACTTCTGTGCCAGCAGTTTAACGACAGGGTCCCACTATGGCTACACCTTCGGTTCG	CASSLTTGSHYGYTF	1	0.03005711	45	TCRBV12	TCRBV12	unresolved			TCRBV12-03,TCRBV12-04		TCRBD01-01*01	TCRBD01	TCRBD01-01	1.0				TCRBJ01-02*01	TCRBJ01	TCRBJ01-02	1.0				2	2	2	3	4	3	36	51	53	60	64	1	In	VDJ							0.0
1147	CTGTCGGCTGCTCCCTCCCAGACATCTGTGTACTTCTGTGCCAGCAGTTTCCGGGACAAAGGAGACTATGGCTACACCTTCGGTTCG	CASSFRDKGDYGYTF	1	0.03005711	45	TCRBV06-05*01	TCRBV06	TCRBV06-05	1.0				TCRBD01-01*01	TCRBD01	TCRBD01-01	1.0				TCRBJ01-02*01	TCRBJ01	TCRBJ01-02	1.0				4	3	0	6	6	3	36	49	52	58	64	1	In	VDJ							0.0
1148	GGAGCTGGGGGACTCGGCCCTTTATCTTTGCGCCAGCAGCTTGGCCTACCAGCCACCAGGCTAGCCTATGGCTACACCTTCGGTTCG		1	0.03005711	53	TCRBV05-01*01	TCRBV05	TCRBV05-01	1.0				TCRBD02-01	TCRBD02	TCRBD02-01				01,02	TCRBJ01-02*01	TCRBJ01	TCRBJ01-02	1.0				0	16	4	7	0	4	28	44	60	-1	65	1	Out	VDJ							0.0
1149	CAGCGCACACAGCAGGAGGACTCCGCCGTGTATCTCTGTGCCAGCAGCTTATTGGGGGATCGGTCCTATGGCTACACCTTCGGTTCG	CASSLLGDRSYGYTF	1	0.03005711	45	TCRBV07-08*01	TCRBV07	TCRBV07-08	1.0				unresolved		unresolved		TCRBD01,TCRBD02	TCRBD01-01,TCRBD02-01		TCRBJ01-02*01	TCRBJ01	TCRBJ01-02	1.0				2	2	6	1	7	4	36	51	53	58	65	1	In	VDJ							0.0
1150	CACATCAATTCCCTGGAGCTTGGTGACTCTGCTGTGTATTTCTGTGCCAGCAGCCTCGGGGCAGGCCTCGAAGCTTTCTTTGGACAA	CASSLGAGLEAFF	1	0.03005711	39	TCRBV03	TCRBV03	unresolved			TCRBV03-01,TCRBV03-02		unresolved		unresolved		TCRBD01,TCRBD02	TCRBD01-01,TCRBD02-01		TCRBJ01-01*01	TCRBJ01	TCRBJ01-01	1.0				4	2	7	0	7	8	42	55	57	62	69	1	In	VDJ							0.0
1151	TTGGAGTCGGCTGCTCCCTCCCAAACATCTGTGTACTTCTGTGCCAGCAGTTACCGGGGTAAGGTTACTGAAGCTTTCTTTGGACAA	CASSYRGKVTEAFF	1	0.03005711	42	TCRBV06	TCRBV06	unresolved			TCRBV06-02,TCRBV06-03		TCRBD02-01*01	TCRBD02	TCRBD02-01	1.0				TCRBJ01-01*01	TCRBJ01	TCRBJ01-01	1.0				2	0	8	3	7	5	39	-1	54	59	66	1	In	VDJ							0.0
1152	ATCCGGTCCACAAAGCTGGAGGACTCAGCCATGTACTTCTGTGCCAGCAGGGAGCCGACAGGGGTGGCTGAAGCTTTCTTTGGACAA	CASREPTGVAEAFF	1	0.03005711	42	TCRBV02-01*01	TCRBV02	TCRBV02-01	1.0				TCRBD01-01*01	TCRBD01	TCRBD01-01	1.0				TCRBJ01-01*01	TCRBJ01	TCRBJ01-01	1.0				6	6	2	2	3	6	39	50	56	64	67	1	In	VDJ							0.0
1153	ATCCAGCCCTCAGAACCCAGGGACTCAGCTGTGTACTTCTGTGCCAGCAGTTTGGAGTACGAGAAGGGTGAAGCTTTCTTTGGACAA	CASSLEYEKGEAFF	1	0.03005711	42	TCRBV12	TCRBV12	unresolved			TCRBV12-03,TCRBV12-04		unresolved		unresolved		TCRBD01,TCRBD02	TCRBD01-01,TCRBD02-01		TCRBJ01-01*01	TCRBJ01	TCRBJ01-01	1.0				3	11	5	3	0	7	39	53	64	-1	68	1	In	VDJ							0.0
1154	GTGCGAGGAGATTCGGCAGCTTATTTCTGTGCCAGCTCACCATCAGCACTAGCGGGGGTAAACACCGGGGAGCTGTTTTTTGGAGAA	CASSPSALAGVNTGELFF	1	0.03005711	54	TCRBV18-01*01	TCRBV18	TCRBV18-01	1.0				TCRBD02-01*01	TCRBD02	TCRBD02-01	1.0				TCRBJ02-02*01	TCRBJ02	TCRBJ02-02	1.0				2	5	3	2	2	2	27	42	47	58	60	1	In	VDJ							0.0
1155	CTGAAGATCCAGCCCTCAGAACCCAGGGACTCAGCTGTGTACTTCTGTGCCAGCAGTGAACAGGGAGGAGAGCAGTTCTTCGGGCCA	CASSEQGGEQFF	1	0.03005711	36	TCRBV12	TCRBV12	unresolved			TCRBV12-03,TCRBV12-04		unresolved		unresolved		TCRBD01,TCRBD02	TCRBD01-01,TCRBD02-01		TCRBJ02-01*01	TCRBJ02	TCRBJ02-01	1.0				5	2	3	3	4	10	45	57	59	65	69	1	In	VDJ							0.0
1156	TCCCTGGAGCTTGGTGACTCTGCTGTGTATTTCTGTGCCAGCAGCCCTCGGACAGACCACTATAATTCACCCCTCCACTTTGGGAAC	CASSPRTDHYNSPLHF	1	0.03005711	48	TCRBV03	TCRBV03	unresolved			TCRBV03-01,TCRBV03-02		TCRBD01-01*01	TCRBD01	TCRBD01-01	1.0				TCRBJ01-06*01	TCRBJ01	TCRBJ01-06	1.0				4	3	1	5	4	3	33	46	49	55	59	1	In	VDJ							0.0
1157	CAGCGCACAGAGCAGGGGGACTCGGCCATGTATCTCTGTGCCAGCAGTTTGACAGGGACGGTTGGAAACACCATATATTTTGGAGAG	CASSLTGTVGNTIYF	1	0.03005711	45	TCRBV07-09	TCRBV07	TCRBV07-09				01,03	TCRBD01-01*01	TCRBD01	TCRBD01-01	1.0				TCRBJ01-03*01	TCRBJ01	TCRBJ01-03	1.0				6	3	2	3	5	3	36	47	50	57	62	1	In	VDJ							0.0
1158	TCCCTGGAGCTTGGTGACTCTGCTGTGTATTTCTGTGCAGCAGCACCTCCCTTCCCATTCGTGTTAGACGAGCAGTACTTCGGGCCG	CAAAPPFPFVLDEQYF	1	0.03005711	48	TCRBV03	TCRBV03	unresolved			TCRBV03-01,TCRBV03-02		unresolved		unresolved		TCRBD01,TCRBD02	TCRBD01-01,TCRBD02-01		TCRBJ02-07*01	TCRBJ02	TCRBJ02-07	1.0				12	2	4	5	24	5	33	38	40	43	67	1	In	VDJ							0.0
1159	ACCAGTGCCCATCCTGAAGACAGCAGCTTCTACATCTGCAGTGCTAGAGGGAGACAGGGGAAAAACTACGAGCAGTACTTCGGGCCG	CSARGRQGKNYEQYF	1	0.03005711	45	TCRBV20	TCRBV20	unresolved			TCRBV20-01,TCRBV20-or09_02		TCRBD01-01*01	TCRBD01	TCRBD01-01	1.0				TCRBJ02-07*01	TCRBJ02	TCRBJ02-07	1.0				1	3	2	2	5	3	36	49	52	60	65	1	In	VDJ							0.0
1160	CAGCGCACAGAGCAGGGGGACTCGGCCATGTATCTCTGTGCCAGCAGCTCCTTAGCGGGGGGCACCTACGAGCAGTACTTCGGGCCG	CASSSLAGGTYEQYF	1	0.03005711	45	TCRBV07-09	TCRBV07	TCRBV07-09				01,03	TCRBD02-01*01	TCRBD02	TCRBD02-01	1.0				TCRBJ02-07*01	TCRBJ02	TCRBJ02-07	1.0				4	3	5	1	2	2	36	49	52	62	64	1	In	VDJ							0.0
1161	CTTGGTGACTCTGCTGTGTATTTCTGTGCCAGCAGCGTGTACGCCGGACAGCAAGCCCTGGGGCCCTACGAGCAGTACTTCGGGCCG	CASSVYAGQQALGPYEQYF	1	0.03005711	57	TCRBV03	TCRBV03	unresolved			TCRBV03-01,TCRBV03-02		TCRBD01-01*01	TCRBD01	TCRBD01-01	1.0				TCRBJ02-07*01	TCRBJ02	TCRBJ02-07	1.0				5	9	1	5	13	2	24	36	45	51	64	1	In	VDJ							0.0
1162	CTGACAGTGACCAGTGCCCATCCTGAAGACAGCAGCTTCTACATCTGCAGTGCTAGCCCTCGGGGGTACGAGCAGTACTTCGGGCCG	CSASPRGYEQYF	1	0.03005711	36	TCRBV20	TCRBV20	unresolved			TCRBV20-01,TCRBV20-or09_02		TCRBD02-01*01	TCRBD02	TCRBD02-01	1.0				TCRBJ02-07*01	TCRBJ02	TCRBJ02-07	1.0				3	4	8	2	0	4	45	56	60	-1	66	1	In	VDJ							0.0
1163	CCGCTCAGGCTGGAGTTGGCTGCTCCCTCCCAGACATCTGTGTACTTCTGTGCCAGCAGCGACGGGTGGGAGCAGTACTTCGGGCCG	CASSDGWEQYF	1	0.03005711	33	TCRBV06-06	TCRBV06	TCRBV06-06				01,02	TCRBD02-01	TCRBD02	TCRBD02-01				01,02	TCRBJ02-07*01	TCRBJ02	TCRBJ02-07	1.0				6	3	8	4	3	7	48	59	62	66	69	1	In	VDJ							0.0
1164	AAGATCCAGCCTGCAAAGCTTGAGGACTCGGCCGTGTATCTCTGTGCCAGCAGCGCCCGACAGAACTATGGCTACACCTTCGGTTCG	CASSARQNYGYTF	1	0.03005711	39	TCRBV11-02*02	TCRBV11	TCRBV11-02	2.0				TCRBD01-01*01	TCRBD01	TCRBD01-01	1.0				TCRBJ01-02*01	TCRBJ01	TCRBJ01-02	1.0				5	4	2	5	0	2	42	54	58	-1	63	1	In	VDJ							0.0
1165	GCACAGAGCGGGGGGACTCAGCCGTGTATCTCTGTGCCAGCAGCTTATGGGGACGGGGCCGATAACTATGGCTACACCTTCGGTTCG		1	0.03005711	49	TCRBV07-03*01	TCRBV07	TCRBV07-03	1.0				unresolved		unresolved		TCRBD01,TCRBD02	TCRBD01-01,TCRBD02-01		TCRBJ01-02*01	TCRBJ01	TCRBJ01-02	1.0				2	2	0	7	8	1	32	47	49	54	62	1	Out	VDJ							0.0
1166	TCAGAACCCAGGGACTCAGCTGTGTACTTCTGTGCCAGCAGTCCACCCCGGGGGCCAGGGAGGATCTATGGCTACACCTTCGGTTCG	CASSPPRGPGRIYGYTF	1	0.03005711	51	TCRBV12	TCRBV12	unresolved			TCRBV12-03,TCRBV12-04		unresolved		unresolved		TCRBD01,TCRBD02	TCRBD01-01,TCRBD02-01		TCRBJ01-02*01	TCRBJ01	TCRBJ01-02	1.0				5	7	6	0	10	4	30	42	49	55	65	1	In	VDJ							0.0
1167	TGCTGTACCCTCTCAGACATCTGTGTACTTCTGTGCCAGCAGTGACTCGATTAGGCCAGAGACAATCAGCCCCAGCATTTTGGTGAT		1	0.03005711	50	TCRBV06-04	TCRBV06	TCRBV06-04				01,02	unresolved		unresolved		TCRBD01,TCRBD02	TCRBD01-01,TCRBD02-01		TCRBJ01-05*01	TCRBJ01	TCRBJ01-05	1.0				0	8	4	5	3	3	31	48	56	59	62	1	Out	VDJ							0.0
1168	ACATGAGCTCCTTGGAGCTGGGGGACTCAGCCCTGTACTTCTGTGCCAGCAGCCGTTACAGGGGATCAGCCCCAGCATTTTGGTGAT		1	0.03005711	40	TCRBV13-01*01	TCRBV13	TCRBV13-01	1.0				TCRBD01-01*01	TCRBD01	TCRBD01-01	1.0				TCRBJ01-05*01	TCRBJ01	TCRBJ01-05	1.0				5	4	3	2	0	5	41	53	57	-1	64	1	Out	VDJ							0.0
1169	CTGCTGTCGGCTGCTCCCTCCCAGACATCTGTGTACTTCTGTGCCAGCAGCTTCGGGGGGGATAGTCAGCCCCAGCATTTTGGTGAT	CASSFGGDSQPQHF	1	0.03005711	42	TCRBV06-05*01	TCRBV06	TCRBV06-05	1.0				TCRBD02-01*01	TCRBD02	TCRBD02-01	1.0				TCRBJ01-05*01	TCRBJ01	TCRBJ01-05	1.0				6	3	8	0	4	6	39	50	53	61	65	1	In	VDJ							0.0
1170	CTGAGCTCTCTGGAGCTGGGGGACTCAGCTTTGTATTTCTGTGCCAGCAGCGTGGGGAGGGGGGGAACTGAAGCTTTCTTTGGACAA	CASSVGRGGTEAFF	1	0.03005711	42	TCRBV09-01	TCRBV09	TCRBV09-01				01,02	TCRBD02-01	TCRBD02	TCRBD02-01				01,02	TCRBJ01-01*01	TCRBJ01	TCRBJ01-01	1.0				2	5	9	0	1	5	39	53	58	65	66	1	In	VDJ							0.0
1171	TCCCTGGAGCTTGGTGACTCTGCTGTGTATTTCTGTGCCAGCAGCCAAGAAGGGCCGGGGAATAATTCACCCCTCCACTTTGGGAAC	CASSQEGPGNNSPLHF	1	0.03005711	48	TCRBV03	TCRBV03	unresolved			TCRBV03-01,TCRBV03-02		TCRBD02-01*01	TCRBD02	TCRBD02-01	1.0				TCRBJ01-06*01	TCRBJ01	TCRBJ01-06	1.0				0	5	8	3	1	5	33	50	55	60	61	1	In	VDJ							0.0
1172	GCAGGAGGACTCGGCCGTGTATCTCTGTGCCAGCAGCTTAGGGGACAGGGTGCCCTCTCCTATAATTCACCCCTCCACTTTGGGAAC		1	0.03005711	56	TCRBV07-02*01	TCRBV07	TCRBV07-02	1.0				TCRBD01-01*01	TCRBD01	TCRBD01-01	1.0				TCRBJ01-06*01	TCRBJ01	TCRBJ01-06	1.0				1	0	0	3	6	0	25	-1	41	50	56	1	Out	VDJ							0.0
1173	CTGGAGCTTGGTGACTCTGCTGTGTATTTCTGTGCCAGCAGCGGGAGGTTTCCCATACACGCACGAAACACCATATATTTTGGAGAG	CASSGRFPIHARNTIYF	1	0.03005711	51	TCRBV03	TCRBV03	unresolved			TCRBV03-01,TCRBV03-02		TCRBD02-01*02	TCRBD02	TCRBD02-01	2.0				TCRBJ01-03*01	TCRBJ01	TCRBJ01-03	1.0				5	0	9	1	16	5	30	-1	42	48	64	1	In	VDJ							0.0
1174	AACCTGAGCTCTCTGGAGCTGGGGGACTCAGCTTTGTATTTCTGTGCCAGCAGCGTAGAGTCTGGAAACACCATATATTTTGGAGAG	CASSVESGNTIYF	1	0.03005711	39	TCRBV09-01	TCRBV09	TCRBV09-01				01,02	unresolved		unresolved		TCRBD01,TCRBD02	TCRBD01-01,TCRBD02-01		TCRBJ01-03*01	TCRBJ01	TCRBJ01-03	1.0				0	0	5	5	0	1	42	-1	58	-1	60	1	In	VDJ							0.0
1175	GCCTTGGAGCTGGACGACTCGGCCCTGTATCTCTGTGCCAGCAGCGGAGGGACAGGAGACTCCAACTATGGCTACACCTTCGGTTCG	CASSGGTGDSNYGYTF	1	0.03005711	48	TCRBV05-04*01	TCRBV05	TCRBV05-04	1.0				TCRBD01-01*01	TCRBD01	TCRBD01-01	1.0				TCRBJ01-02*01	TCRBJ01	TCRBJ01-02	1.0				4	3	0	4	7	2	33	45	48	56	63	1	In	VDJ							0.0
1176	AACGCCTTGTTGCTGGGGGACTCGGCCCTCTATCTCTGTGCCAGCAGCTTGGTACAGGGGGCGAACTATGGCTACACCTTCGGTTCG	CASSLVQGANYGYTF	1	0.03005711	45	TCRBV05-06*01	TCRBV05	TCRBV05-06	1.0				TCRBD01-01*01	TCRBD01	TCRBD01-01	1.0				TCRBJ01-02*01	TCRBJ01	TCRBJ01-02	1.0				0	1	3	0	1	2	36	52	53	62	63	1	In	VDJ							0.0
1177	ACCAGTGCCCATCCTGAAGACAGCAGCTTCTACATCTGCAGTGCTAGAGAGGACAGGGGCAAAGACTATGGCTACACCTTCGGTTCG	CSAREDRGKDYGYTF	1	0.03005711	45	TCRBV20	TCRBV20	unresolved			TCRBV20-01,TCRBV20-or09_02		TCRBD01-01*01	TCRBD01	TCRBD01-01	1.0				TCRBJ01-02*01	TCRBJ01	TCRBJ01-02	1.0				0	0	1	2	5	3	36	-1	50	59	64	1	In	VDJ							0.0
1178	AACCTGAGCTCTCTGGAGCTGGGGGACTCAGCTTTGTATTTCTGTGCCAGTCCACAGGTTGGAGACTATGGCTACACCTTCGGTTCG	CASPQVGDYGYTF	1	0.03005711	39	TCRBV09-01	TCRBV09	TCRBV09-01				01,02	TCRBD01-01*01	TCRBD01	TCRBD01-01	1.0				TCRBJ01-02*01	TCRBJ01	TCRBJ01-02	1.0				8	3	3	4	6	3	42	50	53	58	64	1	In	VDJ							0.0
1179	AGCCTGCAGAGCTTGGGGACTCGGCCGTGTATCTCTGTGCCAGCAGCCTTACAGGGAAAGAGCAATCAGCCCCAGCATTTTGGTGAT		1	0.03005711	46	TCRBV11-03*01	TCRBV11	TCRBV11-03	1.0				TCRBD01-01*01	TCRBD01	TCRBD01-01	1.0				TCRBJ01-05*01	TCRBJ01	TCRBJ01-05	1.0				5	3	3	3	4	1	35	47	50	56	60	1	Out	VDJ							0.0
1180	ATCCGGTCCACAAAGCTGGAGGACTCAGCCATGTACTTCTGTGCCAGCGGGGAGACAGGTGGCAATCAGCCCCAGCATTTTGGTGAT	CASGETGGNQPQHF	1	0.03005711	42	TCRBV02-01*01	TCRBV02	TCRBV02-01	1.0				TCRBD01-01*01	TCRBD01	TCRBD01-01	1.0				TCRBJ01-05*01	TCRBJ01	TCRBJ01-05	1.0				8	5	2	4	2	2	39	48	53	59	61	1	In	VDJ							0.0
1181	ACGATTCAGCGCACAGAGCAGCGGGACTCAGCCATGTATCGCTGTGCTAGCAGCTTCCCAGGGGTTCAGCCCCAGCATTTTGGTGAT	CASSFPGVQPQHF	1	0.03005711	39	TCRBV07-07*01	TCRBV07	TCRBV07-07	1.0				TCRBD01-01*01	TCRBD01	TCRBD01-01	1.0				TCRBJ01-05*01	TCRBJ01	TCRBJ01-05	1.0				3	2	4	2	1	6	42	56	58	64	65	1	In	VDJ							0.0
1182	CCAGCCCTCAGAACCCAGGGACTCAGCTGTGTACTTCTGTGCCAGCAGTTTAGCGGCGAATCGAACACTGAAGCTTTCTTTGGACAA		1	0.03005711	44	TCRBV12	TCRBV12	unresolved			TCRBV12-03,TCRBV12-04		unresolved		unresolved		TCRBD01,TCRBD02	TCRBD01-01,TCRBD02-01		TCRBJ01-01*01	TCRBJ01	TCRBJ01-01	1.0				0	0	9	0	5	1	37	-1	54	57	62	1	Out	VDJ							0.0
1183	AATGTGAACGCCTTGGAGCTGGACGACTCGGCCCTGTATCTCTGTGCCAGCACTCAGGGGAGGCGGACTGAAGCTTTCTTTGGACAA	CASTQGRRTEAFF	1	0.03005711	39	TCRBV05-04*01	TCRBV05	TCRBV05-04	1.0				unresolved		unresolved		TCRBD01,TCRBD02	TCRBD01-01,TCRBD02-01		TCRBJ01-01*01	TCRBJ01	TCRBJ01-01	1.0				6	2	4	2	6	5	42	52	54	60	66	1	In	VDJ							0.0
1184	TTGGAGATCCAGCGCACAGAGCAGGGGGACTCGGCCATGTATCTCTGTGCCAGCAGCCAGACAGGGGTTGAAGCTTTCTTTGGACAA	CASSQTGVEAFF	1	0.03005711	36	TCRBV07-09	TCRBV07	TCRBV07-09				01,03	TCRBD01-01*01	TCRBD01	TCRBD01-01	1.0				TCRBJ01-01*01	TCRBJ01	TCRBJ01-01	1.0				5	2	2	2	1	7	45	57	59	67	68	1	In	VDJ							0.0
1185	GCCCATCCTGAAGACAGCAGCTTCTACATCTGCAGTGCTAGTACTCGATCGGGACTAGTTCTCACAGATACGCAGTATTTTGGCCCA	CSASTRSGLVLTDTQYF	1	0.03005711	51	TCRBV20	TCRBV20	unresolved			TCRBV20-01,TCRBV20-or09_02		TCRBD02-01	TCRBD02	TCRBD02-01				01,02	TCRBJ02-03*01	TCRBJ02	TCRBJ02-03	1.0				3	9	0	8	4	2	30	41	50	58	62	1	In	VDJ							0.0
1186	GAGTCGGCTGCTCCCTCCCAAACATCTGTGTACTTCTGTGCCAGCAGTTACCAGGGGGCTAGGACAGATACGCAGTATTTTGGCCCA	CASSYQGARTDTQYF	1	0.03005711	45	TCRBV06	TCRBV06	unresolved			TCRBV06-02,TCRBV06-03		TCRBD01-01*01	TCRBD01	TCRBD01-01	1.0				TCRBJ02-03*01	TCRBJ02	TCRBJ02-03	1.0				2	0	4	0	4	3	36	-1	51	59	63	1	In	VDJ							0.0
1187	AGGCTGCTGTCGGCTGCTCCCTCCCAGACATCTGTGTACTTCTGTGCCAGCACCCAGGGCTGGAGAGATACGCAGTATTTTGGCCCA	CASTQGWRDTQYF	1	0.03005711	39	TCRBV06-05*01	TCRBV06	TCRBV06-05	1.0				TCRBD01-01*01	TCRBD01	TCRBD01-01	1.0				TCRBJ02-03*01	TCRBJ02	TCRBJ02-03	1.0				7	2	4	3	6	5	42	52	54	59	65	1	In	VDJ							0.0
1188	AAGATCCAGCGCACAGAGCGGGGGGACTCAGCCGTGTATCTCTGTGCCAGCAGCCGCTCCCAGATAGATACGCAGTATTTTGGCCCA	CASSRSQIDTQYF	1	0.03005711	39	TCRBV07-03*01	TCRBV07	TCRBV07-03	1.0				TCRBD01-01*01	TCRBD01	TCRBD01-01	1.0				TCRBJ02-03*01	TCRBJ02	TCRBJ02-03	1.0				5	6	4	5	2	5	42	54	60	63	65	1	In	VDJ							0.0
1189	CTGTCGGCTGCTCCCTCCCAGACATCTGTGTACTTCTGTGCCAGCAGTTACACCGACAGAGACCAAGAGACCCAGTACTTCGGGCCA	CASSYTDRDQETQYF	1	0.03005711	45	TCRBV06-05*01	TCRBV06	TCRBV06-05	1.0				TCRBD01-01*01	TCRBD01	TCRBD01-01	1.0				TCRBJ02-05*01	TCRBJ02	TCRBJ02-05	1.0				2	3	2	5	2	0	36	51	54	59	61	1	In	VDJ							0.0
1190	CTGAGCTCTCTGGAGCTGGGGGACTCAGCTTTGTATTTCTGTGCCAGCAGCGTCGGAGCGGGGGAGGAGACCCAGTACTTCGGGCCA	CASSVGAGEETQYF	1	0.03005711	42	TCRBV09-01	TCRBV09	TCRBV09-01				01,02	TCRBD02-01*01	TCRBD02	TCRBD02-01	1.0				TCRBJ02-05*01	TCRBJ02	TCRBJ02-05	1.0				2	3	6	2	2	5	39	53	56	64	66	1	In	VDJ							0.0
1191	CTGAAGATCCAGCCCTCAGAACCCAGGGACTCAGCTGTGTACTTCTGTGCCAGCAGCGGGACAGGGGGGGCCCAGTACTTCGGGCCA	CASSGTGGAQYF	1	0.03005711	36	TCRBV12	TCRBV12	unresolved			TCRBV12-03,TCRBV12-04		TCRBD01-01*01	TCRBD01	TCRBD01-01	1.0				TCRBJ02-05*01	TCRBJ02	TCRBJ02-05	1.0				6	1	0	1	2	9	45	56	57	68	70	1	In	VDJ							0.0
1192	CTACACACCCTGCAGCCAGAAGACTCGGCCCTGTATCTCTGCGCCAGCAGCTACCGGGACTAGCGGGGGGGCCAGTTCTTCGGGCCA	CASSYRD*RGGQFF	1	0.03005711	42	TCRBV04-03*01	TCRBV04	TCRBV04-03	1.0				TCRBD02-01*01	TCRBD02	TCRBD02-01	1.0				TCRBJ02-01*01	TCRBJ02	TCRBJ02-01	1.0				5	4	0	0	1	13	39	51	55	71	72	1	Stop	VDJ							0.0
1193	ATCCAGCGCACACAGCAGGAGGACTCGGCCGTGTATCTCTGTGCCAGCAGCTCCCTAGGGCCTAATTCACCCCTCCACTTTGGGAAC	CASSSLGPNSPLHF	1	0.03005711	42	TCRBV07-02*01	TCRBV07	TCRBV07-02	1.0				unresolved		unresolved		TCRBD01,TCRBD02	TCRBD01-01,TCRBD02-01		TCRBJ01-06*01	TCRBJ01	TCRBJ01-06	1.0				4	4	5	3	2	6	39	52	56	60	62	1	In	VDJ							0.0
1194	GACTCGGCCATGTATCGCTGTGCCAGCAGCCCCCAATCAGACTCACAGAGTTCTTTGCGTCGTAATTCACCCCTCCACTTTGGGAAC	CASSPQSDSQSSLRRNSPLHF	1	0.03005711	63	TCRBV07-06*01	TCRBV07	TCRBV07-06	1.0				unresolved		unresolved		TCRBD01,TCRBD02	TCRBD01-01,TCRBD02-01		TCRBJ01-06*01	TCRBJ01	TCRBJ01-06	1.0				5	14	3	5	14	6	18	30	44	48	62	1	In	VDJ							0.0
1195	CTGACAGTGACCAGTGCCCATCCTGAAGACAGCAGCTTCTACATCTGCAGTGCTTCAAGAATGGACGGAGAGTGGTACTTCGGGCCG	CSASRMDGEWYF	1	0.03005711	36	TCRBV20	TCRBV20	unresolved			TCRBV20-01,TCRBV20-or09_02		unresolved		unresolved		TCRBD01,TCRBD02	TCRBD01-01,TCRBD02-01		TCRBJ02-07*01	TCRBJ02	TCRBJ02-07	1.0				5	8	1	7	8	12	45	54	62	66	74	1	In	VDJ							0.0
1196	GAGATCCAGCGCACAGAGCAGGGGGACTCGGCCATGTATCTCTGTGCCAGCAGGGCGGCAGGGGGCCATGGCTACACCTTCGGTTCG	CASRAAGGHGYTF	1	0.03005711	39	TCRBV07-09	TCRBV07	TCRBV07-09				01,03	TCRBD01-01*01	TCRBD01	TCRBD01-01	1.0				TCRBJ01-02*01	TCRBJ01	TCRBJ01-02	1.0				6	5	4	0	1	6	42	53	58	66	67	1	In	VDJ							0.0
1197	AATGTGAACGCCTTGGAGCTGGACGACTCGGCCCTGTATCTCTGTGCCAGCAGCTCCAGGGGCGACTATGGCTACACCTTCGGTTCG	CASSSRGDYGYTF	1	0.03005711	39	TCRBV05-04*01	TCRBV05	TCRBV05-04	1.0				TCRBD01-01*01	TCRBD01	TCRBD01-01	1.0				TCRBJ01-02*01	TCRBJ01	TCRBJ01-02	1.0				3	1	4	2	2	3	42	55	56	62	64	1	In	VDJ							0.0
1198	AACGCCTTGGAGCTGGACGACTCGGCCCTGTATCTCTGTGCCAGCAGCTTGGATGGGGCGGGCTTCTATGGCTACACCTTCGGTTCG	CASSLDGAGFYGYTF	1	0.03005711	45	TCRBV05-04*01	TCRBV05	TCRBV05-04	1.0				unresolved		unresolved		TCRBD01,TCRBD02	TCRBD01-01,TCRBD02-01		TCRBJ01-02*01	TCRBJ01	TCRBJ01-02	1.0				0	2	7	0	6	4	36	52	54	59	65	1	In	VDJ							0.0
1199	CTGAGCTCTCTGGAGCTGGGGGACTCAGCTTTGTATTTCTGTGCCAGCAGCGTAGAAGGGACAGGGTTTGGCTACACCTTCGGTTCG	CASSVEGTGFGYTF	1	0.03005711	42	TCRBV09-01	TCRBV09	TCRBV09-01				01,02	TCRBD01-01*01	TCRBD01	TCRBD01-01	1.0				TCRBJ01-02*01	TCRBJ01	TCRBJ01-02	1.0				0	2	0	3	2	7	39	55	57	66	68	1	In	VDJ							0.0
1200	ATCCAGCGCACAGAGCAGGGGGACTCGGCCATGTATCTCTGTGCCAGCAGCCCATGGACAGACAATCAGCCCCAGCATTTTGGTGAT	CASSPWTDNQPQHF	1	0.03005711	42	TCRBV07-09	TCRBV07	TCRBV07-09				01,03	TCRBD01-01*01	TCRBD01	TCRBD01-01	1.0				TCRBJ01-05*01	TCRBJ01	TCRBJ01-05	1.0				5	4	1	5	1	3	39	51	55	61	62	1	In	VDJ							0.0
1201	ATCCAGCGCACACAGCAGGAGGACTCGGCCGTGTATCTCTGTGCCAGCAGCTTAGTTCATGGTGATCAGCCCCAGCATTTTGGTGAT	CASSLVHGDQPQHF	1	0.03005711	42	TCRBV07-02*01	TCRBV07	TCRBV07-02	1.0				unresolved		unresolved		TCRBD01,TCRBD02	TCRBD01-01,TCRBD02-01		TCRBJ01-05*01	TCRBJ01	TCRBJ01-05	1.0				1	5	0	10	2	5	39	55	60	62	64	1	In	VDJ							0.0
1202	ACCAGTGCCCATCCTGAAGACAGCAGCTTCTACATCTGCAGTGGTTCGAGGGGACAGGGGACCTCTCAGCCCCAGCATTTTGGTGAT	CSGSRGQGTSQPQHF	1	0.03005711	45	TCRBV20	TCRBV20	unresolved			TCRBV20-01,TCRBV20-or09_02		TCRBD01-01*01	TCRBD01	TCRBD01-01	1.0				TCRBJ01-05*01	TCRBJ01	TCRBJ01-05	1.0				7	7	0	2	5	6	36	43	50	60	65	1	In	VDJ							0.0
1203	AGTTCTAAGAAGCTCCTTCTCAGTGACTCTGGCTTCTATCTCTGTGCCTGGGCGGGACAGAAGAGCGGGCCCCAGCATTTTGGTGAT	CAWAGQKSGPQHF	1	0.03005711	39	TCRBV30-01*01	TCRBV30	TCRBV30-01	1.0				TCRBD01-01*01	TCRBD01	TCRBD01-01	1.0				TCRBJ01-05*01	TCRBJ01	TCRBJ01-05	1.0				5	2	0	5	8	9	42	51	53	60	68	1	In	VDJ							0.0
1204	CTACACACCCTGCAGCCAGAAGACTCGGCCCTGTATCTCTGTGCCAGCAGCCAAGCCAGGGGGGACGAAAAACTGTTTTTTGGCAGT	CASSQARGDEKLFF	1	0.03005711	42	TCRBV04-02*01	TCRBV04	TCRBV04-02	1.0				TCRBD01-01*01	TCRBD01	TCRBD01-01	1.0				TCRBJ01-04*01	TCRBJ01	TCRBJ01-04	1.0				1	1	4	1	3	8	39	55	56	63	66	1	In	VDJ							0.0
1205	GAGTCGGCTGCTCCCTCCCAAACATCTGTGTACTTCTGTGCCAGCAGTTACCCAGGGTCCGGGAATGAAAAACTGTTTTTTGGCAGT	CASSYPGSGNEKLFF	1	0.03005711	45	TCRBV06	TCRBV06	unresolved			TCRBV06-02,TCRBV06-03		TCRBD01-01*01	TCRBD01	TCRBD01-01	1.0				TCRBJ01-04*01	TCRBJ01	TCRBJ01-04	1.0				2	1	4	3	6	5	36	51	52	57	63	1	In	VDJ							0.0
1206	AAGATCCAGCCTGCAGAGCTTGGGGACTCGGCCGTGTATCTCTGTGCCAGCAGCGGCAGCGCGAACACTGAAGCTTTCTTTGGACAA	CASSGSANTEAFF	1	0.03005711	39	TCRBV11-03*01	TCRBV11	TCRBV11-03	1.0				TCRBD02-01	TCRBD02	TCRBD02-01				01,02	TCRBJ01-01*01	TCRBJ01	TCRBJ01-01	1.0				5	3	6	6	1	1	42	54	57	61	62	1	In	VDJ							0.0
1207	CGGTCCACAAAGCTGGAGGACTCAGCCATGTACTTCTGTGCCAGCAGGACACCGGACAGGGGGAACACTGAAGCTTTCTTTGGACAA	CASRTPDRGNTEAFF	1	0.03005711	45	TCRBV02-01*01	TCRBV02	TCRBV02-01	1.0				TCRBD01-01*01	TCRBD01	TCRBD01-01	1.0				TCRBJ01-01*01	TCRBJ01	TCRBJ01-01	1.0				6	6	1	2	0	1	36	47	53	-1	62	1	In	VDJ							0.0
1208	GACTGTGAGCAACATGAGCCCTGAAGACAGCAGCATATATCTCTGCAGCGTTGAAGTCTGGGGCCCGCTGAAGCTTTCTTTGGACAA		1	0.03005711	38	TCRBV29-01*01	TCRBV29	TCRBV29-01	1.0				TCRBD01-01*01	TCRBD01	TCRBD01-01	1.0				TCRBJ01-01*01	TCRBJ01	TCRBJ01-01	1.0				1	3	7	0	3	6	43	56	59	64	67	1	Out	VDJ							0.0
1209	CTAGAGTCTGCCATCCCCAACCAGACAGCTCTTTACTTCTGTGCCACCGCGGGAACAGGGGGCTTAGATACGCAGTATTTTGGCCCA	CATAGTGGLDTQYF	1	0.03005711	42	TCRBV24	TCRBV24	unresolved			TCRBV24-01,TCRBV24-or09_02		TCRBD01-01*01	TCRBD01	TCRBD01-01	1.0				TCRBJ02-03*01	TCRBJ02	TCRBJ02-03	1.0				9	6	3	0	2	5	39	48	54	63	65	1	In	VDJ							0.0
1210	CAGCGCACAGAGCAGGGGGACTCGGCCATGTATCTCTGTGCCAGCAGCCTCTCAGCCGGGGATGACAATGAGCAGTTCTTCGGGCCA	CASSLSAGDDNEQFF	1	0.03005711	45	TCRBV07-09	TCRBV07	TCRBV07-09				01,03	TCRBD02-01*01	TCRBD02	TCRBD02-01	1.0				TCRBJ02-01*01	TCRBJ02	TCRBJ02-01	1.0				5	8	8	3	3	5	36	48	56	61	64	1	In	VDJ							0.0
1211	TCCAGCGCACAGAGCAGGGGGACTCAGCTGTGTATCTCTGTGCCAGCAGCTTGGACAGATTTTAATTCACCCCTCCACTTTGGGAAC		1	0.03005711	43	TCRBV07-04*01	TCRBV07	TCRBV07-04	1.0				TCRBD01-01*01	TCRBD01	TCRBD01-01	1.0				TCRBJ01-06*01	TCRBJ01	TCRBJ01-06	1.0				3	0	1	5	4	6	38	-1	52	58	62	1	Out	VDJ							0.0
1212	ATCCAGCGCACACAGCAGGAGGACTCCGCCGTGTATCTCTGTGCCAGCAGCTTCGGTAGCGGACCCTACGAGCAGTACTTCGGGCCG	CASSFGSGPYEQYF	1	0.03005711	42	TCRBV07-08*01	TCRBV07	TCRBV07-08	1.0				TCRBD02-01	TCRBD02	TCRBD02-01				01,02	TCRBJ02-07*01	TCRBJ02	TCRBJ02-07	1.0				3	3	5	5	2	2	39	53	56	62	64	1	In	VDJ							0.0
1213	TCCTTGGAGCTGGGGGACTCAGCCCTGTACTTCTGTGCCAGCAGCTTAGGGGCTCTGGCCGGATCCTACGAGCAGTACTTCGGGCCG	CASSLGALAGSYEQYF	1	0.03005711	48	TCRBV13-01*01	TCRBV13	TCRBV13-01	1.0				unresolved		unresolved		TCRBD01,TCRBD02	TCRBD01-01,TCRBD02-01		TCRBJ02-07*01	TCRBJ02	TCRBJ02-07	1.0				0	10	1	8	0	1	33	50	60	-1	63	1	In	VDJ							0.0
1214	AAGATCCAGCGCACACAGCAGGAGGACTCCGCCGTGTATCTCTGTGCCAGCAGCATCCGTGAACTCTATGGCTACACCTTCGGTTCG	CASSIRELYGYTF	1	0.03005711	39	TCRBV07-08*01	TCRBV07	TCRBV07-08	1.0				TCRBD02-01	TCRBD02	TCRBD02-01				01,02	TCRBJ01-02*01	TCRBJ01	TCRBJ01-02	1.0				5	8	3	10	0	4	42	54	62	-1	65	1	In	VDJ							0.0
1215	CTGGAGTCGGCTGCTCCCTCCCAGACATCTGTGTACTTCTGTGCCAGCAGTGAGATACAGGGTAATCAGCCCCAGCATTTTGGTGAT	CASSEIQGNQPQHF	1	0.03005711	42	TCRBV06-01*01	TCRBV06	TCRBV06-01	1.0				TCRBD01-01*01	TCRBD01	TCRBD01-01	1.0				TCRBJ01-05*01	TCRBJ01	TCRBJ01-05	1.0				3	3	3	3	1	4	39	53	56	62	63	1	In	VDJ							0.0
1216	ACCAGTGCCCATCCTGAAGACAGCAGCTTCTACATCTGCAGTGCTAGAGATTGGGGACCAGGGGGTCAGCCCCAGCATTTTGGTGAT	CSARDWGPGGQPQHF	1	0.03005711	45	TCRBV20	TCRBV20	unresolved			TCRBV20-01,TCRBV20-or09_02		TCRBD01-01*01	TCRBD01	TCRBD01-01	1.0				TCRBJ01-05*01	TCRBJ01	TCRBJ01-05	1.0				0	8	4	1	0	6	36	50	58	-1	65	1	In	VDJ							0.0
1217	CGGTCCACAAAGCTGGAGGACTCAGCCATGTACTTCTGTGCCAGCAGGGGACAGGGAGGCCGTAATGAAAAACTGTTTTTTGGCAGT	CASRGQGGRNEKLFF	1	0.03005711	45	TCRBV02-01*01	TCRBV02	TCRBV02-01	1.0				TCRBD01-01*01	TCRBD01	TCRBD01-01	1.0				TCRBJ01-04*01	TCRBJ01	TCRBJ01-04	1.0				6	0	0	3	6	4	36	-1	47	56	62	1	In	VDJ							0.0
1218	AACGCCTTGTTGCTGGGGGACTCGGCCCTCTATCTCTGTGCCAGCAGCTTGTCGGGGCTAGCCGATGAAAAACTGTTTTTTGGCAGT	CASSLSGLADEKLFF	1	0.03005711	45	TCRBV05-06*01	TCRBV05	TCRBV05-06	1.0				unresolved		unresolved		TCRBD01,TCRBD02	TCRBD01-01,TCRBD02-01		TCRBJ01-04*01	TCRBJ01	TCRBJ01-04	1.0				1	2	7	0	6	6	36	51	53	58	64	1	In	VDJ							0.0
1219	ACCTTGGAGCTGGGGGACTCGGCCCTTTATCTTTGCGCCAGCAGCTCAACTCAGGTGGGGGGCAACACTGAAGCTTTCTTTGGACAA	CASSSTQVGGNTEAFF	1	0.03005711	48	TCRBV05-01*01	TCRBV05	TCRBV05-01	1.0				unresolved		unresolved		TCRBD01,TCRBD02	TCRBD01-01,TCRBD02-01		TCRBJ01-01*01	TCRBJ01	TCRBJ01-01	1.0				3	11	6	0	0	2	33	46	57	-1	63	1	In	VDJ							0.0
1220	CTCTGGAGTCCGCTACCAGCTCCCAGACATCTGTGTACTTCTGTGCCATCCATGGTGGGGGGCGGCACTGAAGCTTTCTTTGGACAA		1	0.03005711	40	TCRBV10-03*01	TCRBV10	TCRBV10-03	1.0				unresolved		unresolved		TCRBD01,TCRBD02	TCRBD01-01,TCRBD02-01		TCRBJ01-01*01	TCRBJ01	TCRBJ01-01	1.0				8	7	6	0	2	4	41	50	57	63	65	1	Out	VDJ							0.0
1221	CTTCACCTACACGCCCTGCAGCCAGAAGACTCAGCCCTGTATCTCTGCGCCAGCAGCGGACAGGGGGCTGAAGCTTTCTTTGGACAA	CASSGQGAEAFF	1	0.03005711	36	TCRBV04-01*01	TCRBV04	TCRBV04-01	1.0				TCRBD01-01*01	TCRBD01	TCRBD01-01	1.0				TCRBJ01-01*01	TCRBJ01	TCRBJ01-01	1.0				5	0	1	1	0	6	45	-1	57	-1	67	1	In	VDJ							0.0
1222	AAGATCCAGCCTGCAAAGCTTGAGGACTCGGCCGTGTATCTCTGTGCCAGCAGCTTATGGGGAACCGGGGAGCTGTTTTTTGGAGAA	CASSLWGTGELFF	1	0.03005711	39	TCRBV11-02*02	TCRBV11	TCRBV11-02	2.0				unresolved		unresolved		TCRBD01,TCRBD02	TCRBD01-01,TCRBD02-01		TCRBJ02-02*01	TCRBJ02	TCRBJ02-02	1.0				2	2	0	8	0	5	42	57	59	-1	63	1	In	VDJ							0.0
1223	CAGCGCACAGAGCAGGGGGACTCGGCCATGTATCTCTGTGCCAGCAGCCCCGGTGGGGGGAGCACAGATACGCAGTATTTTGGCCCA	CASSPGGGSTDTQYF	1	0.03005711	45	TCRBV07-09	TCRBV07	TCRBV07-09				01,03	TCRBD02-01*01	TCRBD02	TCRBD02-01	1.0				TCRBJ02-03*01	TCRBJ02	TCRBJ02-03	1.0				5	6	9	1	0	0	36	48	54	-1	60	1	In	VDJ							0.0
1224	CTGGAGTCCGCTACCAGCTCCCAGACATCTGTGTACTTCTGTGCCATCAGTGAGGGGACTAGCTCAGATACGCAGTATTTTGGCCCA	CAISEGTSSDTQYF	1	0.03005711	42	TCRBV10-03*01	TCRBV10	TCRBV10-03	1.0				TCRBD02-01	TCRBD02	TCRBD02-01				01,02	TCRBJ02-03*01	TCRBJ02	TCRBJ02-03	1.0				2	0	0	7	1	4	39	-1	54	63	64	1	In	VDJ							0.0
1225	GTGAACGCCTTGTTGCTGGGGGACTCGGCCCTCTATCTCTGTGCCAGCAGCCCGTACAGCTTTCAAGAGACCCAGTACTTCGGGCCA	CASSPYSFQETQYF	1	0.03005711	42	TCRBV05-06*01	TCRBV05	TCRBV05-06	1.0				TCRBD01-01*01	TCRBD01	TCRBD01-01	1.0				TCRBJ02-05*01	TCRBJ02	TCRBJ02-05	1.0				4	4	3	5	4	2	39	51	55	59	63	1	In	VDJ							0.0
1226	CTGCTGTCGGCTGCTCCCTCCCAGACATCTGTGTACTTCTGTGCCAGCAGTTACGTAACAAATAATTCACCCCTCCACTTTGGGAAC	CASSYVTNNSPLHF	1	0.03005711	42	TCRBV06-05*01	TCRBV06	TCRBV06-05	1.0				TCRBD01-01*01	TCRBD01	TCRBD01-01	1.0				TCRBJ01-06*01	TCRBJ01	TCRBJ01-06	1.0				2	3	3	6	1	5	39	54	57	60	61	1	In	VDJ							0.0
1227	CCAGGCCTGGGGGACGCAGCCATGTACCTGTGTGCCACCAGCAATCTCCCCGGGAACCCGGGGGATTCACCCCTCCACTTTGGGAAC	CATSNLPGNPGDSPLHF	1	0.03005711	51	TCRBV15-01*01	TCRBV15	TCRBV15-01	1.0				TCRBD02-01*01	TCRBD02	TCRBD02-01	1.0				TCRBJ01-06*01	TCRBJ01	TCRBJ01-06	1.0				4	15	8	2	0	8	30	43	58	-1	64	1	In	VDJ							0.0
1228	CTGGAGTCCGCTACCAGCTCCCAGACATCTGTGTACTTCTGTGCCATCAGGGACGATGGGGGCTTAAACATTCAGTACTTCGGCGCC	CAIRDDGGLNIQYF	1	0.03005711	42	TCRBV10-03*01	TCRBV10	TCRBV10-03	1.0				TCRBD01-01*01	TCRBD01	TCRBD01-01	1.0				TCRBJ02-04*01	TCRBJ02	TCRBJ02-04	1.0				6	7	6	0	2	6	39	50	57	63	65	1	In	VDJ							0.0
1229	ATGAGCTCCTTGGAGCTGGGGGACTCAGCCCTGTACTTCTGTGCCAGCAGCTTCGGACAGGGGGCGAGAGAGCAGTACTTCGGGCCG	CASSFGQGAREQYF	1	0.03005711	42	TCRBV13-01*01	TCRBV13	TCRBV13-01	1.0				TCRBD01-01*01	TCRBD01	TCRBD01-01	1.0				TCRBJ02-07*01	TCRBJ02	TCRBJ02-07	1.0				3	1	1	0	4	7	39	53	54	65	69	1	In	VDJ							0.0
1230	CTACACGCCCTGCAGCCAGAAGACTCAGCCCTGTATCTCTGCGCCAGCAGCCAACGCGGGTACAGTGACGAGCAGTACTTCGGGCCG	CASSQRGYSDEQYF	1	0.03005711	42	TCRBV04-01*01	TCRBV04	TCRBV04-01	1.0				TCRBD02-01	TCRBD02	TCRBD02-01				01,02	TCRBJ02-07*01	TCRBJ02	TCRBJ02-07	1.0				2	1	7	4	7	5	39	54	55	60	67	1	In	VDJ							0.0
1231	GCCCATCCTGAAGACAGCAGCTTCTACATCTGCAGTGCTAGACCCACCATTGGACTAGCGGACCACTACGAGCAGTACTTCGGGCCG	CSARPTIGLADHYEQYF	1	0.03005711	51	TCRBV20	TCRBV20	unresolved			TCRBV20-01,TCRBV20-or09_02		TCRBD02-01	TCRBD02	TCRBD02-01				01,02	TCRBJ02-07*01	TCRBJ02	TCRBJ02-07	1.0				2	9	1	5	4	3	30	42	51	61	65	1	In	VDJ							0.0
1232	ATCCGGTCCACAAAGCTGGAGGACTCAGCCATGTACTTCTGTGCCAGCAGTGATAGGAGGCAGGCCTACGAGCAGTACTTCGGGCCG	CASSDRRQAYEQYF	1	0.03005711	42	TCRBV02-01*01	TCRBV02	TCRBV02-01	1.0				TCRBD02-01*02	TCRBD02	TCRBD02-01	2.0				TCRBJ02-07*01	TCRBJ02	TCRBJ02-07	1.0				3	2	10	1	4	2	39	53	55	60	64	1	In	VDJ							0.0
1233	CGCACACAGCAGGAGGACTCGGCCGTGTATCTCTGTGCCAGCAGGACCCGGCAGACACTTAGCTCCTACGAGCAGTACTTCGGGCCG	CASRTRQTLSSYEQYF	1	0.03005711	48	TCRBV07-02*01	TCRBV07	TCRBV07-02	1.0				TCRBD01-01*01	TCRBD01	TCRBD01-01	1.0				TCRBJ02-07*01	TCRBJ02	TCRBJ02-07	1.0				6	9	2	6	5	0	33	44	53	57	62	1	In	VDJ							0.0
1234	GTCCGCTACCAGCTCCCAGACATCTGTGTACTTCTGTGCCATCAGTGAGTCGAGCGATATAGCAATCAGCCCCAGCATTTTGGTGAT		1	0.03005711	47	TCRBV10-03*01	TCRBV10	TCRBV10-03	1.0				TCRBD02-01	TCRBD02	TCRBD02-01				01,02	TCRBJ01-05*01	TCRBJ01	TCRBJ01-05	1.0				0	1	6	6	3	0	34	51	52	56	59	1	Out	VDJ							0.0
1235	TCGGCTGCTCCCTCCCAAACATCTGTGTACTTCTGTGCCAGCAGTTACCATCGTGCCCCTAGCAATCAGCCCCAGCATTTTGGTGAT	CASSYHRAPSNQPQHF	1	0.03005711	48	TCRBV06	TCRBV06	unresolved			TCRBV06-02,TCRBV06-03		unresolved		unresolved		TCRBD01,TCRBD02	TCRBD01-01,TCRBD02-01		TCRBJ01-05*01	TCRBJ01	TCRBJ01-05	1.0				2	0	4	6	9	0	33	-1	48	50	59	1	In	VDJ							0.0
1236	GAGTCGGCTGCTCCCTCCCAGACATCTGTGTACTTCTGTGCCAGCAGTCTGGGGGACAGGGTAGATCAGCCCCAGCATTTTGGTGAT	CASSLGDRVDQPQHF	1	0.03005711	45	TCRBV06-01*01	TCRBV06	TCRBV06-01	1.0				TCRBD01-01*01	TCRBD01	TCRBD01-01	1.0				TCRBJ01-05*01	TCRBJ01	TCRBJ01-05	1.0				5	4	0	3	3	5	36	48	52	61	64	1	In	VDJ							0.0
1237	ATCCAGCGCACACAGCAGGAGGACTCGGCCGTGTATCTCTGTGCCAGCAGCTTGGCTGGAGACCTAGAAAAACTGTTTTTTGGCAGT	CASSLAGDLEKLFF	1	0.03005711	42	TCRBV07-02*01	TCRBV07	TCRBV07-02	1.0				TCRBD02-01*02	TCRBD02	TCRBD02-01	2.0				TCRBJ01-04*01	TCRBJ01	TCRBJ01-04	1.0				3	4	10	2	5	8	39	53	57	61	66	1	In	VDJ							0.0
1238	CCCTCAGAACCCAGGGACTCAGCTGTGTACTTCTGTGCCAGCAGTATGCGACTAACTGCAACTAATGAAAAACTGTTTTTTGGCAGT	CASSMRLTATNEKLFF	1	0.03005711	48	TCRBV12	TCRBV12	unresolved			TCRBV12-03,TCRBV12-04		TCRBD02-01	TCRBD02	TCRBD02-01				01,02	TCRBJ01-04*01	TCRBJ01	TCRBJ01-04	1.0				5	4	2	9	4	0	33	45	49	54	58	1	In	VDJ							0.0
1239	ACAGTGACCAGTGCCCATCCTGAAGACAGCAGCTTCTACATCTGCAGTGCTAGAGGGGATATTAATGAAAAACTGTTTTTTGGCAGT	CSARGDINEKLFF	1	0.03005711	39	TCRBV20	TCRBV20	unresolved			TCRBV20-01,TCRBV20-or09_02		unresolved		unresolved		TCRBD01,TCRBD02	TCRBD01-01,TCRBD02-01		TCRBJ01-04*01	TCRBJ01	TCRBJ01-04	1.0				1	0	0	8	3	4	42	-1	55	59	62	1	In	VDJ							0.0
1240	ATCCAGCCCTCAGAACCCAGGGACTCAGCTGTGTACTTCTGTGCCAGCAGTTTCGGCCACCCGAACACTGAAGCTTTCTTTGGACAA	CASSFGHPNTEAFF	1	0.03005711	42	TCRBV12	TCRBV12	unresolved			TCRBV12-03,TCRBV12-04		unresolved		unresolved		TCRBD01,TCRBD02	TCRBD01-01,TCRBD02-01		TCRBJ01-01*01	TCRBJ01	TCRBJ01-01	1.0				3	1	9	0	5	1	39	53	54	57	62	1	In	VDJ							0.0
1241	TCCACTCTGACAGTGACCAGTGCCCATCCTGAAGACAGCAGCTTCTACATCTGCAGTGCTAGTCTGACTGAAGCTTTCTTTGGACAA	CSASLTEAFF	1	0.03005711	30	TCRBV20-01*01	TCRBV20	TCRBV20-01	1.0				TCRBD02-01	TCRBD02	TCRBD02-01				01,02	TCRBJ01-01*01	TCRBJ01	TCRBJ01-01	1.0				3	1	4	10	1	5	51	62	63	65	66	1	In	VDJ							0.0
1242	CGCCTTGTTGCTGGGGGACTCGGCCCTCTATCTCTGTGCCAGCAGCTGCGGGGAGTGCATAGCACAGATACGCAGTATTTTGGCCCA		1	0.03005711	47	TCRBV05-06*01	TCRBV05	TCRBV05-06	1.0				TCRBD02-01*01	TCRBD02	TCRBD02-01	1.0				TCRBJ02-03*01	TCRBJ02	TCRBJ02-03	1.0				3	0	7	3	7	0	34	-1	47	53	60	1	Out	VDJ							0.0
1243	TTGTTGCTGGGGGACTCGGCCCTCTATCTCTGTGCCAGCAGCCCAGACGGAGGACGATATGTCACAGATACGCAGTATTTTGGCCCA	CASSPDGGRYVTDTQYF	1	0.03005711	51	TCRBV05-06*01	TCRBV05	TCRBV05-06	1.0				TCRBD02-01*02	TCRBD02	TCRBD02-01	2.0				TCRBJ02-03*01	TCRBJ02	TCRBJ02-03	1.0				4	6	10	1	9	2	30	42	48	53	62	1	In	VDJ							0.0
1244	TCAGAACCCAGGGACTCAGCTGTGTACTTCTGTGCCAGCAGCCCCGGACAGGGAAGCTCCTATAATTCACCCCTCCACTTTGGGAAC	CASSPGQGSSYNSPLHF	1	0.03005711	51	TCRBV12	TCRBV12	unresolved			TCRBV12-03,TCRBV12-04		TCRBD01-01*01	TCRBD01	TCRBD01-01	1.0				TCRBJ01-06*01	TCRBJ01	TCRBJ01-06	1.0				6	4	1	3	3	0	30	41	45	53	56	1	In	VDJ							0.0
1245	TCACCAGGCCTGGGGGACGCAGCCATGTACCTGTGTGCCACCAGCAGAGAGGGGGGTCGAGGGCTAAACGTCCTGACTTTCGGGGCC	CATSREGGRGLNVLTF	1	0.03005711	48	TCRBV15-01*01	TCRBV15	TCRBV15-01	1.0				TCRBD02-01*01	TCRBD02	TCRBD02-01	1.0				TCRBJ02-06*01	TCRBJ02	TCRBJ02-06	1.0				0	0	9	1	10	10	33	-1	50	56	66	1	In	VDJ							0.0
1246	CTGCTGTCGGCTGCTCCCTCCCAGACATCTGTGTACTTCTGTGCCATCGCCCAGGGGCGAGGGGCCAACGTCCTGACTTTCGGGGCC	CAIAQGRGANVLTF	1	0.03005711	42	TCRBV06-05*01	TCRBV06	TCRBV06-05	1.0				TCRBD01-01*01	TCRBD01	TCRBD01-01	1.0				TCRBJ02-06*01	TCRBJ02	TCRBJ02-06	1.0				10	5	4	2	3	4	39	46	51	57	60	1	In	VDJ							0.0
1247	AATGTGAGCACCTTGGAGCTGGGGGACTCGGCCCTTTATCTTTGCGCCAGCAGCTACACTGGGGCCAACGTCCTGACTTTCGGGGCC	CASSYTGANVLTF	1	0.03005711	39	TCRBV05-01*01	TCRBV05	TCRBV05-01	1.0				TCRBD01-01*01	TCRBD01	TCRBD01-01	1.0				TCRBJ02-06*01	TCRBJ02	TCRBJ02-06	1.0				3	0	3	6	0	2	42	-1	55	-1	58	1	In	VDJ							0.0
1248	ATCCGGTCCACAAAGCTGGAGGACTCAGCCATGTACTTCTGTGCCAGCAGGGCCGGGACAGGTCCCTACGAGCAGTACTTCGGGCCG	CASRAGTGPYEQYF	1	0.03005711	42	TCRBV02-01*01	TCRBV02	TCRBV02-01	1.0				TCRBD01-01*01	TCRBD01	TCRBD01-01	1.0				TCRBJ02-07*01	TCRBJ02	TCRBJ02-07	1.0				6	4	0	4	2	2	39	50	54	62	64	1	In	VDJ							0.0
1249	ATTCAGCGCACAGAGCAGCGGGACTCAGCCATGTATCGCTGTGCTAGCAGCTTCCGGACTAGCGGGTACGAGCAGTACTTCGGGCCG	CASSFRTSGYEQYF	1	0.03005711	42	TCRBV07-07*01	TCRBV07	TCRBV07-07	1.0				TCRBD02-01	TCRBD02	TCRBD02-01				01,02	TCRBJ02-07*01	TCRBJ02	TCRBJ02-07	1.0				3	2	1	4	0	4	39	53	55	-1	66	1	In	VDJ							0.0
1250	CACCTACACGCCCTGCAGCCAGAAGACTCAGCCCTGTATCTCTGCGCCAGCAGCCAACGGACTAGCGGCGAGCAGTACTTCGGGCCG	CASSQRTSGEQYF	1	0.03005711	39	TCRBV04-01*01	TCRBV04	TCRBV04-01	1.0				TCRBD02-01	TCRBD02	TCRBD02-01				01,02	TCRBJ02-07*01	TCRBJ02	TCRBJ02-07	1.0				2	1	1	5	0	6	42	57	58	-1	68	1	In	VDJ							0.0
1251	CAGCGCACACAGCAGGAGGACTCGGCCGTGTATCTCTGTGCCAGCAGCCTAAATACAGGGGCGGCTAGGGGCTACACCTTCGGTTCG	CASSLNTGAARGYTF	1	0.03005711	45	TCRBV07-02*01	TCRBV07	TCRBV07-02	1.0				TCRBD01-01*01	TCRBD01	TCRBD01-01	1.0				TCRBJ01-02*01	TCRBJ01	TCRBJ01-02	1.0				5	6	3	2	8	8	36	48	54	61	69	1	In	VDJ							0.0
1252	TCAGAACCCAGGGACTCAGCTGTGTACTTCTGTGCCAGCAGCCCAGGTGGAATTGGACAGCCCTACTATGGCTACACCTTCGGTTCG	CASSPGGIGQPYYGYTF	1	0.03005711	51	TCRBV12	TCRBV12	unresolved			TCRBV12-03,TCRBV12-04		TCRBD01-01*01	TCRBD01	TCRBD01-01	1.0				TCRBJ01-02*01	TCRBJ01	TCRBJ01-02	1.0				6	13	1	5	4	3	30	41	54	60	64	1	In	VDJ							0.0
1253	AGGATCCAGCAGGTAGTGCGAGGAGATTCGGCAGCTTATTTCTGTGCCAGCTCACCAGAGGGAACCTATGGCTACACCTTCGGTTCG	CASSPEGTYGYTF	1	0.03005711	39	TCRBV18-01*01	TCRBV18	TCRBV18-01	1.0				TCRBD02-01*02	TCRBD02	TCRBD02-01	2.0				TCRBJ01-02*01	TCRBJ01	TCRBJ01-02	1.0				2	0	11	0	3	4	42	-1	57	62	65	1	In	VDJ							0.0
1254	GAGTCGGCTGCTCCCTCCCAAACATCTGTGTACTTCTGTGCCAGCAGTCAGGACAGGGGAGAAGGGCAGCCCCAGCATTTTGGTGAT	CASSQDRGEGQPQHF	1	0.03005711	45	TCRBV06	TCRBV06	unresolved			TCRBV06-02,TCRBV06-03		TCRBD01-01*01	TCRBD01	TCRBD01-01	1.0				TCRBJ01-05*01	TCRBJ01	TCRBJ01-05	1.0				5	2	1	2	7	7	36	48	50	59	66	1	In	VDJ							0.0
1255	GCTGCTCCCTCCCAGACATCTGTGTACTTCTGTGCCAGCAGTGAAGGGTTCGACAGCTATAGCAATCAGCCCCAGCATTTTGGTGAT	CASSEGFDSYSNQPQHF	1	0.03005711	51	TCRBV06-01*01	TCRBV06	TCRBV06-01	1.0				TCRBD01-01*01	TCRBD01	TCRBD01-01	1.0				TCRBJ01-05*01	TCRBJ01	TCRBJ01-05	1.0				1	5	2	5	3	0	30	46	51	56	59	1	In	VDJ							0.0
1256	GTGACCAGTGCCCATCCTGAAGACAGCAGCTTCTACATCTGCAGTGCTAGTATATTTGGGGACGATCAGCCCCAGCATTTTGGTGAT	CSASIFGDDQPQHF	1	0.03005711	42	TCRBV20	TCRBV20	unresolved			TCRBV20-01,TCRBV20-or09_02		unresolved		unresolved		TCRBD01,TCRBD02	TCRBD01-01,TCRBD02-01		TCRBJ01-05*01	TCRBJ01	TCRBJ01-05	1.0				3	8	0	7	1	5	39	50	58	63	64	1	In	VDJ							0.0
1257	GCCCTGCAGCCAGAAGACTCAGCCCTGTATCTCTGCGCCAGCAGCCAAGCAGCAGGGGGCGCGGGTCAGCCCCAGCATTTTGGTGAT	CASSQAAGGAGQPQHF	1	0.03005711	48	TCRBV04-01*01	TCRBV04	TCRBV04-01	1.0				TCRBD01-01*01	TCRBD01	TCRBD01-01	1.0				TCRBJ01-05*01	TCRBJ01	TCRBJ01-05	1.0				1	3	4	0	5	6	33	49	52	60	65	1	In	VDJ							0.0
1258	GAGCTGAATGTGAACGCCTTGGAGCTGGACGACTCGGCCCTGTATCTCTGTGCCAGCTCCCTGAACACTGAAGCTTTCTTTGGACAA	CASSLNTEAFF	1	0.03005711	33	TCRBV05-04*01	TCRBV05	TCRBV05-04	1.0				unresolved		unresolved					TCRBJ01-01*01	TCRBJ01	TCRBJ01-01	1.0				7	0	0	0	4	0	48	-1	-1	57	61	1	In	VJ							0.0
1259	ACAGTGACCAGTGCCCATCCTGAAGACAGCAGCTTCTACATCTGCAGTGCTAGAATGACAGAAGACACTGAAGCTTTCTTTGGACAA	CSARMTEDTEAFF	1	0.03005711	39	TCRBV20	TCRBV20	unresolved			TCRBV20-01,TCRBV20-or09_02		TCRBD01-01*01	TCRBD01	TCRBD01-01	1.0				TCRBJ01-01*01	TCRBJ01	TCRBJ01-01	1.0				2	2	2	5	3	3	42	54	56	61	64	1	In	VDJ							0.0
1260	GTGAACGCCTTGGAGCTGGACGACTCGGCCCTGTATCTCTGTGCCAGCAGCTCCACAGGGAGTGGCACTGAAGCTTTCTTTGGACAA	CASSSTGSGTEAFF	1	0.03005711	42	TCRBV05-04*01	TCRBV05	TCRBV05-04	1.0				TCRBD01-01*01	TCRBD01	TCRBD01-01	1.0				TCRBJ01-01*01	TCRBJ01	TCRBJ01-01	1.0				3	2	3	3	5	4	39	52	54	60	65	1	In	VDJ							0.0
1261	CCGCTCAGGCTGCTGTCGGCTGCTCCCTCCCAGACATCTGTGTACTTCTGTGCCAGCACCCAGGGGGCGCGAGCTTTCTTTGGACAA	CASTQGARAFF	1	0.03005711	33	TCRBV06-05*01	TCRBV06	TCRBV06-05	1.0				TCRBD01-01*01	TCRBD01	TCRBD01-01	1.0				TCRBJ01-01*01	TCRBJ01	TCRBJ01-01	1.0				7	2	4	0	3	10	48	58	60	68	71	1	In	VDJ							0.0
1262	GGCTGCTGTCGGCTGCTCCCTCCCAGACATCTGTGTACTTCTGTGCCACCATTGACTAGCTGATCCGAGACCCAGTACTTCGGGCCA		1	0.03005711	40	TCRBV06-05*01	TCRBV06	TCRBV06-05	1.0				TCRBD02-01	TCRBD02	TCRBD02-01				01,02	TCRBJ02-05*01	TCRBJ02	TCRBJ02-05	1.0				10	5	2	7	6	5	41	48	53	60	66	1	Out	VDJ							0.0
1263	AATGTGAACGCCTTGGAGCTGGACGACTCGGCCCTGTATCTCTGTGCCAGCAGCACGAAGGCGGGTGAGACCCAGTACTTCGGGCCA	CASSTKAGETQYF	1	0.03005711	39	TCRBV05-04*01	TCRBV05	TCRBV05-04	1.0				TCRBD02-01	TCRBD02	TCRBD02-01				01,02	TCRBJ02-05*01	TCRBJ02	TCRBJ02-05	1.0				4	6	7	4	1	5	42	54	60	65	66	1	In	VDJ							0.0
1264	ATCCAGCGCACAGAGCAGGGGGACTCGGCCATGTATCTCTGTGCCAGCAGCTTAGCGGGCACTTACAATGAGCAGTTCTTCGGGCCA	CASSLAGTYNEQFF	1	0.03005711	42	TCRBV07-09	TCRBV07	TCRBV07-09				01,03	TCRBD01-01*01	TCRBD01	TCRBD01-01	1.0				TCRBJ02-01*01	TCRBJ02	TCRBJ02-01	1.0				0	0	8	0	3	4	39	-1	56	60	63	1	In	VDJ							0.0
1265	AGTGCCCATCCTGAAGACAGCAGCTTCTACATCTGCAGTGCTAGTGGAGCTAGCGGGGGGGCCGTGAATGAGCAGTTCTTCGGGCCA	CSASGASGGAVNEQFF	1	0.03005711	48	TCRBV20	TCRBV20	unresolved			TCRBV20-01,TCRBV20-or09_02		TCRBD02-01*01	TCRBD02	TCRBD02-01	1.0				TCRBJ02-01*01	TCRBJ02	TCRBJ02-01	1.0				3	5	4	0	5	7	33	44	49	61	66	1	In	VDJ							0.0
1266	GTAGTGCGAGGAGATTCGGCAGCTTATTTCTGTGCCAGCTCACCCCTAGCCGACGGGGGCAGCTCCTACGAGCAGTACTTCGGGCCG	CASSPLADGGSSYEQYF	1	0.03005711	51	TCRBV18-01*01	TCRBV18	TCRBV18-01	1.0				unresolved		unresolved		TCRBD01,TCRBD02	TCRBD01-01,TCRBD02-01		TCRBJ02-07*01	TCRBJ02	TCRBJ02-07	1.0				3	10	6	0	2	0	30	44	54	60	62	1	In	VDJ							0.0
1267	CGCTCACCAGGCCTGGGGGACGCAGCCATGTACCTGTGTGCCACCAGCAGAGAACAGGGAGGCTCCTACGAGCAGTACTTCGGGCCG	CATSREQGGSYEQYF	1	0.03005711	45	TCRBV15-01*01	TCRBV15	TCRBV15-01	1.0				unresolved		unresolved		TCRBD01,TCRBD02	TCRBD01-01,TCRBD02-01		TCRBJ02-07*01	TCRBJ02	TCRBJ02-07	1.0				0	0	3	3	3	0	36	-1	53	59	62	1	In	VDJ							0.0
1268	GCCCAGCCCCAACCAGACCTCTCTGTACTTCTGTGCCAGCAGTTCCGATGACAGGGAATCACTAACTATGGCTACACCTTCGGTTCG		1	0.03005711	50	TCRBV27-01*01	TCRBV27	TCRBV27-01	1.0				TCRBD01-01*01	TCRBD01	TCRBD01-01	1.0				TCRBJ01-02*01	TCRBJ01	TCRBJ01-02	1.0				4	5	2	3	5	0	31	44	49	56	61	1	Out	VDJ							0.0
1269	AACGCCTTGTTGCTGGGGGACTCGGCCCTCTATCTCTGTGCCAGCAGCGCGAACAGGGGGCGCGCCTATGGCTACACCTTCGGTTCG	CASSANRGRAYGYTF	1	0.03005711	45	TCRBV05-06*01	TCRBV05	TCRBV05-06	1.0				TCRBD01-01*01	TCRBD01	TCRBD01-01	1.0				TCRBJ01-02*01	TCRBJ01	TCRBJ01-02	1.0				4	4	3	0	4	4	36	48	52	61	65	1	In	VDJ							0.0
1270	AAGATCCGGTCCACAAAGCTGGAGGACTCAGCCATGTACTTCTGTGCCAGCAGTGAATTCAGGGGGCCTGGCTACACCTTCGGTTCG	CASSEFRGPGYTF	1	0.03005711	39	TCRBV02-01*01	TCRBV02	TCRBV02-01	1.0				TCRBD01-01*01	TCRBD01	TCRBD01-01	1.0				TCRBJ01-02*01	TCRBJ01	TCRBJ01-02	1.0				2	2	4	0	1	7	42	57	59	67	68	1	In	VDJ							0.0
1271	TCGGCTGCTCCCTCCCAAACATCTGTGTACTTCTGTGCCAGCAGTTGGGGGGGAGGTTATAGCAATCAGCCCCAGCATTTTGGTGAT	CASSWGGGYSNQPQHF	1	0.03005711	48	TCRBV06	TCRBV06	unresolved			TCRBV06-02,TCRBV06-03		TCRBD02-01*01	TCRBD02	TCRBD02-01	1.0				TCRBJ01-05*01	TCRBJ01	TCRBJ01-05	1.0				4	0	9	0	6	0	33	-1	46	53	59	1	In	VDJ							0.0
1272	TCAGAACCCAGGGACTCAGCTGTGTACTTCTGTGCCAGCAGTTTAGGATCCGGGACAGTTCTTAATCAGCCCCAGCATTTTGGTGAT	CASSLGSGTVLNQPQHF	1	0.03005711	51	TCRBV12	TCRBV12	unresolved			TCRBV12-03,TCRBV12-04		TCRBD01-01*01	TCRBD01	TCRBD01-01	1.0				TCRBJ01-05*01	TCRBJ01	TCRBJ01-05	1.0				1	5	0	5	5	4	30	46	51	58	63	1	In	VDJ							0.0
1273	GAGTCGGCTGCTCCCTCCCAAACATCTGTGTACTTCTGTGCCAGCACCCTAAGGAAGGAGCTGAACACTGAAGCTTTCTTTGGACAA	CASTLRKELNTEAFF	1	0.03005711	45	TCRBV06	TCRBV06	unresolved			TCRBV06-02,TCRBV06-03		TCRBD02-01*02	TCRBD02	TCRBD02-01	2.0				TCRBJ01-01*01	TCRBJ01	TCRBJ01-01	1.0				7	10	10	2	1	0	36	46	56	60	61	1	In	VDJ							0.0
1274	CAGCGCACAGAGCAGGGGGACTCGGCCATGTATCTCTGTGCCAGCAGCTTAGCTGCAGGGGGGGACACTGAAGCTTTCTTTGGACAA	CASSLAAGGDTEAFF	1	0.03005711	45	TCRBV07-09	TCRBV07	TCRBV07-09				01,03	unresolved		unresolved		TCRBD01,TCRBD02	TCRBD01-01,TCRBD02-01		TCRBJ01-01*01	TCRBJ01	TCRBJ01-01	1.0				0	2	4	1	2	3	36	53	55	62	64	1	In	VDJ							0.0
1275	CTGCTCCCTCCCAAACATCTGTGTACTTCTGTGCCAGCAGTTATCTCGTTTGGACCGAGGAACACCGGGGAGCTGTTTTTTGGAGAA		1	0.03005711	52	TCRBV06	TCRBV06	unresolved			TCRBV06-02,TCRBV06-03		unresolved		unresolved		TCRBD01,TCRBD02	TCRBD01-01,TCRBD02-01		TCRBJ02-02*01	TCRBJ02	TCRBJ02-02	1.0				3	8	1	7	4	1	29	43	51	55	59	1	Out	VDJ							0.0
1276	GTCTGCCATCCCCAACCAGACAGCTCTTTACTTCTGTGCCACCGGCAGCCACAGGGCTTTCGTCCCGGGGAGCTGTTTTTTGGAGAA		1	0.03005711	47	TCRBV24	TCRBV24	unresolved			TCRBV24-01,TCRBV24-or09_02		TCRBD01-01*01	TCRBD01	TCRBD01-01	1.0				TCRBJ02-02*01	TCRBJ02	TCRBJ02-02	1.0				9	7	3	3	8	6	34	43	50	56	64	1	Out	VDJ							0.0
1277	TTGGCTGCTCCCTCCCAGACATCTGTGTACTTCTGTGCCAGCAGCCGGACTAGCGGGGGGGTGCCAGATACGCAGTATTTTGGCCCA	CASSRTSGGVPDTQYF	1	0.03005711	48	TCRBV06-06	TCRBV06	TCRBV06-06				01,02	TCRBD02-01*01	TCRBD02	TCRBD02-01	1.0				TCRBJ02-03*01	TCRBJ02	TCRBJ02-03	1.0				6	2	1	0	3	4	33	44	46	61	64	1	In	VDJ							0.0
1278	TCGCCCAGCCCCAACCAGACCTCTCTGTACTTCTGTGCCAGCAGTTTTAGGAGATCCGCTTATAATTCACCCCTCCACTTTGGGAAC	CASSFRRSAYNSPLHF	1	0.03005711	48	TCRBV27-01*01	TCRBV27	TCRBV27-01	1.0				TCRBD02-01*02	TCRBD02	TCRBD02-01	2.0				TCRBJ01-06*01	TCRBJ01	TCRBJ01-06	1.0				3	2	10	2	7	4	33	47	49	53	60	1	In	VDJ							0.0
1279	AGCTCTCTGGAGCTGGGGGACTCAGCTTTGTATTTCTGTGCCAGCAGCGTAAAGGAGGGGTCGGGTTCACCCCTCCACTTTGGGAAC	CASSVKEGSGSPLHF	1	0.03005711	45	TCRBV09-01	TCRBV09	TCRBV09-01				01,02	TCRBD02-01*02	TCRBD02	TCRBD02-01	2.0				TCRBJ01-06*01	TCRBJ01	TCRBJ01-06	1.0				1	2	10	0	6	9	36	51	53	59	65	1	In	VDJ							0.0
1280	GAGCGGGGGGACTCAGCCGTGTATCTCTGTGCCAGCAGCTTATTGGGACTCCAAAGCTCTGGGGCCAACGTCCTGACTTTCGGGGCC	CASSLLGLQSSGANVLTF	1	0.03005711	54	TCRBV07-03*01	TCRBV07	TCRBV07-03	1.0				TCRBD02-01	TCRBD02	TCRBD02-01				01,02	TCRBJ02-06*01	TCRBJ02	TCRBJ02-06	1.0				2	2	0	10	6	0	27	42	44	50	56	1	In	VDJ							0.0
1281	CCTGAGCTCTCTGGAGCTGGGGGACTCAGCTTTGTATTTCTGTGCCAGCCCCATCGAGAAACTGGAAACACCATATATTTTGGAGAG		1	0.03005711	41	TCRBV09-01	TCRBV09	TCRBV09-01				01,02	TCRBD02-01*02	TCRBD02	TCRBD02-01	2.0				TCRBJ01-03*01	TCRBJ01	TCRBJ01-03	1.0				7	6	11	2	3	2	40	49	55	58	61	1	Out	VDJ							0.0
1282	ACCAGTGCCCATCCTGAAGACAGCAGCTTCTACATCTGCAGTGCTACCCAAGACAGGTCCTCTGGAAACACCATATATTTTGGAGAG	CSATQDRSSGNTIYF	1	0.03005711	45	TCRBV20	TCRBV20	unresolved			TCRBV20-01,TCRBV20-or09_02		TCRBD01-01*01	TCRBD01	TCRBD01-01	1.0				TCRBJ01-03*01	TCRBJ01	TCRBJ01-03	1.0				4	5	2	4	2	0	36	46	51	57	59	1	In	VDJ							0.0
1283	ATGAATGTGAGTGCCTTGGAGCTGGGGGACTCGGCCCTGTATCTCTGTGCCAGAAGCTTGGGGGACTACGAGCAGTACTTCGGGCCG	CARSLGDYEQYF	1	0.03005711	36	TCRBV05-03	TCRBV05	TCRBV05-03				01,02	unresolved		unresolved		TCRBD01,TCRBD02	TCRBD01-01,TCRBD02-01		TCRBJ02-07*01	TCRBJ02	TCRBJ02-07	1.0				0	0	0	8	0	3	45	-1	61	-1	65	1	In	VDJ							0.0
1284	CGGTCCACAAAGCTGGAGGACTCAGCCATGTACTTCTGTGCCAGCAGTGAAGGGCAGACACTCACCTACGAGCAGTACTTCGGGCCG	CASSEGQTLTYEQYF	1	0.03005711	45	TCRBV02-01*01	TCRBV02	TCRBV02-01	1.0				TCRBD01-01*01	TCRBD01	TCRBD01-01	1.0				TCRBJ02-07*01	TCRBJ02	TCRBJ02-07	1.0				1	4	2	6	4	2	36	52	56	60	64	1	In	VDJ							0.0
1285	GCTGCTCCCTCCCAGACATCTGTGTACTTCTGTGCCAGCAGTTATGGGACAGGGGGCCTAACTAACTATGGCTACACCTTCGGTTCG	CASSYGTGGLTNYGYTF	1	0.03005711	51	TCRBV06	TCRBV06	unresolved			TCRBV06-05,TCRBV06-06		TCRBD01-01*01	TCRBD01	TCRBD01-01	1.0				TCRBJ01-02*01	TCRBJ01	TCRBJ01-02	1.0				3	1	0	0	4	0	30	44	45	57	61	1	In	VDJ							0.0
1286	TTGGAGTCGGCTGCTCCCTCCCAAACATCTGTGTACTTCTGTGCCAGCAGTGGGGACGCAACTAATGAAAAACTGTTTTTTGGCAGT	CASSGDATNEKLFF	1	0.03005711	42	TCRBV06	TCRBV06	unresolved			TCRBV06-02,TCRBV06-03		unresolved		unresolved		TCRBD01,TCRBD02	TCRBD01-01,TCRBD02-01		TCRBJ01-04*01	TCRBJ01	TCRBJ01-04	1.0				5	1	0	7	1	0	39	51	52	57	58	1	In	VDJ							0.0
1287	GAGTTGGCTGCTCCCTCCCAGACATCTGTGTACTTCTGTGCCAGCAGCTATAGCGGGGGGACCACAGATACGCAGTATTTTGGCCCA	CASSYSGGTTDTQYF	1	0.03005711	45	TCRBV06-06	TCRBV06	TCRBV06-06				01,02	TCRBD02-01*01	TCRBD02	TCRBD02-01	1.0				TCRBJ02-03*01	TCRBJ02	TCRBJ02-03	1.0				6	3	5	1	2	2	36	47	50	60	62	1	In	VDJ							0.0
1288	CAGCCCTCAGAACCCAGGGACTCAGCTGTGTACTTCTGTGCCAGCAGTCTACCGGGGGGATCTCAAGAGACCCAGTACTTCGGGCCA	CASSLPGGSQETQYF	1	0.03005711	45	TCRBV12	TCRBV12	unresolved			TCRBV12-03,TCRBV12-04		TCRBD02-01*01	TCRBD02	TCRBD02-01	1.0				TCRBJ02-05*01	TCRBJ02	TCRBJ02-05	1.0				5	4	8	1	4	2	36	48	52	59	63	1	In	VDJ							0.0
1289	ATGAATGTGAGCACCTTGGAGCTGGGGGACTCGGCCCTTTATCTTTGCGCCAGCAGCCTGGGCTATGAGACCCAGTACTTCGGGCCA	CASSLGYETQYF	1	0.03005711	36	TCRBV05-01*01	TCRBV05	TCRBV05-01	1.0				TCRBD02-01	TCRBD02	TCRBD02-01				01,02	TCRBJ02-05*01	TCRBJ02	TCRBJ02-05	1.0				0	1	4	9	1	5	45	61	62	65	66	1	In	VDJ							0.0
1290	GTGACCAGTGCCCATCCTGAAGACAGCAGCTTCTACATCTGCAGTGCTTCCCGGATGCGGGGTGGGAATGAGCAGTTCTTCGGGCCA	CSASRMRGGNEQFF	1	0.03005711	42	TCRBV20	TCRBV20	unresolved			TCRBV20-01,TCRBV20-or09_02		TCRBD02-01*01	TCRBD02	TCRBD02-01	1.0				TCRBJ02-01*01	TCRBJ02	TCRBJ02-01	1.0				5	8	7	3	4	7	39	48	56	62	66	1	In	VDJ							0.0
1291	TTGGAGTCGGCTGCTCCCTCCCAAACATCTGTGTACTTCTGTGCCAGCAGTCCGCGGGGGGGCCGGAGTGAGCAGTTCTTCGGGCCA	CASSPRGGRSEQFF	1	0.03005711	42	TCRBV06	TCRBV06	unresolved			TCRBV06-02,TCRBV06-03		TCRBD02-01*01	TCRBD02	TCRBD02-01	1.0				TCRBJ02-01*01	TCRBJ02	TCRBJ02-01	1.0				5	2	7	0	6	9	39	51	53	62	68	1	In	VDJ							0.0
1292	GGAGTCAGCTACCCGCTCCCAGACATCTGTGTATTTCTGCGCCAGCAGTGAGGGAATTGGCTGATCCACGAGCAGTACTTCGGGCCG		1	0.03005711	44	TCRBV10-02*01	TCRBV10	TCRBV10-02	1.0				unresolved		unresolved		TCRBD01,TCRBD02	TCRBD01-01,TCRBD02-01		TCRBJ02-07*01	TCRBJ02	TCRBJ02-07	1.0				2	0	1	8	12	5	37	-1	52	55	67	1	Out	VDJ							0.0
1293	CAGCGCACACAGCAGGAGGACTCCGCCGTGTATCTCTGTGCCAGCAGCTTAGCCACGGGACAGGGGGACGAGCAGTACTTCGGGCCG	CASSLATGQGDEQYF	1	0.03005711	45	TCRBV07-08*01	TCRBV07	TCRBV07-08	1.0				TCRBD01-01*01	TCRBD01	TCRBD01-01	1.0				TCRBJ02-07*01	TCRBJ02	TCRBJ02-07	1.0				0	3	0	1	0	5	36	53	56	-1	67	1	In	VDJ							0.0
1294	AAGATCCGGTCCACAAAGCTGGAGGACTCAGCCATGTACTTCTGTGCCAGCAGCGGGACAGGGGTTTCGGAGCAGTACTTCGGGCCG	CASSGTGVSEQYF	1	0.03005711	39	TCRBV02-01*01	TCRBV02	TCRBV02-01	1.0				TCRBD01-01*01	TCRBD01	TCRBD01-01	1.0				TCRBJ02-07*01	TCRBJ02	TCRBJ02-07	1.0				6	1	0	2	5	7	42	53	54	64	69	1	In	VDJ							0.0
1295	CAGCGCACACAGCAGGAGGACTCGGCCGTGTATCTCTGTGCCAGCAGCGCGACTAGCGGGGGTCCCTGGGAGCAGTACTTCGGGCCG	CASSATSGGPWEQYF	1	0.03005711	45	TCRBV07-02*01	TCRBV07	TCRBV07-02	1.0				TCRBD02-01*01	TCRBD02	TCRBD02-01	1.0				TCRBJ02-07*01	TCRBJ02	TCRBJ02-07	1.0				5	2	2	2	7	7	36	48	50	62	69	1	In	VDJ							0.0
1296	CTCAGGCTGGAGTCGGCTGCTCCCTCCCAGACATCTGTGTACTTCTGTGCCAGCAAGGGACAAAGCTACGGGCAGTACTTCGGGCCG	CASKGQSYGQYF	1	0.03005711	36	TCRBV06-01*01	TCRBV06	TCRBV06-01	1.0				TCRBD01-01*01	TCRBD01	TCRBD01-01	1.0				TCRBJ02-07*01	TCRBJ02	TCRBJ02-07	1.0				7	1	0	6	9	9	45	55	56	62	71	1	In	VDJ							0.0
1297	CACATCAATTCCCTGGAGCTTGGTGACTCTGCTGTGTATTTCTGTGCCAGCAGCCGCAGGGGGCGGGGTGGCTACACCTTCGGTTCG	CASSRRGRGGYTF	1	0.03005711	39	TCRBV03	TCRBV03	unresolved			TCRBV03-01,TCRBV03-02		TCRBD01-01*01	TCRBD01	TCRBD01-01	1.0				TCRBJ01-02*01	TCRBJ01	TCRBJ01-02	1.0				4	1	4	0	4	7	42	55	56	64	68	1	In	VDJ							0.0
1298	AGTGCCCATCCTGAAGACAGCAGCTTCTACATCTGCAGTGCCCTACCCAATCCCGGGACAGGGGGTATCGGTTACACCTTCGGTTCG	CSALPNPGTGGIGYTF	1	0.03005711	48	TCRBV20	TCRBV20	unresolved			TCRBV20-01,TCRBV20-or09_02		TCRBD01-01*01	TCRBD01	TCRBD01-01	1.0				TCRBJ01-02*01	TCRBJ01	TCRBJ01-02	1.0				6	13	0	1	7	11	33	41	54	65	72	1	In	VDJ							0.0
1299	CAGCCCTCAGAACCCAGGGACTCAGCTGTGTACTTCTGTGCCAGCAGCTTACAGGGAATTGGAAATCAGCCCCAGCATTTTGGTGAT	CASSLQGIGNQPQHF	1	0.03005711	45	TCRBV12	TCRBV12	unresolved			TCRBV12-03,TCRBV12-04		TCRBD01-01*01	TCRBD01	TCRBD01-01	1.0				TCRBJ01-05*01	TCRBJ01	TCRBJ01-05	1.0				2	0	4	3	7	4	36	-1	51	56	63	1	In	VDJ							0.0
1300	CCAGTGCCCATCCTGAAGACAGCAGCTTCTACATCTGCAGTGCTGGAAGGGGACAGGGGAGAGAATCAGCCCCAGCATTTTGGTGAT		1	0.03005711	46	TCRBV20	TCRBV20	unresolved			TCRBV20-01,TCRBV20-or09_02		TCRBD01-01*01	TCRBD01	TCRBD01-01	1.0				TCRBJ01-05*01	TCRBJ01	TCRBJ01-05	1.0				5	5	0	2	4	4	35	44	49	59	63	1	Out	VDJ							0.0
1301	TCGGCTGCTCCCTCCCAGACATCTGTGTACTTCTGTGCCAGCAGTGATTGGAAGGGACAGGGGAATCAGCCCCAGCATTTTGGTGAT	CASSDWKGQGNQPQHF	1	0.03005711	48	TCRBV06-01*01	TCRBV06	TCRBV06-01	1.0				TCRBD01-01*01	TCRBD01	TCRBD01-01	1.0				TCRBJ01-05*01	TCRBJ01	TCRBJ01-05	1.0				3	6	0	2	0	4	33	47	53	-1	63	1	In	VDJ							0.0
1302	GAGTGCCTTGGAGCTGGGGGACTCGGCCCTGTATCTCTGTGCCAGAAGCTTGGCCAGGACTTTAATCAGCCCCAGCATTTTGGTGAT		1	0.03005711	44	TCRBV05-03	TCRBV05	TCRBV05-03				01,02	TCRBD02-01	TCRBD02	TCRBD02-01				01,02	TCRBJ01-05*01	TCRBJ01	TCRBJ01-05	1.0				0	3	1	10	2	4	37	53	56	61	63	1	Out	VDJ							0.0
1303	ATCCGGTCCACAAAGCTGGAGGACTCAGCCATGTACTTCTGTGCCAGTTTGGGGCTCCGCAACACCGGGGAGCTGTTTTTTGGAGAA	CASLGLRNTGELFF	1	0.03005711	42	TCRBV02-01*01	TCRBV02	TCRBV02-01	1.0				TCRBD01-01*01	TCRBD01	TCRBD01-01	1.0				TCRBJ02-02*01	TCRBJ02	TCRBJ02-02	1.0				9	3	7	0	5	2	39	47	50	55	60	1	In	VDJ							0.0
1304	GTGACCAGTGCCCATCCTGAAGACAGCAGCTTCTACATCTGCAGTGCTAGAGATCAACTTGTGGGCGGTGAGCAGTTCTTCGGGCCA	CSARDQLVGGEQFF	1	0.03005711	42	TCRBV20	TCRBV20	unresolved			TCRBV20-01,TCRBV20-or09_02		unresolved		unresolved		TCRBD01,TCRBD02	TCRBD01-01,TCRBD02-01		TCRBJ02-01*01	TCRBJ02	TCRBJ02-01	1.0				0	9	8	0	2	9	39	53	62	66	68	1	In	VDJ							0.0
1305	ACAGAGCAGGGGGACTCGGCCATGTATCTCTGTGCCAGCAGCTCTCACAATAAACAGGGGGCTTCTTCACCCCTCCACTTTGGGAAC	CASSSHNKQGASSPLHF	1	0.03005711	51	TCRBV07-09	TCRBV07	TCRBV07-09				01,03	TCRBD01-01*01	TCRBD01	TCRBD01-01	1.0				TCRBJ01-06*01	TCRBJ01	TCRBJ01-06	1.0				4	10	3	0	3	9	30	43	53	62	65	1	In	VDJ							0.0
1306	GATCCAGCCCTCAGAACCCAGGGACTCAGCTGTGTACTTCTGTGCCAGCAGTTTTTCTGCCGATACGACGAGCAGTACTTCGGGCCG		1	0.03005711	41	TCRBV12	TCRBV12	unresolved			TCRBV12-03,TCRBV12-04		unresolved		unresolved		TCRBD01,TCRBD02	TCRBD01-01,TCRBD02-01		TCRBJ02-07*01	TCRBJ02	TCRBJ02-07	1.0				3	7	2	8	4	5	40	54	61	63	67	1	Out	VDJ							0.0
1307	TCAGAACCCAGGGACTCAGCTGTGTACTTCTGTGCCAGCAGTTACGGGGGGGGGCCCTCGGGGCGCTACGAGCAGTACTTCGGGCCG	CASSYGGGPSGRYEQYF	1	0.03005711	51	TCRBV12	TCRBV12	unresolved			TCRBV12-03,TCRBV12-04		TCRBD02-01*01	TCRBD02	TCRBD02-01	1.0				TCRBJ02-07*01	TCRBJ02	TCRBJ02-07	1.0				4	1	8	0	13	3	30	43	44	52	65	1	In	VDJ							0.0
1308	CGCACACAGCAGGAGGACTCCGCCGTGTATCTCTGTGCCAGCAGCTTAGGGACCGGACAGGGGAAGTACGAGCAGTACTTCGGGCCG	CASSLGTGQGKYEQYF	1	0.03005711	48	TCRBV07-08*01	TCRBV07	TCRBV07-08	1.0				TCRBD01-01*01	TCRBD01	TCRBD01-01	1.0				TCRBJ02-07*01	TCRBJ02	TCRBJ02-07	1.0				1	5	1	2	3	4	33	49	54	63	66	1	In	VDJ							0.0
1309	GTGACCAGTGCCCATCCTGAAGACAGCAGCTTCTACATCTGCAGTGCTACCCCGAGTAGCGGGCCTTACGAGCAGTACTTCGGGCCG	CSATPSSGPYEQYF	1	0.03005711	42	TCRBV20	TCRBV20	unresolved			TCRBV20-01,TCRBV20-or09_02		TCRBD02-01	TCRBD02	TCRBD02-01				01,02	TCRBJ02-07*01	TCRBJ02	TCRBJ02-07	1.0				4	7	5	4	3	4	39	49	56	63	66	1	In	VDJ							0.0
1310	TGAGCTCTCTGGAGCTGGGGGACTCAGCTTTGTATTTCTGTGCCAGCAGCGTACGTCCCAGGGGATCCCGAGCAGTACTTCGGGCCG		1	0.03005711	43	TCRBV09-01	TCRBV09	TCRBV09-01				01,02	TCRBD01-01*01	TCRBD01	TCRBD01-01	1.0				TCRBJ02-07*01	TCRBJ02	TCRBJ02-07	1.0				1	5	4	2	4	6	38	53	58	64	68	1	Out	VDJ							0.0
1311	AACGCCTTGGAGCTGGACGACTCGGCCCTGTATCTCTGTGCCAGCAGCCGGAAGGGACAGGGAGTAGGAGGCTACACCTTCGGTTCG	CASSRKGQGVGGYTF	1	0.03005711	45	TCRBV05-04*01	TCRBV05	TCRBV05-04	1.0				TCRBD01-01*01	TCRBD01	TCRBD01-01	1.0				TCRBJ01-02*01	TCRBJ01	TCRBJ01-02	1.0				4	5	0	3	7	8	36	48	53	62	69	1	In	VDJ							0.0
1312	CTGAGCTCTCTGGAGCTGGGGGACTCAGCTTTGTATTTCTGTGCCAGCAGCGTAGCGCCCGAGGAGGATGGCTACACCTTCGGTTCG	CASSVAPEEDGYTF	1	0.03005711	42	TCRBV09-01	TCRBV09	TCRBV09-01				01,02	TCRBD02-01*02	TCRBD02	TCRBD02-01	2.0				TCRBJ01-02*01	TCRBJ01	TCRBJ01-02	1.0				0	7	10	1	0	6	39	55	62	-1	67	1	In	VDJ							0.0
1313	CGCACACAGCAGGAGGACTCGGCCGTGTATCTCTGTGCCAGCAGCCATGCCGGAGACGGAAAGACCTATGGCTACACCTTCGGTTCG	CASSHAGDGKTYGYTF	1	0.03005711	48	TCRBV07-02*01	TCRBV07	TCRBV07-02	1.0				TCRBD02-01*02	TCRBD02	TCRBD02-01	2.0				TCRBJ01-02*01	TCRBJ01	TCRBJ01-02	1.0				5	6	10	2	10	4	33	45	51	55	65	1	In	VDJ							0.0
1314	ACCAGTGCCCATCCTGAAGACAGCAGCTTCTACATCTGCAGTGCTAGGACAGGGGCAGGAAGGGAACGTGGCTACACCTTCGGTTCG	CSARTGAGRERGYTF	1	0.03005711	45	TCRBV20	TCRBV20	unresolved			TCRBV20-01,TCRBV20-or09_02		TCRBD01-01*01	TCRBD01	TCRBD01-01	1.0				TCRBJ01-02*01	TCRBJ01	TCRBJ01-02	1.0				3	0	2	2	13	7	36	-1	47	55	68	1	In	VDJ							0.0
1315	AATTCCCTGGAGCTTGGTGACTCTGCTGTGTATTTCTGTGCCAGCAGCGAAAGAGGACAGTCAAATGAAAAACTGTTTTTTGGCAGT	CASSERGQSNEKLFF	1	0.03005711	45	TCRBV03	TCRBV03	unresolved			TCRBV03-01,TCRBV03-02		TCRBD01-01*01	TCRBD01	TCRBD01-01	1.0				TCRBJ01-04*01	TCRBJ01	TCRBJ01-04	1.0				5	6	1	5	3	5	36	48	54	60	63	1	In	VDJ							0.0
1316	TCCCTGGAGCTTGGTGACTCTGCTGTGTATTTCTGTGCCAGCAGCCAAGAAGGCGGGGGCTCCCAAGAGACCCAGTACTTCGGGCCA	CASSQEGGGSQETQYF	1	0.03005711	48	TCRBV03	TCRBV03	unresolved			TCRBV03-01,TCRBV03-02		TCRBD02-01*01	TCRBD02	TCRBD02-01	1.0				TCRBJ02-05*01	TCRBJ02	TCRBJ02-05	1.0				0	2	7	2	3	1	33	50	52	59	62	1	In	VDJ							0.0
1317	CAGTGACCAGTGCCCATCCTGAAGACAGCAGCTTCTACATCTGCAGTGCTAGGTGGGGGGGTATAAGAGACCCAGTACTTCGGGCCA		1	0.03005711	40	TCRBV20	TCRBV20	unresolved			TCRBV20-01,TCRBV20-or09_02		TCRBD02-01*01	TCRBD02	TCRBD02-01	1.0				TCRBJ02-05*01	TCRBJ02	TCRBJ02-05	1.0				3	2	9	0	3	3	41	52	54	61	64	1	Out	VDJ							0.0
1318	ATCAATTCCCTGGAGCTTGGTGACTCTGCTGTGTATTTCTGTGCCAGCAGCCTTGGCAGGGGAAATTCACCCCTCCACTTTGGGAAC	CASSLGRGNSPLHF	1	0.03005711	42	TCRBV03	TCRBV03	unresolved			TCRBV03-01,TCRBV03-02		TCRBD01-01*01	TCRBD01	TCRBD01-01	1.0				TCRBJ01-06*01	TCRBJ01	TCRBJ01-06	1.0				4	4	4	2	1	7	39	52	56	62	63	1	In	VDJ							0.0
1319	TCGGCTGCTCCCTCCCAAACATCTGTGTACTTCTGTGCCAGCAGAACCGACGGAGGACTTTATAATTCACCCCTCCACTTTGGGAAC	CASRTDGGLYNSPLHF	1	0.03005711	48	TCRBV06	TCRBV06	unresolved			TCRBV06-02,TCRBV06-03		TCRBD02-01	TCRBD02	TCRBD02-01				01,02	TCRBJ01-06*01	TCRBJ01	TCRBJ01-06	1.0				6	10	1	10	1	4	33	44	54	59	60	1	In	VDJ							0.0
1320	GGCCTGACCTTGTCCACTCTGACAGTGACCAGTGCCCATCCTGACACCTTAGAGGGACCCTCTGGAAACACCATATATTTTGGAGAG	GNTIYF	1	0.03005711	18	TCRBV20-01*01	TCRBV20	TCRBV20-01	1.0				unresolved		unresolved		TCRBD01,TCRBD02	TCRBD01-01,TCRBD02-01		TCRBJ01-03*01	TCRBJ01	TCRBJ01-03	1.0				33	9	0	7	1	0	63	44	53	58	59	1	In	VDJ							0.0
1321	CAGCCCTCAGAACCCAGGGACTCAGCTGTGTACTTCTGTGCCAGCAGCGATTACAGGGTAGGGTCCTACGAGCAGTACTTCGGGCCG	CASSDYRVGSYEQYF	1	0.03005711	45	TCRBV12	TCRBV12	unresolved			TCRBV12-03,TCRBV12-04		TCRBD01-01*01	TCRBD01	TCRBD01-01	1.0				TCRBJ02-07*01	TCRBJ02	TCRBJ02-07	1.0				6	5	3	3	5	1	36	47	52	58	63	1	In	VDJ							0.0
1322	ATCCAGCGCACACAGCAGGAGGACTCCGCCGTGTATCTCTGTGCCAGCAGCTTAGCGCTCTGGAGTAGGGAGCAGTACTTCGGGCCG	CASSLALWSREQYF	1	0.03005711	42	TCRBV07-08*01	TCRBV07	TCRBV07-08	1.0				TCRBD02-01*02	TCRBD02	TCRBD02-01	2.0				TCRBJ02-07*01	TCRBJ02	TCRBJ02-07	1.0				0	5	10	2	4	7	39	56	61	65	69	1	In	VDJ							0.0
1323	TCGGCTGCTCCCTCCCAGACATCTGTGTACTTCTGTGCCAGCAGACTAAAAGAAAGGACGGCGGACTATGGCTACACCTTCGGTTCG	CASRLKERTADYGYTF	1	0.03005711	48	TCRBV06	TCRBV06	unresolved			TCRBV06-01,TCRBV06-05		unresolved		unresolved		TCRBD01,TCRBD02	TCRBD01-01,TCRBD02-01		TCRBJ01-02*01	TCRBJ01	TCRBJ01-02	1.0				6	11	1	7	5	3	33	44	55	59	64	1	In	VDJ							0.0
1324	TGAGCTCTCTGGAGCTGGGGGACTCAGCTTTGTATTTCTGTGCCAGCAGCCCGGGAAAAGGACCATTATGGCTACACCTTCGGTTCG		1	0.03005711	43	TCRBV09-01	TCRBV09	TCRBV09-01				01,02	TCRBD02-01*02	TCRBD02	TCRBD02-01	2.0				TCRBJ01-02*01	TCRBJ01	TCRBJ01-02	1.0				4	1	8	3	10	5	38	50	51	56	66	1	Out	VDJ							0.0
1325	GATCCAGCCTGCAGAGCAGGGGGACTCGGCCGTGTATGTCTGTGCAAGTCGATCGGACGTTGCAATCAGCCCCAGCATTTTGGTGAT		1	0.03005711	41	TCRBV12-02*01	TCRBV12	TCRBV12-02	1.0				unresolved		unresolved		TCRBD01,TCRBD02	TCRBD01-01,TCRBD02-01		TCRBJ01-05*01	TCRBJ01	TCRBJ01-05	1.0				6	3	1	7	3	2	40	51	54	58	61	1	Out	VDJ							0.0
1326	TGAAGATCCAGCCCTCAGAACCCAGGGACTCAGCTGTGTACTTCTGTGCCAGCAGTCCCCCCCAACACTGAAGCTTTCTTTGGACAA		1	0.03005711	37	TCRBV12	TCRBV12	unresolved			TCRBV12-03,TCRBV12-04		unresolved		unresolved					TCRBJ01-01*01	TCRBJ01	TCRBJ01-01	1.0				5	0	0	0	7	2	44	-1	-1	56	63	1	Out	VJ							0.0
1327	CTGGGGTTGGAGTCGGCTGCTCCCTCCCAAACATCTGTGTACTTCTGTGCCAGCAGTTCGAGGACCGGGGAGCTGTTTTTTGGAGAA	CASSSRTGELFF	1	0.03005711	36	TCRBV06	TCRBV06	unresolved			TCRBV06-02,TCRBV06-03		TCRBD02-01*02	TCRBD02	TCRBD02-01	2.0				TCRBJ02-02*01	TCRBJ02	TCRBJ02-02	1.0				4	1	11	1	0	5	45	58	59	-1	63	1	In	VDJ							0.0
1328	CAGCCCTCAGAACCCAGGGACTCAGCTGTGTACTTCTGTGCCAGCAGTTTAGAGAGGGTATCAGCCGGGGAGCTGTTTTTTGGAGAA	CASSLERVSAGELFF	1	0.03005711	45	TCRBV12	TCRBV12	unresolved			TCRBV12-03,TCRBV12-04		TCRBD02-01*02	TCRBD02	TCRBD02-01	2.0				TCRBJ02-02*01	TCRBJ02	TCRBJ02-02	1.0				1	1	11	0	6	6	36	52	53	58	64	1	In	VDJ							0.0
1329	CTGAAGATCCGGTCCACAAAGCTGGAGGACTCAGCCATGTACTTCTGTGCCAGCAGTGGGCGGGTTAGCACCCTCCACTTTGGGAAC	CASSGRVSTLHF	1	0.03005711	36	TCRBV02-01*01	TCRBV02	TCRBV02-01	1.0				TCRBD02-01	TCRBD02	TCRBD02-01				01,02	TCRBJ01-06*01	TCRBJ01	TCRBJ01-06	1.0				4	1	7	4	6	14	45	58	59	64	70	1	In	VDJ							0.0
1330	CGCACACAGCAGGAGGACTCCGCCGTGTATCTCTGTGCCAGCAGCCTATCGGGGCCACGGACTGGAAACACCATATATTTTGGAGAG	CASSLSGPRTGNTIYF	1	0.03005711	48	TCRBV07-08*01	TCRBV07	TCRBV07-08	1.0				unresolved		unresolved		TCRBD01,TCRBD02	TCRBD01-01,TCRBD02-01		TCRBJ01-03*01	TCRBJ01	TCRBJ01-03	1.0				5	5	7	0	6	2	33	45	50	55	61	1	In	VDJ							0.0
1331	AAGCTCCTTCTCAGTGACTCTGGCTTCTATCTCTGTGCCTGGCACGAGGGGCAGAAGACCTCTGGAAACACCATATATTTTGGAGAG	CAWHEGQKTSGNTIYF	1	0.03005711	48	TCRBV30-01*01	TCRBV30	TCRBV30-01	1.0				unresolved		unresolved		TCRBD01,TCRBD02	TCRBD01-01,TCRBD02-01		TCRBJ01-03*01	TCRBJ01	TCRBJ01-03	1.0				5	4	5	2	8	0	33	42	46	51	59	1	In	VDJ							0.0
1332	GAGTTGGCTGCTCCCTCCCAGACATCTGTGTACTTCTGTGCCAGCAGTTCCGACAGGACAGGCTCCTACGAGCAGTACTTCGGGCCG	CASSSDRTGSYEQYF	1	0.03005711	45	TCRBV06-06	TCRBV06	TCRBV06-06				01,02	TCRBD01-01*01	TCRBD01	TCRBD01-01	1.0				TCRBJ02-07*01	TCRBJ02	TCRBJ02-07	1.0				4	6	1	4	0	0	36	49	55	-1	62	1	In	VDJ							0.0
1333	CAGCGCACACAGCAGGAGGACTCGGCCGTGTATCTCTGTGCCAGCACCCTGTTTAGTGGGGGAGATTACGAGCAGTACTTCGGGCCG	CASTLFSGGDYEQYF	1	0.03005711	45	TCRBV07-02*01	TCRBV07	TCRBV07-02	1.0				unresolved		unresolved		TCRBD01,TCRBD02	TCRBD01-01,TCRBD02-01		TCRBJ02-07*01	TCRBJ02	TCRBJ02-07	1.0				7	11	6	1	4	4	36	46	57	62	66	1	In	VDJ							0.0
1334	TTGTTGCTGGGGGACTCGGCCCTCTATCTCTGTGCCAGCAGCTTGGGACCGCGCCTAATCGCTGGCGAAGGCTACACCTTCGGTTCG	CASSLGPRLIAGEGYTF	1	0.03005711	51	TCRBV05-06*01	TCRBV05	TCRBV05-06	1.0				unresolved		unresolved		TCRBD01,TCRBD02	TCRBD01-01,TCRBD02-01		TCRBJ01-02*01	TCRBJ01	TCRBJ01-02	1.0				0	0	2	7	20	8	30	-1	46	49	69	1	In	VDJ							0.0
1335	CTACACACCCTGCAGCCAGAAGACTCGGCCCTGTATCTCTGTGCCAGCAGCCAATTCGACGGCAACTATGGCTACACCTTCGGTTCG	CASSQFDGNYGYTF	1	0.03005711	42	TCRBV04-02*01	TCRBV04	TCRBV04-02	1.0				unresolved		unresolved		TCRBD01,TCRBD02	TCRBD01-01,TCRBD02-01		TCRBJ01-02*01	TCRBJ01	TCRBJ01-02	1.0				2	3	2	7	3	2	39	54	57	60	63	1	In	VDJ							0.0
1336	CAGCGCACAGAGCAGGGGGACTCGGCCATGTATCTCTGTGCCAGCAGCCGGCAGGGACAGGCTTCCTATGGCTACACCTTCGGTTCG	CASSRQGQASYGYTF	1	0.03005711	45	TCRBV07-09	TCRBV07	TCRBV07-09				01,03	TCRBD01-01*01	TCRBD01	TCRBD01-01	1.0				TCRBJ01-02*01	TCRBJ01	TCRBJ01-02	1.0				5	5	0	4	4	4	36	48	53	61	65	1	In	VDJ							0.0
1337	ATCAATTCCCTGGAGCTTGGTGACTCTGCTGTGTATTTCTGTGCCAGCAGCCAGCGGGGTGGGAATCAGCCCCAGCATTTTGGTGAT	CASSQRGGNQPQHF	1	0.03005711	42	TCRBV03	TCRBV03	unresolved			TCRBV03-01,TCRBV03-02		TCRBD02-01*01	TCRBD02	TCRBD02-01	1.0				TCRBJ01-05*01	TCRBJ01	TCRBJ01-05	1.0				3	0	7	3	4	4	39	-1	53	59	63	1	In	VDJ							0.0
1338	GAGATCCAGCGCACAGAGCAGGGGGACTCGGCCATGTATCTCTGTGCCAGCGAAACAGGGATGAACACTGAAGCTTTCTTTGGACAA	CASETGMNTEAFF	1	0.03005711	39	TCRBV07-09	TCRBV07	TCRBV07-09				01,03	TCRBD01-01*01	TCRBD01	TCRBD01-01	1.0				TCRBJ01-01*01	TCRBJ01	TCRBJ01-01	1.0				8	3	3	3	1	0	42	51	54	60	61	1	In	VDJ							0.0
1339	CCTGCAGAGCTTGGGGACTCGGCCGTGTATCTCTGTGCCAGCAGCTTGCGGACAGGGGATAGCGCCGGGGAGCTGTTTTTTGGAGAA	CASSLRTGDSAGELFF	1	0.03005711	48	TCRBV11-03*01	TCRBV11	TCRBV11-03	1.0				TCRBD01-01*01	TCRBD01	TCRBD01-01	1.0				TCRBJ02-02*01	TCRBJ02	TCRBJ02-02	1.0				3	2	1	2	6	6	33	47	49	58	64	1	In	VDJ							0.0
1340	ACAGTGACCAGTGCCCATCCTGAAGACAGCAGCTTCTACATCTGCAGTGTGGGCGGGGGAATCCAAGAGACCCAGTACTTCGGGCCA	CSVGGGIQETQYF	1	0.03005711	39	TCRBV20	TCRBV20	unresolved			TCRBV20-01,TCRBV20-or09_02		TCRBD02-01*01	TCRBD02	TCRBD02-01	1.0				TCRBJ02-05*01	TCRBJ02	TCRBJ02-05	1.0				7	3	7	2	3	1	42	49	52	59	62	1	In	VDJ							0.0
1341	TTGGAGATCCAGCGCACAGAGCAGGGGGACTCGGCCATGTATCTCTGTGCCAGCAGCCGACTCACTGAGACCCAGTACTTCGGGCCA	CASSRLTETQYF	1	0.03005711	36	TCRBV07-09	TCRBV07	TCRBV07-09				01,03	TCRBD02-01	TCRBD02	TCRBD02-01				01,02	TCRBJ02-05*01	TCRBJ02	TCRBJ02-05	1.0				5	1	2	10	4	5	45	57	58	62	66	1	In	VDJ							0.0
1342	TCGGCTGCTCCCTCCCAGACATCTGTGTACTTCTGTGCCAGCAGTTACCGTCCCGGGACAGGGTTTTACGAGCAGTACTTCGGGCCG	CASSYRPGTGFYEQYF	1	0.03005711	48	TCRBV06-05*01	TCRBV06	TCRBV06-05	1.0				TCRBD01-01*01	TCRBD01	TCRBD01-01	1.0				TCRBJ02-07*01	TCRBJ02	TCRBJ02-07	1.0				2	6	0	3	3	4	33	48	54	63	66	1	In	VDJ							0.0
1343	AATCTTCACATCAATTCCCTGGAGCTTGGTGACTCTGCTGTGTATTTCTGTGCCAGCAGCCGATTTTATGGCTACACCTTCGGTTCG	CASSRFYGYTF	1	0.03005711	33	TCRBV03	TCRBV03	unresolved			TCRBV03-01,TCRBV03-02		unresolved		unresolved		TCRBD01,TCRBD02	TCRBD01-01,TCRBD02-01		TCRBJ01-02*01	TCRBJ01	TCRBJ01-02	1.0				4	0	2	8	3	5	48	-1	61	63	66	1	In	VDJ							0.0
1344	CAGCCTGCAGAGCTTGGGGACTCGGCCGTGTATCTCTGTGCCAGCAGCGTGGACAGGGGAAGCAATCAGCCCCAGCATTTTGGTGAT	CASSVDRGSNQPQHF	1	0.03005711	45	TCRBV11-03*01	TCRBV11	TCRBV11-03	1.0				TCRBD01-01*01	TCRBD01	TCRBD01-01	1.0				TCRBJ01-05*01	TCRBJ01	TCRBJ01-05	1.0				5	2	1	2	1	1	36	48	50	59	60	1	In	VDJ							0.0
1345	CCCTCAGAACCCAGGGACTCAGCTGTGTACTTCTGTGCCAGTCTAGAGTAGGCGTATGATAGCAATCAGCCCCAGCATTTTGGTGAT	CASLE*AYDSNQPQHF	1	0.03005711	48	TCRBV12	TCRBV12	unresolved			TCRBV12-03,TCRBV12-04		TCRBD02-01	TCRBD02	TCRBD02-01				01,02	TCRBJ01-05*01	TCRBJ01	TCRBJ01-05	1.0				9	1	4	8	13	0	33	41	42	46	59	1	Stop	VDJ							0.0
1346	CAGAGCTTGGGGACTCGGCCGTGTATCTCTGTGCCAGCAGCTTAGGGGGGTGGGACGAAGGGCAATCAGCCCCAGCATTTTGGTGAT		1	0.03005711	52	TCRBV11-03*01	TCRBV11	TCRBV11-03	1.0				unresolved		unresolved		TCRBD01,TCRBD02	TCRBD01-01,TCRBD02-01		TCRBJ01-05*01	TCRBJ01	TCRBJ01-05	1.0				1	6	0	7	5	2	29	45	51	56	61	1	Out	VDJ							0.0
1347	CTTGACATCCGCTCACCAGGCCTGGGGGACGCAGCCATGTACCTGTGTGCCACCAGCGGCCGAGATCAGCCCCAGCATTTTGGTGAT	CATSGRDQPQHF	1	0.03005711	36	TCRBV15-01*01	TCRBV15	TCRBV15-01	1.0				unresolved		unresolved		TCRBD01,TCRBD02	TCRBD01-01,TCRBD02-01		TCRBJ01-05*01	TCRBJ01	TCRBJ01-05	1.0				5	0	9	0	4	5	45	-1	57	60	64	1	In	VDJ							0.0
1348	ATCCAGCGCACAGAGCAGGGGGACTCGGCCATGTATCTCTGTGCCAGCAGACTTACAGGGGGCTCGGAAAAACTGTTTTTTGGCAGT	CASRLTGGSEKLFF	1	0.03005711	42	TCRBV07-09	TCRBV07	TCRBV07-09				01,03	TCRBD01-01*01	TCRBD01	TCRBD01-01	1.0				TCRBJ01-04*01	TCRBJ01	TCRBJ01-04	1.0				6	4	3	0	3	8	39	50	54	63	66	1	In	VDJ							0.0
1349	CTGGAGTTGGCTGCTCCCTCCCAGACATCTGTGTACTTCTGTGCCAGCATCGACAGGGGGGCTAATGAAAAACTGTTTTTTGGCAGT	CASIDRGANEKLFF	1	0.03005711	42	TCRBV06-06	TCRBV06	TCRBV06-06				01,02	TCRBD01-01*01	TCRBD01	TCRBD01-01	1.0				TCRBJ01-04*01	TCRBJ01	TCRBJ01-04	1.0				7	2	2	1	1	3	39	49	51	60	61	1	In	VDJ							0.0
1350	GCAGCCAGAAGACTCGGCCCTGTATCTCTGCGCCAGCAGCCAAGATCTGGGACAGGTCGATGAACCGGGGAGCTGTTTTTTGGAGAA		1	0.03005711	53	TCRBV04-03*01	TCRBV04	TCRBV04-03	1.0				TCRBD01-01*01	TCRBD01	TCRBD01-01	1.0				TCRBJ02-02*01	TCRBJ02	TCRBJ02-02	1.0				0	3	0	4	7	5	28	45	48	56	63	1	Out	VDJ							0.0
1351	AGGCTGCTGTCGGCTGCTCCCTCCCAGACATCTGTGTACTTCTGTGCCAGCAGCGGGACAGTCACCGGGGAGCTGTTTTTTGGAGAA	CASSGTVTGELFF	1	0.03005711	39	TCRBV06-05*01	TCRBV06	TCRBV06-05	1.0				TCRBD01-01*01	TCRBD01	TCRBD01-01	1.0				TCRBJ02-02*01	TCRBJ02	TCRBJ02-02	1.0				6	1	0	5	1	4	42	53	54	61	62	1	In	VDJ							0.0
1352	GAGTCCGCTACCAGCTCCCAGACATCTGTGTACTTCTGTGCCATCAGTGAAGAAGGCTTAGGGACAGATACGCAGTATTTTGGCCCA	CAISEEGLGTDTQYF	1	0.03005711	45	TCRBV10-03*01	TCRBV10	TCRBV10-03	1.0				unresolved		unresolved		TCRBD01,TCRBD02	TCRBD01-01,TCRBD02-01		TCRBJ02-03*01	TCRBJ02	TCRBJ02-03	1.0				3	9	5	3	0	3	36	50	59	-1	63	1	In	VDJ							0.0
1353	GACGATTCAGCGCACAGAGCAGCGGGACTCAGCCATGTATCGCTCTGACGGACTAGCGGGGGGGCTGATACGCAGTATTTTGGCCCA		1	0.03005711	38	TCRBV07-07*01	TCRBV07	TCRBV07-07	1.0				TCRBD02-01*01	TCRBD02	TCRBD02-01	1.0				TCRBJ02-03*01	TCRBJ02	TCRBJ02-03	1.0				16	5	1	0	2	6	43	44	49	64	66	1	Out	VDJ							0.0
1354	ACCTTGGAGCTGGGGGACTCGGCCCTTTATCTTTGCGCCAGCAGCTTCTTTGGGTCGGCAGTCCAAGAGACCCAGTACTTCGGGCCA	CASSFFGSAVQETQYF	1	0.03005711	48	TCRBV05-01*01	TCRBV05	TCRBV05-01	1.0				unresolved		unresolved		TCRBD01,TCRBD02	TCRBD01-01,TCRBD02-01		TCRBJ02-05*01	TCRBJ02	TCRBJ02-05	1.0				2	4	0	9	8	1	33	47	51	54	62	1	In	VDJ							0.0
1355	GAGTCAGCTACCCGCTCCCAGACATCTGTGTATTTCTGCGCCAGCAGTGAGGTCCTCTCTGGGGCCAACGTCCTGACTTTCGGGGCC	CASSEVLSGANVLTF	1	0.03005711	45	TCRBV10-02*01	TCRBV10	TCRBV10-02	1.0				TCRBD02-01	TCRBD02	TCRBD02-01				01,02	TCRBJ02-06*01	TCRBJ02	TCRBJ02-06	1.0				2	3	4	10	0	0	36	51	54	-1	56	1	In	VDJ							0.0
1356	GTGACCAGTGCCCATCCTGAAGACAGCAGCTTCTACATCTGCAGTGCTAGACAACTGTCCTCTGGAAACACCATATATTTTGGAGAG	CSARQLSSGNTIYF	1	0.03005711	42	TCRBV20	TCRBV20	unresolved			TCRBV20-01,TCRBV20-or09_02		TCRBD02-01	TCRBD02	TCRBD02-01				01,02	TCRBJ01-03*01	TCRBJ01	TCRBJ01-03	1.0				2	2	3	10	3	0	39	51	53	56	59	1	In	VDJ							0.0
1357	ACAGTGACCAGTGCCCATCCTGAAGACAGCAGCTTCTACATCTGCAGTGCTAGGTTCCTAGGACCAGAGGGCTACACCTTCGGTTCG	CSARFLGPEGYTF	1	0.03005711	39	TCRBV20	TCRBV20	unresolved			TCRBV20-01,TCRBV20-or09_02		unresolved		unresolved		TCRBD01,TCRBD02	TCRBD01-01,TCRBD02-01		TCRBJ01-02*01	TCRBJ01	TCRBJ01-02	1.0				3	7	1	7	5	8	42	53	60	64	69	1	In	VDJ							0.0
1358	CGGTCCACAAAGCTGGAGGACTCAGCCATGTACTTCTGTGCCAGCAGTGATGTTGGGTGGGAAAACTATGGCTACACCTTCGGTTCG	CASSDVGWENYGYTF	1	0.03005711	45	TCRBV02-01*01	TCRBV02	TCRBV02-01	1.0				unresolved		unresolved		TCRBD01,TCRBD02	TCRBD01-01,TCRBD02-01		TCRBJ01-02*01	TCRBJ01	TCRBJ01-02	1.0				3	8	0	8	1	2	36	50	58	62	63	1	In	VDJ							0.0
1359	GTGAGCAACATGAGCCCTGAAGACAGCAGCATATATCTCTGCAGCGTTGAGGGCAGGGAGGATAATGAAAAACTGTTTTTTGGCAGT	CSVEGREDNEKLFF	1	0.03005711	42	TCRBV29-01*01	TCRBV29	TCRBV29-01	1.0				TCRBD02-01*02	TCRBD02	TCRBD02-01	2.0				TCRBJ01-04*01	TCRBJ01	TCRBJ01-04	1.0				3	5	9	1	1	4	39	50	55	61	62	1	In	VDJ							0.0
1360	GGGTTGGAGTCGGCTGCTCCCTCCCAAACATCTGTGTACTTCTGTGCCAGCAGGGGCAGGGGGTATGAAAAACTGTTTTTTGGCAGT	CASRGRGYEKLFF	1	0.03005711	39	TCRBV06	TCRBV06	unresolved			TCRBV06-02,TCRBV06-03		TCRBD01-01*01	TCRBD01	TCRBD01-01	1.0				TCRBJ01-04*01	TCRBJ01	TCRBJ01-04	1.0				6	3	4	1	1	6	42	53	56	63	64	1	In	VDJ							0.0
1361	AGGCTGCTGTCGGCTGCTCCCTCCCAGACATCTGTGTACTTCTGTGCCAGCACGTATAGGACCTCTGAAAAACTGTTTTTTGGCAGT	CASTYRTSEKLFF	1	0.03005711	39	TCRBV06-05*01	TCRBV06	TCRBV06-05	1.0				unresolved		unresolved		TCRBD01,TCRBD02	TCRBD01-01,TCRBD02-01		TCRBJ01-04*01	TCRBJ01	TCRBJ01-04	1.0				7	6	1	7	3	7	42	52	58	62	65	1	In	VDJ							0.0
1362	ATCCAGCCCTCAGAACCCAGGGACTCAGCTGTGTACTTCTGTGCCAGCAGTCCCTTGGACAGGAACACTGAAGCTTTCTTTGGACAA	CASSPLDRNTEAFF	1	0.03005711	42	TCRBV12	TCRBV12	unresolved			TCRBV12-03,TCRBV12-04		TCRBD01-01*01	TCRBD01	TCRBD01-01	1.0				TCRBJ01-01*01	TCRBJ01	TCRBJ01-01	1.0				5	5	1	5	0	1	39	51	56	-1	62	1	In	VDJ							0.0
1363	TGCTCCCTCCCAGACATCTGTGTACTTCTGTGCCAGCTTGAATAACCCTTCCCCCTCCCCAGGTTGTCCGTGGCTTTCTTTGGACAA		1	0.03005711	53	TCRBV06	TCRBV06	unresolved			TCRBV06-01,TCRBV06-05,TCRBV06-06		TCRBD01-01*01	TCRBD01	TCRBD01-01	1.0				TCRBJ01-01*01	TCRBJ01	TCRBJ01-01	1.0				8	22	4	4	9	11	28	37	59	63	72	1	Out	VDJ							0.0
1364	AAGATCCGGTCCACAAAGCTGGAGGACTCAGCCATGTACTTCTGTGCCAGCAGTGCCCCGCCCCAAGAGACCCAGTACTTCGGGCCA	CASSAPPQETQYF	1	0.03005711	39	TCRBV02-01*01	TCRBV02	TCRBV02-01	1.0				unresolved		unresolved		TCRBD01,TCRBD02	TCRBD01-01,TCRBD02-01		TCRBJ02-05*01	TCRBJ02	TCRBJ02-05	1.0				4	4	10	0	1	1	42	55	59	61	62	1	In	VDJ							0.0
1365	GGTTGGAGTCGGCTGCTCCCTCCCAAACATCTGTGTACTTCTGTGCCAGCAGTGACTAGGCCCCAGGAGACCCAGTACTTCGGGCCA		1	0.03005711	40	TCRBV06	TCRBV06	unresolved			TCRBV06-02,TCRBV06-03		unresolved		unresolved		TCRBD01,TCRBD02	TCRBD01-01,TCRBD02-01		TCRBJ02-05*01	TCRBJ02	TCRBJ02-05	1.0				1	6	4	5	0	5	41	57	63	-1	66	1	Out	VDJ							0.0
1366	AAGATCCGGTCCACAAAGCTGGAGGACTCAGCCATGTACTTCTGTGCCAGCACCCTGGGCGATAATTCACCCCTCCACTTTGGGAAC	CASTLGDNSPLHF	1	0.03005711	39	TCRBV02-01*01	TCRBV02	TCRBV02-01	1.0				TCRBD01-01*01	TCRBD01	TCRBD01-01	1.0				TCRBJ01-06*01	TCRBJ01	TCRBJ01-06	1.0				7	4	8	0	1	5	42	52	56	60	61	1	In	VDJ							0.0
1367	ACCTTGGAGCTGGGGGACTCGGCCCTTTATCTTTGCGCCAGCAGCTCACCCGCCGGGTCCCTCCCGGGAGCCCTCCACTTTGGGAAC	CASSSPAGSLPGALHF	1	0.03005711	48	TCRBV05-01*01	TCRBV05	TCRBV05-01	1.0				TCRBD02-01*02	TCRBD02	TCRBD02-01	2.0				TCRBJ01-06*01	TCRBJ01	TCRBJ01-06	1.0				3	18	8	2	0	14	33	46	64	-1	70	1	In	VDJ							0.0
1368	ACCTTGGAGCTGGGGGACTCGGCCCTTTATCTTTGCGCCAGCAGCCCCCAACAGGGGGAGGCTGGAAACACCATATATTTTGGAGAG	CASSPQQGEAGNTIYF	1	0.03005711	48	TCRBV05-01*01	TCRBV05	TCRBV05-01	1.0				TCRBD01-01*01	TCRBD01	TCRBD01-01	1.0				TCRBJ01-03*01	TCRBJ01	TCRBJ01-03	1.0				4	5	3	1	3	2	33	45	50	58	61	1	In	VDJ							0.0
1369	CAGCCCTCAGAACCCAGGGACTCAGCTGTGTACTTCTGTGCCAGCAGTTACGGGACTAGCGGCTTCGGGAAGCAGTACTTCGGGCCG	CASSYGTSGFGKQYF	1	0.03005711	45	TCRBV12	TCRBV12	unresolved			TCRBV12-03,TCRBV12-04		TCRBD02-01	TCRBD02	TCRBD02-01				01,02	TCRBJ02-07*01	TCRBJ02	TCRBJ02-07	1.0				4	2	0	5	8	8	36	49	51	62	70	1	In	VDJ							0.0
1370	CTGTCGGCTGCTCCCTCCCAGACATCTGTGTACTTCTGTGCCAGCAGCCTCCGGGACAGGGGGCTTCACGAGCAGTACTTCGGGCCG	CASSLRDRGLHEQYF	1	0.03005711	45	TCRBV06-05*01	TCRBV06	TCRBV06-05	1.0				TCRBD01-01*01	TCRBD01	TCRBD01-01	1.0				TCRBJ02-07*01	TCRBJ02	TCRBJ02-07	1.0				6	5	0	0	3	5	36	47	52	64	67	1	In	VDJ							0.0
1371	GTGACCAGTGCCCATCCTGAAGACAGCAGCTTCTACATCTGCAGTGCTAGTCGGGGGGGCCCCAGGGACGAGCAGTACTTCGGGCCG	CSASRGGPRDEQYF	1	0.03005711	42	TCRBV20	TCRBV20	unresolved			TCRBV20-01,TCRBV20-or09_02		TCRBD02-01*01	TCRBD02	TCRBD02-01	1.0				TCRBJ02-07*01	TCRBJ02	TCRBJ02-07	1.0				3	1	8	0	8	5	39	50	51	59	67	1	In	VDJ							0.0
1372	TCGGCCATGTATCTCTGTGCCAGCAGCTTACTTGACCGGGTAGGTACAGGGACGGCTAGGGCCACCTACGAGCAGTACTTCGGGCCG	CASSLLDRVGTGTARATYEQYF	1	0.03005711	66	unresolved		unresolved		TCRBV07,TCRBV11	TCRBV07-09,TCRBV11-01		TCRBD01-01*01	TCRBD01	TCRBD01-01	1.0				TCRBJ02-07*01	TCRBJ02	TCRBJ02-07	1.0				2	15	3	3	13	2	15	30	45	51	64	1	In	VDJ							0.0
1373	GCTTGGGGACTCGGCCGTGTATCTCTGTGCCAGCAGCTTGGAATGAGGGGACAGTCGCTACTCTCCTACGAGCAGTACTTCGGGCCG		1	0.03005711	56	TCRBV11-03*01	TCRBV11	TCRBV11-03	1.0				TCRBD01-01*01	TCRBD01	TCRBD01-01	1.0				TCRBJ02-07*01	TCRBJ02	TCRBJ02-07	1.0				3	8	0	5	8	0	25	39	47	54	62	1	Out	VDJ							0.0
1374	ATCCAGCAGGTAGTGCGAGGAGATTCGGCAGCTTATTTCTGTGCCAGCTCACCACCGACAGAGTCCTATGGCTACACCTTCGGTTCG	CASSPPTESYGYTF	1	0.03005711	42	TCRBV18-01*01	TCRBV18	TCRBV18-01	1.0				TCRBD01-01*01	TCRBD01	TCRBD01-01	1.0				TCRBJ01-02*01	TCRBJ01	TCRBJ01-02	1.0				0	0	2	5	4	4	39	-1	56	61	65	1	In	VDJ							0.0
1375	GGAGTTGGCTGCTCCCTCCCAGACATCTGTGTACTTCTGTGCCAGCAGAAGTCCAGGTTAAGCAATCAGCCCCAGCATTTTGGTGAT		1	0.03005711	44	TCRBV06-06	TCRBV06	TCRBV06-06				01,02	TCRBD01-01*01	TCRBD01	TCRBD01-01	1.0				TCRBJ01-05*01	TCRBJ01	TCRBJ01-05	1.0				6	5	4	4	3	1	37	48	53	57	60	1	Out	VDJ							0.0
1376	TCGCCCAGCCCCAACCAGACCTCTCTGTACTTCTGTGCCAGCAGGTCCCAGGGAGAATATAGCAATCAGCCCCAGCATTTTGGTGAT	CASRSQGEYSNQPQHF	1	0.03005711	48	TCRBV27-01*01	TCRBV27	TCRBV27-01	1.0				unresolved		unresolved		TCRBD01,TCRBD02	TCRBD01-01,TCRBD02-01		TCRBJ01-05*01	TCRBJ01	TCRBJ01-05	1.0				6	4	4	3	6	0	33	44	48	53	59	1	In	VDJ							0.0
1377	TCGGCTGCTCCCTCCCAAACATCTGTGTACTTCTGTGCCAGCAGTACTGGGACCTCCTATACCTACAATGAGCAGTTCTTCGGGCCA	CASSTGTSYTYNEQFF	1	0.03005711	48	TCRBV06	TCRBV06	unresolved			TCRBV06-02,TCRBV06-03		unresolved		unresolved		TCRBD01,TCRBD02	TCRBD01-01,TCRBD02-01		TCRBJ02-01*01	TCRBJ02	TCRBJ02-01	1.0				5	3	0	7	8	2	33	45	48	53	61	1	In	VDJ							0.0
1378	ATCCAGCCCTCAGAACCCAGGGACTCAGCTGTGTACTTCTGTGCCAGCAGTTTCGGGCATGAGAATTCACCCCTCCACTTTGGGAAC	CASSFGHENSPLHF	1	0.03005711	42	TCRBV12	TCRBV12	unresolved			TCRBV12-03,TCRBV12-04		unresolved		unresolved		TCRBD01,TCRBD02	TCRBD01-01,TCRBD02-01		TCRBJ01-06*01	TCRBJ01	TCRBJ01-06	1.0				3	1	8	0	5	7	39	53	54	58	63	1	In	VDJ							0.0
1379	ATCCAGCCCTCAGAACCCAGGGACTCAGCTGTGTACTTCTGTGCCAGCAGACCCCGGGACTCTAATTCACCCCTCCACTTTGGGAAC	CASRPRDSNSPLHF	1	0.03005711	42	TCRBV12	TCRBV12	unresolved			TCRBV12-03,TCRBV12-04		TCRBD02-01	TCRBD02	TCRBD02-01				01,02	TCRBJ01-06*01	TCRBJ01	TCRBJ01-06	1.0				6	5	0	10	1	6	39	50	55	61	62	1	In	VDJ							0.0
1380	AGCACCTTGGAGCTGGGGGACTCGGCCCTTTATCTTTGCGCCAGCAGCACCTGACAGGGAACAGGAAACACCATATATTTTGGAGAG	CASST*QGTGNTIYF	1	0.03005711	45	TCRBV05-01*01	TCRBV05	TCRBV05-01	1.0				TCRBD01-01*01	TCRBD01	TCRBD01-01	1.0				TCRBJ01-03*01	TCRBJ01	TCRBJ01-03	1.0				4	4	2	3	4	4	36	48	52	59	63	1	Stop	VDJ							0.0
1381	TTGTTGCTGGGGGACTCGGCCCTCTATCTCTGTGCCAGCAGCTCATTCGGGACAGGGGGGACTAGTCACGAGCAGTACTTCGGGCCG	CASSSFGTGGTSHEQYF	1	0.03005711	51	TCRBV05-06*01	TCRBV05	TCRBV05-06	1.0				TCRBD01-01*01	TCRBD01	TCRBD01-01	1.0				TCRBJ02-07*01	TCRBJ02	TCRBJ02-07	1.0				3	5	0	1	8	5	30	43	48	59	67	1	In	VDJ							0.0
1382	CTGGAGTCGGCTGCTCCCTCCCAGACATCTGTGTACTTCTGTGCCAGCAGTGCCTCGGGACTAGCTTACGAGCAGTACTTCGGGCCG	CASSASGLAYEQYF	1	0.03005711	42	TCRBV06-01*01	TCRBV06	TCRBV06-01	1.0				TCRBD02-01	TCRBD02	TCRBD02-01				01,02	TCRBJ02-07*01	TCRBJ02	TCRBJ02-07	1.0				4	4	0	7	1	4	39	52	56	65	66	1	In	VDJ							0.0
1383	GCCCTGCAGCCAGAAGACTCAGCCCTGTATCTCTGCGCCAGCAGCCAAGAGGGGGGTACAGGGGGCAATGGCTACACCTTCGGTTCG	CASSQEGGTGGNGYTF	1	0.03005711	48	TCRBV04-01*01	TCRBV04	TCRBV04-01	1.0				TCRBD01-01*01	TCRBD01	TCRBD01-01	1.0				TCRBJ01-02*01	TCRBJ01	TCRBJ01-02	1.0				0	7	3	0	1	6	33	50	57	66	67	1	In	VDJ							0.0
1384	ACGATCCAGCGCACACAGCAGGAGGACTCGGCCGTGTATCTCTGTGCCAGCAGCTCGGAGGGGAACTATGGCTACACCTTCGGTTCG	CASSSEGNYGYTF	1	0.03005711	39	TCRBV07-02*01	TCRBV07	TCRBV07-02	1.0				TCRBD02-01*02	TCRBD02	TCRBD02-01	2.0				TCRBJ01-02*01	TCRBJ01	TCRBJ01-02	1.0				4	1	10	0	1	2	42	55	56	62	63	1	In	VDJ							0.0
1385	CCAGTGCCCATCCTGAAGACAGCAGCTTCTACATCTGCAGTGCTAGACCCACAATCGACAGGACGGCAGCCCCAGCATTTTGGTGAT		1	0.03005711	46	TCRBV20	TCRBV20	unresolved			TCRBV20-01,TCRBV20-or09_02		TCRBD01-01*01	TCRBD01	TCRBD01-01	1.0				TCRBJ01-05*01	TCRBJ01	TCRBJ01-05	1.0				2	9	2	4	4	7	35	47	56	62	66	1	Out	VDJ							0.0
1386	GCCCTCAGAACCCAGGGACTCAGCTGTGTACTTCTGTGCCAGCAGTTTAGGTGCGACAGGGTCAATCAGCCCCAGCATTTTGGTGAT		1	0.03005711	47	TCRBV12	TCRBV12	unresolved			TCRBV12-03,TCRBV12-04		TCRBD01-01*01	TCRBD01	TCRBD01-01	1.0				TCRBJ01-05*01	TCRBJ01	TCRBJ01-05	1.0				1	4	2	3	1	3	34	50	54	61	62	1	Out	VDJ							0.0
1387	ATCCAGCGCACACAGCAGGAGGACTCGGCCGTGTATCTCTGTGCCAGCAGCTTAGGCACAGGGAATCAGCCCCAGCATTTTGGTGAT	CASSLGTGNQPQHF	1	0.03005711	42	TCRBV07-02*01	TCRBV07	TCRBV07-02	1.0				TCRBD01-01*01	TCRBD01	TCRBD01-01	1.0				TCRBJ01-05*01	TCRBJ01	TCRBJ01-05	1.0				1	2	3	3	0	4	39	55	57	-1	63	1	In	VDJ							0.0
1388	ACAAAGCTGGAGGACTCAGCCATGTACTTCTGTGCCAGCTGCGTCTCGGGGTTTGAGGACAGCGATCAGCCCCAGCATTTTGGTGAT	CASCVSGFEDSDQPQHF	1	0.03005711	51	TCRBV02-01*01	TCRBV02	TCRBV02-01	1.0				TCRBD01-01*01	TCRBD01	TCRBD01-01	1.0				TCRBJ01-05*01	TCRBJ01	TCRBJ01-05	1.0				8	17	1	5	2	5	30	39	56	62	64	1	In	VDJ							0.0
1389	ATCCAGCGCACAGAGCAGGGGGACTCGGCCATGTATCTCTGTGCCAGCAGCTTAGAACGGTTGAACACTGAAGCTTTCTTTGGACAA	CASSLERLNTEAFF	1	0.03005711	42	TCRBV07-09	TCRBV07	TCRBV07-09				01,03	TCRBD02-01	TCRBD02	TCRBD02-01				01,02	TCRBJ01-01*01	TCRBJ01	TCRBJ01-01	1.0				1	2	8	5	1	0	39	55	57	60	61	1	In	VDJ							0.0
1390	TTGGAGCTGGACGACTCGGCCCTGTATCTCTGTGCCAGCAGTGCCGGGACTAGCCGCTCGAGGACCGGGGAGCTGTTTTTTGGAGAA	CASSAGTSRSRTGELFF	1	0.03005711	51	TCRBV05-04*01	TCRBV05	TCRBV05-04	1.0				TCRBD02-01	TCRBD02	TCRBD02-01				01,02	TCRBJ02-02*01	TCRBJ02	TCRBJ02-02	1.0				5	4	0	7	9	5	30	41	45	54	63	1	In	VDJ							0.0
1391	AACATGAGCCCTGAAGACAGCAGCATATATCTCTGCAGCGTTGAGAAGGGCGGGGGGGCTTCGTCCGGTGAGCAGTTCTTCGGGCCA	CSVEKGGGASSGEQFF	1	0.03005711	48	TCRBV29-01*01	TCRBV29	TCRBV29-01	1.0				TCRBD02-01*01	TCRBD02	TCRBD02-01	1.0				TCRBJ02-01*01	TCRBJ02	TCRBJ02-01	1.0				3	5	7	0	10	9	33	44	49	58	68	1	In	VDJ							0.0
1392	AGCAACATGAGCCCTGAAGACAGCAGCAGACCTGGCTGCTTAAGAGGGAAAAGGGTTCACTCTGGAAACACCATATATTTTGGAGAG	CLRGKRVHSGNTIYF	1	0.03005711	45	TCRBV29-01*01	TCRBV29	TCRBV29-01	1.0				TCRBD02-01*02	TCRBD02	TCRBD02-01	2.0				TCRBJ01-03*01	TCRBJ01	TCRBJ01-03	1.0				22	15	11	0	11	0	36	28	43	48	59	1	In	VDJ							0.0
1393	CTGGAGTCAGCTACCCGCTCCCAGACATCTGTGTATTTCTGCGCCAGCGCCCCCTCCGGCTCTGGAAACACCATATATTTTGGAGAG	CASAPSGSGNTIYF	1	0.03005711	42	TCRBV10-02*01	TCRBV10	TCRBV10-02	1.0				TCRBD02-01	TCRBD02	TCRBD02-01				01,02	TCRBJ01-03*01	TCRBJ01	TCRBJ01-03	1.0				8	8	8	5	0	0	39	48	56	-1	59	1	In	VDJ							0.0
1394	GTGACCAGTGCCCATCCTGAAGACAGCAGCTTCTACATCTGCAGTGCTAGGCGGACTAGCGGGACCTACGAGCAGTACTTCGGGCCG	CSARRTSGTYEQYF	1	0.03005711	42	TCRBV20	TCRBV20	unresolved			TCRBV20-01,TCRBV20-or09_02		TCRBD02-01*02	TCRBD02	TCRBD02-01	2.0				TCRBJ02-07*01	TCRBJ02	TCRBJ02-07	1.0				3	2	1	3	0	2	39	50	52	-1	64	1	In	VDJ							0.0
1395	AGGCTGGAGTCGGCTGCTCCCTCCCAGACATCTGTGTACTTCTGTGCCAGCATCAAAGGCAGGGTCTACGAGCAGTACTTCGGGCCG	CASIKGRVYEQYF	1	0.03005711	39	TCRBV06-01*01	TCRBV06	TCRBV06-01	1.0				TCRBD01-01*01	TCRBD01	TCRBD01-01	1.0				TCRBJ02-07*01	TCRBJ02	TCRBJ02-07	1.0				7	7	4	3	1	3	42	52	59	64	65	1	In	VDJ							0.0
1396	GTGAACGCCTTGGAGCTGGACGACTCGGCCCTGTATCTCTGTGCCAGCAGCTTGGGGGCCGGACCGGGCGAGCAGTACTTCGGGCCG	CASSLGAGPGEQYF	1	0.03005711	42	TCRBV05-04*01	TCRBV05	TCRBV05-04	1.0				unresolved		unresolved		TCRBD01,TCRBD02	TCRBD01-01,TCRBD02-01		TCRBJ02-07*01	TCRBJ02	TCRBJ02-07	1.0				0	5	1	7	4	6	39	55	60	64	68	1	In	VDJ							0.0
1397	CAGCGCACACAGCAGGAGGACTCGGCCGTGTATCTCTGTGCCAGCAGTAGCTTGAGACAGGGGGTCAGGGAGCAGTACTTCGGGCCG	CASSSLRQGVREQYF	1	0.03005711	45	TCRBV07-02*01	TCRBV07	TCRBV07-02	1.0				TCRBD01-01*01	TCRBD01	TCRBD01-01	1.0				TCRBJ02-07*01	TCRBJ02	TCRBJ02-07	1.0				6	8	2	1	5	7	36	47	55	64	69	1	In	VDJ							0.0
1398	CTGACAGTGACCAGTGCCCATCCTGAAGACAGCAGCTTCTACATCTGCAGTGCTAGCGGACAGGGCTATGGCTACACCTTCGGTTCG	CSASGQGYGYTF	1	0.03005711	36	TCRBV20	TCRBV20	unresolved			TCRBV20-01,TCRBV20-or09_02		TCRBD01-01*01	TCRBD01	TCRBD01-01	1.0				TCRBJ01-02*01	TCRBJ01	TCRBJ01-02	1.0				3	1	1	3	0	4	45	56	57	-1	65	1	In	VDJ							0.0
1399	CTGAAGATCCAGCCCTCAGAACCCAGGGACTCAGCTGTGTACTTCTGTGCCAGCACCGGGGGGCGGTATGGCTACACCTTCGGTTCG	CASTGGRYGYTF	1	0.03005711	36	TCRBV12	TCRBV12	unresolved			TCRBV12-03,TCRBV12-04		TCRBD02-01*01	TCRBD02	TCRBD02-01	1.0				TCRBJ01-02*01	TCRBJ01	TCRBJ01-02	1.0				7	1	8	1	3	5	45	55	56	63	66	1	In	VDJ							0.0
1400	GAGATCCAGCGCACAGAGCAGGGGGACTCGGCCATGTATCTCTGTGCCAGCAGCTACGGACAGACCACTGAAGCTTTCTTTGGACAA	CASSYGQTTEAFF	1	0.03005711	39	TCRBV07-09	TCRBV07	TCRBV07-09				01,03	TCRBD01-01*01	TCRBD01	TCRBD01-01	1.0				TCRBJ01-01*01	TCRBJ01	TCRBJ01-01	1.0				4	2	1	5	2	4	42	55	57	63	65	1	In	VDJ							0.0
1401	CAGCGCACAGAGCGGGGGGACTCAGCCGTGTATCTCTGTGCCAGCAGAACACCGAGACTACGGCAAGAGACCCAGTACTTCGGGCCA	CASRTPRLRQETQYF	1	0.03005711	45	TCRBV07-03*01	TCRBV07	TCRBV07-03	1.0				TCRBD02-01	TCRBD02	TCRBD02-01				01,02	TCRBJ02-05*01	TCRBJ02	TCRBJ02-05	1.0				6	8	2	9	3	2	36	47	55	60	63	1	In	VDJ							0.0
1402	CACACCCTGCAGCCAGAAGACTCGGCCCTGTATCTCTGCGCCAGCAGCCCAACCGCGACTAGACTCAATGAGCAGTTCTTCGGGCCA	CASSPTATRLNEQFF	1	0.03005711	45	TCRBV04-03*01	TCRBV04	TCRBV04-03	1.0				TCRBD02-01	TCRBD02	TCRBD02-01				01,02	TCRBJ02-01*01	TCRBJ02	TCRBJ02-01	1.0				4	7	2	8	3	6	36	49	56	62	65	1	In	VDJ							0.0
1403	ACCAGTGCCCATCCTGAAGACAGCAGCTTCTACATCTGCAGTGCTAACTCCATGGACGGATATAATTCACCCCTCCACTTTGGGAAC	CSANSMDGYNSPLHF	1	0.03005711	45	TCRBV20	TCRBV20	unresolved			TCRBV20-01,TCRBV20-or09_02		unresolved		unresolved		TCRBD01,TCRBD02	TCRBD01-01,TCRBD02-01		TCRBJ01-06*01	TCRBJ01	TCRBJ01-06	1.0				4	7	1	7	3	4	36	46	53	57	60	1	In	VDJ							0.0
1404	TCGCCCAGCCCCAACCAGACCTCTCTGTACTTCTGTGCCAGCAGTCCCGTATTGAGCTCCTATAATTCACCCCTCCACTTTGGGAAC	CASSPVLSSYNSPLHF	1	0.03005711	48	TCRBV27-01*01	TCRBV27	TCRBV27-01	1.0				TCRBD02-01*02	TCRBD02	TCRBD02-01	2.0				TCRBJ01-06*01	TCRBJ01	TCRBJ01-06	1.0				5	8	11	2	0	0	33	45	53	-1	56	1	In	VDJ							0.0
1405	CGCCCTGCAGCCAGAAGACTCAGCCCTGTATCTCTGCGCCAGCAGCCTTGCCGACCTAAGGGGGCCAACGTCCTGACTTTCGGGGCC		1	0.03005711	47	TCRBV04-01*01	TCRBV04	TCRBV04-01	1.0				unresolved		unresolved		TCRBD01,TCRBD02	TCRBD01-01,TCRBD02-01		TCRBJ02-06*01	TCRBJ02	TCRBJ02-06	1.0				4	5	2	7	5	4	34	47	52	55	60	1	Out	VDJ							0.0
1406	GAGTCTGCCATCCCCAACCAGACAGCTCTTTACTTCTGTGCCTCCCTGTGGGGTAGAGGGGCTGGAAACACCATATATTTTGGAGAG	CASLWGRGAGNTIYF	1	0.03005711	45	TCRBV24	TCRBV24	unresolved			TCRBV24-01,TCRBV24-or09_02		unresolved		unresolved		TCRBD01,TCRBD02	TCRBD01-01,TCRBD02-01		TCRBJ01-03*01	TCRBJ01	TCRBJ01-03	1.0				12	14	5	2	0	2	36	42	56	-1	61	1	In	VDJ							0.0
1407	TCCGCCAGCACCAACCAGACATCTATGTACCTCTGTGCCAGCAGTGCTACAGGGCTCAGCTCTGGAAACACCATATATTTTGGAGAG	CASSATGLSSGNTIYF	1	0.03005711	48	TCRBV28-01*01	TCRBV28	TCRBV28-01	1.0				TCRBD01-01*01	TCRBD01	TCRBD01-01	1.0				TCRBJ01-03*01	TCRBJ01	TCRBJ01-03	1.0				5	3	3	3	5	0	33	45	48	54	59	1	In	VDJ							0.0
1408	ATCCGGTCCACAAAGCTGGAGGACTCAGCCATGTACTTCTGTGCCAGCAGTGTTGGGGGCTCTGGAAACACCATATATTTTGGAGAG	CASSVGGSGNTIYF	1	0.03005711	42	TCRBV02-01*01	TCRBV02	TCRBV02-01	1.0				unresolved		unresolved		TCRBD01,TCRBD02	TCRBD01-01,TCRBD02-01		TCRBJ01-03*01	TCRBJ01	TCRBJ01-03	1.0				4	2	6	1	0	0	39	52	54	-1	59	1	In	VDJ							0.0
1409	CTGCAGCCAGAAGACTCGGCCCTGTATCTCTGTGCCAGCAGCCAAGGGGGGCAGCCGATCTCTGGAAACACCATATATTTTGGAGAG	CASSQGGQPISGNTIYF	1	0.03005711	51	TCRBV04-02*01	TCRBV04	TCRBV04-02	1.0				TCRBD01-01*01	TCRBD01	TCRBD01-01	1.0				TCRBJ01-03*01	TCRBJ01	TCRBJ01-03	1.0				1	0	6	0	7	0	30	-1	46	52	59	1	In	VDJ							0.0
1410	CTGTCGGCTGCTCCCTCCCAGACATCTGTGTACTTCTGTGCCAGCAGCCCCGCCGGGGGGGCCGGGTACGAGCAGTACTTCGGGCCG	CASSPAGGAGYEQYF	1	0.03005711	45	TCRBV06-05*01	TCRBV06	TCRBV06-05	1.0				TCRBD02-01*01	TCRBD02	TCRBD02-01	1.0				TCRBJ02-07*01	TCRBJ02	TCRBJ02-07	1.0				6	6	8	0	5	4	36	47	53	61	66	1	In	VDJ							0.0
1411	ACCTTGGAGCTGGGGGACTCGGCCCTTTATCTTTGCGCCAGCAGCTCGCCGACTAGCGGGGGGGTGTACGAGCAGTACTTCGGGCCG	CASSSPTSGGVYEQYF	1	0.03005711	48	TCRBV05-01*01	TCRBV05	TCRBV05-01	1.0				TCRBD02-01*01	TCRBD02	TCRBD02-01	1.0				TCRBJ02-07*01	TCRBJ02	TCRBJ02-07	1.0				3	4	2	0	2	4	33	46	50	64	66	1	In	VDJ							0.0
1412	CTGGAGTCAGCTACCCGCTCCCAGACATCTGTGTATTTCTGCGCCAGCAGCCAAGGGACAGGGGTTTACGAGCAGTACTTCGGGCCG	CASSQGTGVYEQYF	1	0.03005711	42	TCRBV10-02*01	TCRBV10	TCRBV10-02	1.0				TCRBD01-01*01	TCRBD01	TCRBD01-01	1.0				TCRBJ02-07*01	TCRBJ02	TCRBJ02-07	1.0				6	4	0	2	2	4	39	50	54	64	66	1	In	VDJ							0.0
1413	TTGGTGACTCTGCTGTGTATTTCTGTGCCAGCAGCCAAGGTGCCCAGACAGGGCGAAGTTCCTAACTATGGCTACACCTTCGGTTCG		1	0.03005711	58	TCRBV03	TCRBV03	unresolved			TCRBV03-01,TCRBV03-02		TCRBD01-01*01	TCRBD01	TCRBD01-01	1.0				TCRBJ01-02*01	TCRBJ01	TCRBJ01-02	1.0				1	7	2	3	8	0	23	39	46	53	61	1	Out	VDJ							0.0
1414	TCGGCTGCTCCCTCCCAGACATCTGTGTACTTCTGTGCCAGCAGTTACTCGGCAGGGTTTATGAACACTGAAGCTTTCTTTGGACAA	CASSYSAGFMNTEAFF	1	0.03005711	48	TCRBV06-05*01	TCRBV06	TCRBV06-05	1.0				TCRBD01-01*01	TCRBD01	TCRBD01-01	1.0				TCRBJ01-01*01	TCRBJ01	TCRBJ01-01	1.0				0	2	4	3	4	0	33	50	52	57	61	1	In	VDJ							0.0
1415	ACTCTGAAGATCCGGTCCACAAAGCTGGAGGACTCAGCCATGTACTTCTGTGCCGGCACACTGAACACTGAAGCTTTCTTTGGACAA	CAGTLNTEAFF	1	0.03005711	33	TCRBV02-01*01	TCRBV02	TCRBV02-01	1.0				unresolved		unresolved		TCRBD01,TCRBD02	TCRBD01-01,TCRBD02-01		TCRBJ01-01*01	TCRBJ01	TCRBJ01-01	1.0				7	1	3	7	0	0	48	58	59	-1	61	1	In	VDJ							0.0
1416	ATCCAGCCCTCAGAACCCAGGGACTCAGCTGTGTACTTCTGTGCCAGCAGTCCTGTATCCGGCACAGATACGCAGTATTTTGGCCCA	CASSPVSGTDTQYF	1	0.03005711	42	TCRBV12	TCRBV12	unresolved			TCRBV12-03,TCRBV12-04		TCRBD02-01	TCRBD02	TCRBD02-01				01,02	TCRBJ02-03*01	TCRBJ02	TCRBJ02-03	1.0				5	1	4	10	7	1	39	51	52	54	61	1	In	VDJ							0.0
1417	ATCCAGCCCTCAGAACCCAGGGACTCAGCTGTGTACTTCTGTGCCAGCAGTTTAGGGGGTACCAAAAACATTCAGTACTTCGGCGCC	CASSLGGTKNIQYF	1	0.03005711	42	TCRBV12	TCRBV12	unresolved			TCRBV12-03,TCRBV12-04		unresolved		unresolved		TCRBD01,TCRBD02	TCRBD01-01,TCRBD02-01		TCRBJ02-04*01	TCRBJ02	TCRBJ02-04	1.0				1	0	6	2	2	2	39	-1	55	59	61	1	In	VDJ							0.0
1418	GAGTCAGCTGCTCCCTCTCAGACTTCTGTTTACTTCTGTGCCAGCAGTTACTCCCCGGACAGACGCTACGAGCAGTACTTCGGGCCG	CASSYSPDRRYEQYF	1	0.03005711	45	TCRBV06-07*01	TCRBV06	TCRBV06-07	1.0				TCRBD01-01*01	TCRBD01	TCRBD01-01	1.0				TCRBJ02-07*01	TCRBJ02	TCRBJ02-07	1.0				0	3	1	5	3	3	36	53	56	62	65	1	In	VDJ							0.0
1419	TCTGCTGTACCCTCTCAGACATCTGTGTACTTCTGTGCCAGCAGTGAGTCCTCGACAGGGCGGCGGGCCGAGCAGTACTTCGGGCCG	CASSESSTGRRAEQYF	1	0.03005711	48	TCRBV06-04	TCRBV06	TCRBV06-04				01,02	TCRBD01-01*01	TCRBD01	TCRBD01-01	1.0				TCRBJ02-07*01	TCRBJ02	TCRBJ02-07	1.0				3	6	2	3	8	6	33	47	53	60	68	1	In	VDJ							0.0
1420	ACTAAACCTGAGCTCTCTGGAGCTGGGGGACTCAGCTTTGTATTTCTGTGCCAGACACAGGGGCCATATGGCTACACCTTCGGTTCG		1	0.03005711	35	TCRBV09-01	TCRBV09	TCRBV09-01				01,02	TCRBD01-01*01	TCRBD01	TCRBD01-01	1.0				TCRBJ01-02*01	TCRBJ01	TCRBJ01-02	1.0				8	2	3	2	3	5	46	54	56	63	66	1	Out	VDJ							0.0
1421	CAGCGCACACAGCAGGAGGACTCCGCCGTGTATCTCTGTGCCAGCAGCTTAGGAGCAGGAGCGGACTATGGCTACACCTTCGGTTCG	CASSLGAGADYGYTF	1	0.03005711	45	TCRBV07-08*01	TCRBV07	TCRBV07-08	1.0				TCRBD02-01	TCRBD02	TCRBD02-01				01,02	TCRBJ01-02*01	TCRBJ01	TCRBJ01-02	1.0				1	7	6	5	0	3	36	52	59	-1	64	1	In	VDJ							0.0
1422	CTGCAGCCAGAAGACTCGGCCCTGTATCTCTGCGCCAGCAGCCAAGAGGTAGGGGGACTGCTCAATCAGCCCCAGCATTTTGGTGAT	CASSQEVGGLLNQPQHF	1	0.03005711	51	TCRBV04-03*01	TCRBV04	TCRBV04-03	1.0				unresolved		unresolved		TCRBD01,TCRBD02	TCRBD01-01,TCRBD02-01		TCRBJ01-05*01	TCRBJ01	TCRBJ01-05	1.0				0	3	5	1	6	3	30	47	50	56	62	1	In	VDJ							0.0
1423	GTGAGCACCTTGGAGCTGGGGGACTCGGCCCTTTATCTTTGCGCCAGCAGCTTGAGACAGGGTTCCGGGGAGCTGTTTTTTGGAGAA	CASSLRQGSGELFF	1	0.03005711	42	TCRBV05-01*01	TCRBV05	TCRBV05-01	1.0				TCRBD01-01*01	TCRBD01	TCRBD01-01	1.0				TCRBJ02-02*01	TCRBJ02	TCRBJ02-02	1.0				1	1	2	3	2	6	39	54	55	62	64	1	In	VDJ							0.0
1424	TTGGAGCTGGGGGACTCGGCCCTTTATCTTTGCGCCAGCAGCGGGACTAGCGGGGGGGCCGGGTCAGATACGCAGTATTTTGGCCCA	CASSGTSGGAGSDTQYF	1	0.03005711	51	TCRBV05-01*01	TCRBV05	TCRBV05-01	1.0				TCRBD02-01*01	TCRBD02	TCRBD02-01	1.0				TCRBJ02-03*01	TCRBJ02	TCRBJ02-03	1.0				4	0	0	0	6	4	30	-1	42	58	64	1	In	VDJ							0.0
1425	TCGCCCAGCCCCAACCAGACCTCTCTGTACTTCTGTGCCAGCAGTTTGGCAAAGGGGGCAGGATATTCACCCCTCCACTTTGGGAAC	CASSLAKGAGYSPLHF	1	0.03005711	48	TCRBV27-01*01	TCRBV27	TCRBV27-01	1.0				TCRBD01-01*01	TCRBD01	TCRBD01-01	1.0				TCRBJ01-06*01	TCRBJ01	TCRBJ01-06	1.0				3	5	5	0	5	8	33	47	52	59	64	1	In	VDJ							0.0
1426	AGCTCCTTCTCAGTGACTCTGGCTTCTATCTCTGTGCCTGGGCTCGATATATAACAAAGTCGGGCCAACGTCCTGACTTTCGGGGCC		1	0.03005711	49	TCRBV30-01*01	TCRBV30	TCRBV30-01	1.0				TCRBD01-01*01	TCRBD01	TCRBD01-01	1.0				TCRBJ02-06*01	TCRBJ02	TCRBJ02-06	1.0				5	12	3	6	5	5	32	41	53	56	61	1	Out	VDJ							0.0
1427	AGCACCTTGGAGCTGGGGGACTCGGCCCTTTATCTTTGCGCCAGCAGCTTGCAAGGACAGGGGGCCGACGAGCAGTACTTCGGGCCG	CASSLQGQGADEQYF	1	0.03005711	45	TCRBV05-01*01	TCRBV05	TCRBV05-01	1.0				TCRBD01-01*01	TCRBD01	TCRBD01-01	1.0				TCRBJ02-07*01	TCRBJ02	TCRBJ02-07	1.0				1	3	1	0	2	5	36	51	54	65	67	1	In	VDJ							0.0
1428	GGGTTGGAGTCGGCTGCTCCCTCCCAAACATCTGTGTACTTCTGTGCCAGCAAACCGGACAGGGTTAGTGGCTACACCTTCGGTTCG	CASKPDRVSGYTF	1	0.03005711	39	TCRBV06	TCRBV06	unresolved			TCRBV06-02,TCRBV06-03		TCRBD01-01*01	TCRBD01	TCRBD01-01	1.0				TCRBJ01-02*01	TCRBJ01	TCRBJ01-02	1.0				7	4	1	3	4	7	42	52	56	64	68	1	In	VDJ							0.0
1429	CCTGCAAAGCTTGAGGACTCGGCCGTGTATCTCTGTGCCAGCAGCTCGGGGGGGCGGTTTAGCAATCAGCCCCAGCATTTTGGTGAT	CASSSGGRFSNQPQHF	1	0.03005711	48	TCRBV11-02*02	TCRBV11	TCRBV11-02	2.0				TCRBD02-01*01	TCRBD02	TCRBD02-01	1.0				TCRBJ01-05*01	TCRBJ01	TCRBJ01-05	1.0				4	0	8	0	5	0	33	-1	46	54	59	1	In	VDJ							0.0
1430	TTGGAGTCGGCTGCTCCCTCCCAAACATCTGTGTACTTCTGTGCCAGCAGTCGAGCAGGGGTCAACACTGAAGCTTTCTTTGGACAA	CASSRAGVNTEAFF	1	0.03005711	42	TCRBV06	TCRBV06	unresolved			TCRBV06-02,TCRBV06-03		TCRBD01-01*01	TCRBD01	TCRBD01-01	1.0				TCRBJ01-01*01	TCRBJ01	TCRBJ01-01	1.0				5	4	4	2	2	2	39	51	55	61	63	1	In	VDJ							0.0
1431	GTGAGCACCTTGGAGCTGGGGGACTCGGCCCTTTATCTTTGCGCCAGCAGCTTGGTGGACCCGAACACTGAAGCTTTCTTTGGACAA	CASSLVDPNTEAFF	1	0.03005711	42	TCRBV05-01*01	TCRBV05	TCRBV05-01	1.0				unresolved		unresolved		TCRBD01,TCRBD02	TCRBD01-01,TCRBD02-01		TCRBJ01-01*01	TCRBJ01	TCRBJ01-01	1.0				0	1	1	7	2	1	39	55	56	60	62	1	In	VDJ							0.0
1432	CAGCCCTCAGAACCCAGGGACTCAGCTGTGTACTTCTGTGCCAGCAGGTCTCAGGGGGCACTTGCAGATACGCAGTATTTTGGCCCA	CASRSQGALADTQYF	1	0.03005711	45	TCRBV12	TCRBV12	unresolved			TCRBV12-03,TCRBV12-04		TCRBD01-01*01	TCRBD01	TCRBD01-01	1.0				TCRBJ02-03*01	TCRBJ02	TCRBJ02-03	1.0				6	4	4	0	5	4	36	47	51	59	64	1	In	VDJ							0.0
1433	AGCTCCTTCTCAGTGACTCTGGCTTCTATCTCTGTGCCTGGACCATACCGGGCTAGCGGGGGCCAAGATGAGCAGTTCTTCGGGCCA		1	0.03005711	49	TCRBV30-01*01	TCRBV30	TCRBV30-01	1.0				TCRBD02-01*01	TCRBD02	TCRBD02-01	1.0				TCRBJ02-01*01	TCRBJ02	TCRBJ02-01	1.0				4	10	4	2	5	8	32	42	52	62	67	1	Out	VDJ							0.0
1434	CTGGAGTCCGCTACCAGCTCCCAGACATCTGTGTACTTCTGTGCCATCAGTGAAGGGACCGGTAATTCACCCCTCCACTTTGGGAAC	CAISEGTGNSPLHF	1	0.03005711	42	TCRBV10-03*01	TCRBV10	TCRBV10-03	1.0				unresolved		unresolved		TCRBD01,TCRBD02	TCRBD01-01,TCRBD02-01		TCRBJ01-06*01	TCRBJ01	TCRBJ01-06	1.0				3	1	0	7	3	6	39	53	54	59	62	1	In	VDJ							0.0
1435	AGCACCTTGGAGCTGGGGGACTCGGCCCTTTATCTTTGCGCCAGCAGCTTGGAGGCGAGTTACACCTACGAGCAGTACTTCGGGCCG	CASSLEASYTYEQYF	1	0.03005711	45	TCRBV05-01*01	TCRBV05	TCRBV05-01	1.0				unresolved		unresolved		TCRBD01,TCRBD02	TCRBD01-01,TCRBD02-01		TCRBJ02-07*01	TCRBJ02	TCRBJ02-07	1.0				0	9	3	6	0	2	36	52	61	-1	64	1	In	VDJ							0.0
1436	AGGCTGGAGTCGGCTGCTCCCTCCCAGACATCTGTGTACTTCTGTGCCAGCATGCTAGCGGGGACCTACGAGCAGTACTTCGGGCCG	CASMLAGTYEQYF	1	0.03005711	39	TCRBV06-01*01	TCRBV06	TCRBV06-01	1.0				TCRBD02-01*01	TCRBD02	TCRBD02-01	1.0				TCRBJ02-07*01	TCRBJ02	TCRBJ02-07	1.0				7	2	4	3	1	2	42	52	54	63	64	1	In	VDJ							0.0
1437	CTGACAGTGACCAGTGCCCATCCTGAAGACAGCAGCTTCTACATCTGCAGTTTAAGTGGGGGAAACTATGGCTACACCTTCGGTTCG	CSLSGGNYGYTF	1	0.03005711	36	TCRBV20	TCRBV20	unresolved			TCRBV20-01,TCRBV20-or09_02		unresolved		unresolved		TCRBD01,TCRBD02	TCRBD01-01,TCRBD02-01		TCRBJ01-02*01	TCRBJ01	TCRBJ01-02	1.0				8	6	6	1	1	2	45	51	57	62	63	1	In	VDJ							0.0
1438	ATCCTGGAGTCGCCCAGCCCCAACCAGACCTCTCTGTACTTCTGTGCCAGCAGTTTCACTCCCAACTATGGCTACACCTTCGGTTCG	CASSFTPNYGYTF	1	0.03005711	39	TCRBV27-01*01	TCRBV27	TCRBV27-01	1.0				TCRBD02-01	TCRBD02	TCRBD02-01				01,02	TCRBJ01-02*01	TCRBJ01	TCRBJ01-02	1.0				3	1	3	10	3	2	42	56	57	60	63	1	In	VDJ							0.0
1439	CCTCAGAACCCAGGGACTCAGCTGTGTACTTCTGTGCCAGCAGTATGCTTGGAGCTCCGAAAGACCTATGGCTACACCTTCGGTTCG		1	0.03005711	49	TCRBV12	TCRBV12	unresolved			TCRBV12-03,TCRBV12-04		TCRBD02-01*02	TCRBD02	TCRBD02-01	2.0				TCRBJ01-02*01	TCRBJ01	TCRBJ01-02	1.0				5	6	10	2	11	4	32	44	50	54	65	1	Out	VDJ							0.0
1440	AGCAACATGAGCCCTGAAGACAGCAGCATATATCTCTGCAGCGTGGCCCCGTCCGGACAGGGTAACACTGAAGCTTTCTTTGGACAA	CSVAPSGQGNTEAFF	1	0.03005711	45	TCRBV29-01*01	TCRBV29	TCRBV29-01	1.0				TCRBD01-01*01	TCRBD01	TCRBD01-01	1.0				TCRBJ01-01*01	TCRBJ01	TCRBJ01-01	1.0				6	10	1	3	1	2	36	44	54	62	63	1	In	VDJ							0.0
1441	AGCACCTTGGAGCTGGGGGACTCGGCCCTTTATCTTTGCGCCAGCAGCCGGGACGGCCCGAACACCGGGGAGCTGTTTTTTGGAGAA	CASSRDGPNTGELFF	1	0.03005711	45	TCRBV05-01*01	TCRBV05	TCRBV05-01	1.0				unresolved		unresolved		TCRBD01,TCRBD02	TCRBD01-01,TCRBD02-01		TCRBJ02-02*01	TCRBJ02	TCRBJ02-02	1.0				4	1	0	7	4	0	36	48	49	54	58	1	In	VDJ							0.0
1442	CTGGGGTTGGAGTCGGCTGCTCCCTCCCAAACATCTGTGTACTTCTGTGCCAGCAGAAAGACTACAGGGACCCAGTACTTCGGGCCA	CASRKTTGTQYF	1	0.03005711	36	TCRBV06	TCRBV06	unresolved			TCRBV06-02,TCRBV06-03		unresolved		unresolved		TCRBD01,TCRBD02	TCRBD01-01,TCRBD02-01		TCRBJ02-05*01	TCRBJ02	TCRBJ02-05	1.0				6	7	3	4	0	7	45	56	63	-1	68	1	In	VDJ							0.0
1443	TCCCCAACCAGACAGCTCTTTACTTCTGTGCCACCAGTGACCCGAGGGACAACCGAGACCAATAATTCACCCCTCCACTTTGGGAAC		1	0.03005711	55	TCRBV24	TCRBV24	unresolved			TCRBV24-01,TCRBV24-or09_02		TCRBD01-01*01	TCRBD01	TCRBD01-01	1.0				TCRBJ01-06*01	TCRBJ01	TCRBJ01-06	1.0				4	5	0	6	10	5	26	40	45	51	61	1	Out	VDJ							0.0
1444	GTTGGCGTCTGCTGTACCCTCTCAGACATCTGTGTACTTCTGTGCCAGCCTATAGACAAGGGGATCTACGAGCAGTACTTCGGGCCG		1	0.03005711	41	TCRBV06-04	TCRBV06	TCRBV06-04				01,02	TCRBD01-01*01	TCRBD01	TCRBD01-01	1.0				TCRBJ02-07*01	TCRBJ02	TCRBJ02-07	1.0				8	9	5	2	2	3	40	49	58	63	65	1	Out	VDJ							0.0
1445	CAGCGCACAGAGCAGGGGGACTCGGCCATGTATCTCTGTGCCAGCAGCTATTCGACCGGACAGGGGAGCGGCTACACCTTCGGTTCG	CASSYSTGQGSGYTF	1	0.03005711	45	TCRBV07-09	TCRBV07	TCRBV07-09				01,03	TCRBD01-01*01	TCRBD01	TCRBD01-01	1.0				TCRBJ01-02*01	TCRBJ01	TCRBJ01-02	1.0				4	8	1	2	3	8	36	49	57	66	69	1	In	VDJ							0.0
1446	GCCTTGTTGCTGGGGGACTCGGCCCTCTATCTCTGTGCCAGCAGCTTTACCGGGACAGGGGGTCCCTATGGCTACACCTTCGGTTCG	CASSFTGTGGPYGYTF	1	0.03005711	48	TCRBV05-06*01	TCRBV05	TCRBV05-06	1.0				TCRBD01-01*01	TCRBD01	TCRBD01-01	1.0				TCRBJ01-02*01	TCRBJ01	TCRBJ01-02	1.0				2	4	0	1	3	4	33	47	51	62	65	1	In	VDJ							0.0
1447	CTGACAGTGACCAGTGCCCATCCTGAAGACAGCAGCTTCTACATCTGCAGTGCTAGAGACAGCAATCAGCCCCAGCATTTTGGTGAT	CSARDSNQPQHF	1	0.03005711	36	TCRBV20	TCRBV20	unresolved			TCRBV20-01,TCRBV20-or09_02		unresolved		unresolved					TCRBJ01-05*01	TCRBJ01	TCRBJ01-05	1.0				0	0	0	0	1	1	45	-1	-1	59	60	1	In	VJ							0.0
1448	CCTAGAGTCTGCCATCCCCAACCAGACAGCTCTTTACTTCTGTGCCACCCACCAACCGACGGCGGCACTGAAGCTTTCTTTGGACAA		1	0.03005711	41	TCRBV24	TCRBV24	unresolved			TCRBV24-01,TCRBV24-or09_02		TCRBD02-01	TCRBD02	TCRBD02-01				01,02	TCRBJ01-01*01	TCRBJ01	TCRBJ01-01	1.0				9	12	7	5	0	4	40	49	61	-1	65	1	Out	VDJ							0.0
1449	AAGATCCAGCCTGCAAAGCTTGAGGACTCGGCCGTGTATCTCTGTGCCAGCAGCTCCCCGAACACCGGGGAGCTGTTTTTTGGAGAA	CASSSPNTGELFF	1	0.03005711	39	TCRBV11-02*02	TCRBV11	TCRBV11-02	2.0				unresolved		unresolved					TCRBJ02-02*01	TCRBJ02	TCRBJ02-02	1.0				4	0	0	0	3	0	42	-1	-1	55	58	1	In	VJ							0.0
1450	AGCAACATGAGCCCTGAAGACAGCAGCATATATCTCTGCAGCGTTGGGGGACAGGGGATTAACACCGGGGAGCTGTTTTTTGGAGAA	CSVGGQGINTGELFF	1	0.03005711	45	TCRBV29-01*01	TCRBV29	TCRBV29-01	1.0				TCRBD01-01*01	TCRBD01	TCRBD01-01	1.0				TCRBJ02-02*01	TCRBJ02	TCRBJ02-02	1.0				4	1	0	2	3	2	36	46	47	57	60	1	In	VDJ							0.0
1451	AACGCCTTGTTGCTGGGGGACTCGGCCCTCTATCTCTGTGCCAGCAGCCCGGGACAGGGGCATAATTCACCCCTCCACTTTGGGAAC	CASSPGQGHNSPLHF	1	0.03005711	45	TCRBV05-06*01	TCRBV05	TCRBV05-06	1.0				TCRBD01-01*01	TCRBD01	TCRBD01-01	1.0				TCRBJ01-06*01	TCRBJ01	TCRBJ01-06	1.0				4	2	0	2	1	5	36	48	50	60	61	1	In	VDJ							0.0
1452	AGCACCTTGGAGCTGGGGGACTCGGCCCTTTATCTTTGCGCCAGCAGCCCCCTCGGGACAGTTCCTAACGAGCAGTACTTCGGGCCG	CASSPLGTVPNEQYF	1	0.03005711	45	TCRBV05-01*01	TCRBV05	TCRBV05-01	1.0				TCRBD01-01*01	TCRBD01	TCRBD01-01	1.0				TCRBJ02-07*01	TCRBJ02	TCRBJ02-07	1.0				4	6	0	5	6	5	36	48	54	61	67	1	In	VDJ							0.0
1453	CGGTCCACAAAGCTGGAGGACTCAGCCATGTACTTCTGTGCCAGCAGTGACCCCGGAGGGGTTGCCTACGAGCAGTACTTCGGGCCG	CASSDPGGVAYEQYF	1	0.03005711	45	TCRBV02-01*01	TCRBV02	TCRBV02-01	1.0				TCRBD02-01*02	TCRBD02	TCRBD02-01	2.0				TCRBJ02-07*01	TCRBJ02	TCRBJ02-07	1.0				3	4	10	0	4	2	36	50	54	60	64	1	In	VDJ							0.0
1454	GTCGGCTGCTCCCTCCCAAACATCTGTGTACTTCTGTGCCAGCAGCTCCTTTGACAGGGGAGCTCCTACGAGCAGTACTTCGGGCCG		1	0.03005711	47	TCRBV06	TCRBV06	unresolved			TCRBV06-02,TCRBV06-03		TCRBD01-01*01	TCRBD01	TCRBD01-01	1.0				TCRBJ02-07*01	TCRBJ02	TCRBJ02-07	1.0				6	7	2	2	2	0	34	45	52	60	62	1	Out	VDJ							0.0
1455	ATCCAGCGCACACAGCAGGAGGACTCGGCCGTGTATCTCTGTGCCAGCAGCTCAATGGGGAGCTCCTACGAGCAGTACTTCGGGCCG	CASSSMGSSYEQYF	1	0.03005711	42	TCRBV07-02*01	TCRBV07	TCRBV07-02	1.0				TCRBD02-01*02	TCRBD02	TCRBD02-01	2.0				TCRBJ02-07*01	TCRBJ02	TCRBJ02-07	1.0				4	5	9	2	0	0	39	52	57	-1	62	1	In	VDJ							0.0
1456	ACCAGTGCCCATCCTGAAGACAGCAGCTTCTACATCTGCAGTGCTAGCAGCCCCCAGGGGTAAAGAGGCGAGCAGTACTTCGGGCCG	CSASSPQG*RGEQYF	1	0.03005711	45	TCRBV20	TCRBV20	unresolved			TCRBV20-01,TCRBV20-or09_02		TCRBD01-01*01	TCRBD01	TCRBD01-01	1.0				TCRBJ02-07*01	TCRBJ02	TCRBJ02-07	1.0				3	7	4	2	8	6	36	47	54	60	68	1	Stop	VDJ							0.0
1457	GCCTTGGAGCTGGACGACTCGGCCCTGTATCTCTGTGCCAGCAGCTTCGGACCGAGACAGGGGTACGGCGAGCAGTACTTCGGGCCG	CASSFGPRQGYGEQYF	1	0.03005711	48	TCRBV05-04*01	TCRBV05	TCRBV05-04	1.0				TCRBD01-01*01	TCRBD01	TCRBD01-01	1.0				TCRBJ02-07*01	TCRBJ02	TCRBJ02-07	1.0				2	8	2	2	5	6	33	47	55	63	68	1	In	VDJ							0.0
1458	CTGAATGTGAACGCCTTGTTGCTGGGGGACTCGGCCCTCTATCTCTGTGCCAGCAGTATACGGGAACATGGCTACACCTTCGGTTCG	CASSIREHGYTF	1	0.03005711	36	TCRBV05-06*01	TCRBV05	TCRBV05-06	1.0				TCRBD02-01*02	TCRBD02	TCRBD02-01	2.0				TCRBJ01-02*01	TCRBJ01	TCRBJ01-02	1.0				5	4	8	3	2	6	45	56	60	65	67	1	In	VDJ							0.0
1459	CCCTAGAGTCTGCCATCCCCAACCAGACAGCTCTTTACTTCTGTGCCACCAGTGATTTGGTGGAGGGGGAGGGGGACCTTCGGTTCG		1	0.03005711	40	TCRBV24	TCRBV24	unresolved			TCRBV24-01,TCRBV24-or09_02		TCRBD02-01*02	TCRBD02	TCRBD02-01	2.0				TCRBJ01-02*01	TCRBJ01	TCRBJ01-02	1.0				0	7	9	0	2	14	41	59	66	73	75	1	Out	VDJ							0.0
1460	ACAGTGACCAGTGCCCATCCTGAAGACAGCAGCTTCTACATCTGCAGTGCTAACGGATGGACGAACACTGAAGCTTTCTTTGGACAA	CSANGWTNTEAFF	1	0.03005711	39	TCRBV20	TCRBV20	unresolved			TCRBV20-01,TCRBV20-or09_02		unresolved		unresolved		TCRBD01,TCRBD02	TCRBD01-01,TCRBD02-01		TCRBJ01-01*01	TCRBJ01	TCRBJ01-01	1.0				4	6	1	7	0	1	42	52	58	-1	62	1	In	VDJ							0.0
1461	AAGATCCAGCCCTCAGAACCCAGGGACTCAGCTGTGTACTTCTGTGCCAGCAGTTCTCTGGACCGTGTAGTAGCTTTCTTTGGACAA	CASSSLDRVVAFF	1	0.03005711	39	TCRBV12	TCRBV12	unresolved			TCRBV12-03,TCRBV12-04		unresolved		unresolved		TCRBD01,TCRBD02	TCRBD01-01,TCRBD02-01		TCRBJ01-01*01	TCRBJ01	TCRBJ01-01	1.0				4	4	1	7	8	10	42	55	59	63	71	1	In	VDJ							0.0
1462	TTCTCAGTGACTCTGGCTTCTATCTCTGTGCCTGGACCACATAGCGGGGCAAGGGGGGGCGACACAGATACGCAGTATTTTGGCCCA		1	0.03005711	55	TCRBV30-01*01	TCRBV30	TCRBV30-01	1.0				TCRBD02-01*01	TCRBD02	TCRBD02-01	1.0				TCRBJ02-03*01	TCRBJ02	TCRBJ02-03	1.0				4	5	5	3	13	2	26	36	41	49	62	1	Out	VDJ							0.0
1463	CCAGAAGACTCAGCCCTGTATCTCTGCGCCAGCAGCGAACGGGCGCTAGCGGGGGGGCCATTGGCAGATACGCAGTATTTTGGCCCA	CASSERALAGGPLADTQYF	1	0.03005711	57	TCRBV04-01*01	TCRBV04	TCRBV04-01	1.0				TCRBD02-01*01	TCRBD02	TCRBD02-01	1.0				TCRBJ02-03*01	TCRBJ02	TCRBJ02-03	1.0				5	9	4	0	7	4	24	36	45	57	64	1	In	VDJ							0.0
1464	CTGCTGTCGGCTGCTCCCTCCCAGACATCTGTGTACTTCTGTGCCAGCAGTTACTCGACGGGCTACAATGAGCAGTTCTTCGGGCCA	CASSYSTGYNEQFF	1	0.03005711	42	TCRBV06-05*01	TCRBV06	TCRBV06-05	1.0				TCRBD02-01	TCRBD02	TCRBD02-01				01,02	TCRBJ02-01*01	TCRBJ02	TCRBJ02-01	1.0				0	2	8	4	0	3	39	56	58	-1	62	1	In	VDJ							0.0
1465	CTGCTGTCGGCTGCTCCCTCCCAGACATCTGTGTACTTCTGTGCCAGCAGTTACTCCGGGATCTCAGGGGTCCTGACTTTCGGGGCC	CASSYSGISGVLTF	1	0.03005711	42	TCRBV06-05*01	TCRBV06	TCRBV06-05	1.0				unresolved		unresolved		TCRBD01,TCRBD02	TCRBD01-01,TCRBD02-01		TCRBJ02-06*01	TCRBJ02	TCRBJ02-06	1.0				0	8	4	3	0	13	39	56	64	-1	69	1	In	VDJ							0.0
1466	AACGCCTTGTTGCTGGGGGACTCGGCCCTCTATCTCTGTGCCAGCAGCTTGGGGCAGGGTCTCGGCTATGGCTACACCTTCGGTTCG	CASSLGQGLGYGYTF	1	0.03005711	45	TCRBV05-06*01	TCRBV05	TCRBV05-06	1.0				TCRBD01-01*01	TCRBD01	TCRBD01-01	1.0				TCRBJ01-02*01	TCRBJ01	TCRBJ01-02	1.0				0	2	4	3	6	4	36	52	54	59	65	1	In	VDJ							0.0
1467	CAGCGCACACAGCAGGAGGACTCCGCCGTGTATCTCTGTGCCAGCAGCTTAGTCACTAGCGGAACCTACGAGCAGTACTTCGGGCCG	CASSLVTSGTYEQYF	1	0.03005711	45	TCRBV07-08*01	TCRBV07	TCRBV07-08	1.0				TCRBD02-01	TCRBD02	TCRBD02-01				01,02	TCRBJ02-07*01	TCRBJ02	TCRBJ02-07	1.0				1	2	3	5	2	2	36	52	54	62	64	1	In	VDJ							0.0
1468	GGGTTGGAGTCGGCTGCTCCCTCCCAAACATCTGTGTACTTCTGTGCCAGCAGCCCTCCCGGGCGGGGTAAAAAGCATTTTGGTGAT	CASSPPGRGKKHF	1	0.03005711	39	TCRBV06	TCRBV06	unresolved			TCRBV06-02,TCRBV06-03		TCRBD02-01*01	TCRBD02	TCRBD02-01	1.0				TCRBJ01-05*01	TCRBJ01	TCRBJ01-05	1.0				6	9	7	3	5	14	42	53	62	68	73	1	In	VDJ							0.0
1469	GAGTCCGCTACCAGCTCCCAGACATCTGTGTACTTCTGTGCCATCAGTGAGACGGGTTATAGCAATCAGCCCCAGCATTTTGGTGAT	CAISETGYSNQPQHF	1	0.03005711	45	TCRBV10-03*01	TCRBV10	TCRBV10-03	1.0				TCRBD02-01	TCRBD02	TCRBD02-01				01,02	TCRBJ01-05*01	TCRBJ01	TCRBJ01-05	1.0				2	1	8	4	3	0	36	51	52	56	59	1	In	VDJ							0.0
1470	AAGATCCAGCCCTCAGAACCCAGGGACTCAGCTGTGTACTTCTGTGCCAGCAGTCCTCCGGGCAATCAGCCCCAGCATTTTGGTGAT	CASSPPGNQPQHF	1	0.03005711	39	TCRBV12	TCRBV12	unresolved			TCRBV12-03,TCRBV12-04		TCRBD02-01	TCRBD02	TCRBD02-01				01,02	TCRBJ01-05*01	TCRBJ01	TCRBJ01-05	1.0				5	4	8	5	0	2	42	54	58	-1	61	1	In	VDJ							0.0
1471	CCTGCAAAGCTTGAGGACTCGGCCGTGTATCTCTGTGCCAGCAGCAGCGGGACAGGGGGCTTTAGCACTGAAGCTTTCTTTGGACAA	CASSSGTGGFSTEAFF	1	0.03005711	48	TCRBV11-02*02	TCRBV11	TCRBV11-02	2.0				TCRBD01-01*01	TCRBD01	TCRBD01-01	1.0				TCRBJ01-01*01	TCRBJ01	TCRBJ01-01	1.0				5	3	0	0	5	4	33	45	48	60	65	1	In	VDJ							0.0
1472	GCCCTGCAGCCAGAAGACTCAGCCCTGTATCTCTGCGCCAGCAGCCAACGCGGACAGGGGGCGAGAGAGACCCAGTACTTCGGGCCA	CASSQRGQGARETQYF	1	0.03005711	48	TCRBV04-01*01	TCRBV04	TCRBV04-01	1.0				TCRBD01-01*01	TCRBD01	TCRBD01-01	1.0				TCRBJ02-05*01	TCRBJ02	TCRBJ02-05	1.0				2	3	1	0	3	4	33	48	51	62	65	1	In	VDJ							0.0
1473	ATCCAGCCCTCAGAACCCAGGGACTCAGCTGTGTACTTCTGTGCCAGCAGTGGCTACAGGGGTGGAGAGACCCAGTACTTCGGGCCA	CASSGYRGGETQYF	1	0.03005711	42	TCRBV12	TCRBV12	unresolved			TCRBV12-03,TCRBV12-04		TCRBD01-01*01	TCRBD01	TCRBD01-01	1.0				TCRBJ02-05*01	TCRBJ02	TCRBJ02-05	1.0				5	4	3	2	3	4	39	51	55	62	65	1	In	VDJ							0.0
1474	ATCCGGTCCACAAAGCTGGAGGACTCAGCCATGTACTTCTGTGCCAGCAGCGACCCGGGGCGGCTGATCCCCCTCCACTTTGGGAAC	CASSDPGRLIPLHF	1	0.03005711	42	TCRBV02-01*01	TCRBV02	TCRBV02-01	1.0				unresolved		unresolved		TCRBD01,TCRBD02	TCRBD01-01,TCRBD02-01		TCRBJ01-06*01	TCRBJ01	TCRBJ01-06	1.0				6	6	7	0	8	13	39	50	56	61	69	1	In	VDJ							0.0
1475	AATGTGAACGCCTTGGAGCTGGACGACTCGGCCCTGTATCTCTGTGCCAGCAGCTTAGTCGCTTCACTGGGCTACACCTTCGGTTCG	CASSLVASLGYTF	1	0.03005711	39	TCRBV05-04*01	TCRBV05	TCRBV05-04	1.0				TCRBD02-01	TCRBD02	TCRBD02-01				01,02	TCRBJ01-02*01	TCRBJ01	TCRBJ01-02	1.0				2	9	3	10	1	8	42	56	65	68	69	1	In	VDJ							0.0
1476	CCTAGAGTCTGCCATCCCCAACCAGACAGCTCTTTACTTCTGTGCCATCGAACTCCGGGCCCCATCCATGGCTACACCTTCGGTTCG		1	0.03005711	41	TCRBV24	TCRBV24	unresolved			TCRBV24-01,TCRBV24-or09_02		unresolved		unresolved		TCRBD01,TCRBD02	TCRBD01-01,TCRBD02-01		TCRBJ01-02*01	TCRBJ01	TCRBJ01-02	1.0				11	9	8	0	7	6	40	47	56	60	67	1	Out	VDJ							0.0
1477	AAGATCCAGCCCTCAGAACCCAGGGACTCAGCTGTGTACTTCTGTGCCAGCAGTTTGCGGGGGAACACTGAAGCTTTCTTTGGACAA	CASSLRGNTEAFF	1	0.03005711	39	TCRBV12	TCRBV12	unresolved			TCRBV12-03,TCRBV12-04		TCRBD02-01*01	TCRBD02	TCRBD02-01	1.0				TCRBJ01-01*01	TCRBJ01	TCRBJ01-01	1.0				3	0	7	3	0	1	42	-1	56	-1	62	1	In	VDJ							0.0
1478	CAGCCAGAAGACTCGGCCCTGTATCTCTGCGCCAGCAGCCAAGGAGTTGGCGGGGTTGGGTCCACAGATACGCAGTATTTTGGCCCA	CASSQGVGGVGSTDTQYF	1	0.03005711	54	TCRBV04-03*01	TCRBV04	TCRBV04-03	1.0				TCRBD02-01*01	TCRBD02	TCRBD02-01	1.0				TCRBJ02-03*01	TCRBJ02	TCRBJ02-03	1.0				1	6	7	3	7	2	27	43	49	55	62	1	In	VDJ							0.0
1479	GAGTCAGCTACCCGCTCCCAGACATCTGTGTATTTCTGCGCCAGCAGTGATAGAAGGGTGGTGGGTTCACCCCTCCACTTTGGGAAC	CASSDRRVVGSPLHF	1	0.03005711	45	TCRBV10-02*01	TCRBV10	TCRBV10-02	1.0				unresolved		unresolved		TCRBD01,TCRBD02	TCRBD01-01,TCRBD02-01		TCRBJ01-06*01	TCRBJ01	TCRBJ01-06	1.0				3	4	5	3	7	9	36	50	54	58	65	1	In	VDJ							0.0
1480	AAGATCCAGCCTGCAAAGCTTGAGGACTCGGCCGTGTATCTCTGTGCCAGCACCACTTTAGGAAAAAACATTCAGTACTTCGGCGCC	CASTTLGKNIQYF	1	0.03005711	39	TCRBV11-02*02	TCRBV11	TCRBV11-02	2.0				unresolved		unresolved		TCRBD01,TCRBD02	TCRBD01-01,TCRBD02-01		TCRBJ02-04*01	TCRBJ02	TCRBJ02-04	1.0				7	8	1	8	0	4	42	52	60	-1	63	1	In	VDJ							0.0
1481	ACACCCTGCAGCCAGAAGACTCGGCCCTGTATCTCTGCGCCAGCAGCCTCGCGGGACAGGTTCTCCTACGAGCAGTACTTCGGGCCG		1	0.03005711	46	TCRBV04-03*01	TCRBV04	TCRBV04-03	1.0				TCRBD01-01*01	TCRBD01	TCRBD01-01	1.0				TCRBJ02-07*01	TCRBJ02	TCRBJ02-07	1.0				4	4	0	4	2	0	35	48	52	60	62	1	Out	VDJ							0.0
1482	AGCGCACAGAGCAGGGGGACTCGGCCATGTATCTCTGTGCCAGCAGCTGTTCAGTATGGGACAGGGGATGAGCAGTACTTCGGGCCG		1	0.03005711	46	TCRBV07-09	TCRBV07	TCRBV07-09				01,03	TCRBD01-01*01	TCRBD01	TCRBD01-01	1.0				TCRBJ02-07*01	TCRBJ02	TCRBJ02-07	1.0				4	9	0	2	2	7	35	48	57	67	69	1	Out	VDJ							0.0
1483	AGGCTGCTGTCGGCTGCTCCCTCCCAGACATCTGTGTACTTCTGTGCCAGCAGTTTCTCGGGGGCGCATGGCTACACCTTCGGTTCG	CASSFSGAHGYTF	1	0.03005711	39	TCRBV06-05*01	TCRBV06	TCRBV06-05	1.0				TCRBD01-01*01	TCRBD01	TCRBD01-01	1.0				TCRBJ01-02*01	TCRBJ01	TCRBJ01-02	1.0				0	0	6	0	2	6	42	-1	59	65	67	1	In	VDJ							0.0
1484	GGCTGCTCCCTCCCAGACATCTGTGTACTTCTGTGCCAGCAGTTACGCTCTTCGTCGGATTTCGGCTATGGCTACACCTTCGGTTCG		1	0.03005711	50	TCRBV06	TCRBV06	unresolved			TCRBV06-05,TCRBV06-06		unresolved		unresolved		TCRBD01,TCRBD02	TCRBD01-01,TCRBD02-01		TCRBJ01-02*01	TCRBJ01	TCRBJ01-02	1.0				2	10	1	8	6	4	31	46	56	59	65	1	Out	VDJ							0.0
1485	ATCCAGCGCACAGAGCAGGGGGACTCGGCCATGTATCTCTGTGCCAGCAGCTCGGAAGGGTCGGGCTATGGCTACACCTTCGGTTCG	CASSSEGSGYGYTF	1	0.03005711	42	TCRBV07-09	TCRBV07	TCRBV07-09				01,03	unresolved		unresolved		TCRBD01,TCRBD02	TCRBD01-01,TCRBD02-01		TCRBJ01-02*01	TCRBJ01	TCRBJ01-02	1.0				4	4	5	3	5	4	39	52	56	60	65	1	In	VDJ							0.0
1486	ACTGTGAGCAACATGAGCCCTGAAGACAGCAGCATATATCTCTGCAGCGTTAAGACAGATCCCAATCAGCCCCAGCATTTTGGTGAT	CSVKTDPNQPQHF	1	0.03005711	39	TCRBV29-01*01	TCRBV29	TCRBV29-01	1.0				TCRBD01-01*01	TCRBD01	TCRBD01-01	1.0				TCRBJ01-05*01	TCRBJ01	TCRBJ01-05	1.0				5	2	2	5	4	3	42	51	53	58	62	1	In	VDJ							0.0
1487	CTTGAGGACTCGGCCGTGTATCTCTGTGCCAGCAGCCAGTCCACAGGGTTTCTAGTTGCAACTAATGAAAAACTGTTTTTTGGCAGT	CASSQSTGFLVATNEKLFF	1	0.03005711	57	TCRBV11-02*02	TCRBV11	TCRBV11-02	2.0				TCRBD01-01*01	TCRBD01	TCRBD01-01	1.0				TCRBJ01-04*01	TCRBJ01	TCRBJ01-04	1.0				5	6	3	3	10	0	24	36	42	48	58	1	In	VDJ							0.0
1488	CCTTGTTGCTGGGGGACTCGGCCCTCTATCTCTGTGCCAGCAGCTTATCTCGCCCGGGACACCGCCTACGAGCAGTACTTCGGGCCG		1	0.03005711	49	TCRBV05-06*01	TCRBV05	TCRBV05-06	1.0				TCRBD01-01*01	TCRBD01	TCRBD01-01	1.0				TCRBJ02-07*01	TCRBJ02	TCRBJ02-07	1.0				2	9	0	6	3	2	32	46	55	61	64	1	Out	VDJ							0.0
1489	CAGCGCACAGAGCAGGGGGACTCGGCCATGTATCTCTGTGCCAGCAGCTTAACCGGACAGGTTTCCTACGAGCAGTACTTCGGGCCG	CASSLTGQVSYEQYF	1	0.03005711	45	TCRBV07-09	TCRBV07	TCRBV07-09				01,03	TCRBD01-01*01	TCRBD01	TCRBD01-01	1.0				TCRBJ02-07*01	TCRBJ02	TCRBJ02-07	1.0				2	3	1	4	2	1	36	51	54	61	63	1	In	VDJ							0.0
1490	ACAGTGACCAGTGCCCATCCTGAAGACAGCAGCTTCTACATCTGCAGTGCTATAGCCCCAGGGCCCAATGGCTACACCTTCGGTTCG	CSAIAPGPNGYTF	1	0.03005711	39	TCRBV20	TCRBV20	unresolved			TCRBV20-01,TCRBV20-or09_02		TCRBD01-01*01	TCRBD01	TCRBD01-01	1.0				TCRBJ01-02*01	TCRBJ01	TCRBJ01-02	1.0				4	6	4	3	4	6	42	52	58	63	67	1	In	VDJ							0.0
1491	TTGGAGATCCAGCGCACAGAGCAGGGGGACTCGGCCATGTATCTCTGTGCCAGCAGCTATATGGGTCGTGGCTACACCTTCGGTTCG	CASSYMGRGYTF	1	0.03005711	36	TCRBV07-09	TCRBV07	TCRBV07-09				01,03	unresolved		unresolved		TCRBD01,TCRBD02	TCRBD01-01,TCRBD02-01		TCRBJ01-02*01	TCRBJ01	TCRBJ01-02	1.0				4	4	0	9	3	7	45	58	62	65	68	1	In	VDJ							0.0
1492	AGGCTGGAGTTGGCTGCTCCCTCCCAGACATCTGTGTACTTCTGTGCCAGCAGTTATGGGGAGTGGCAGCCCCAGCATTTTGGTGAT	CASSYGEWQPQHF	1	0.03005711	39	TCRBV06-06	TCRBV06	TCRBV06-06				01,02	TCRBD02-01*02	TCRBD02	TCRBD02-01	2.0				TCRBJ01-05*01	TCRBJ01	TCRBJ01-05	1.0				3	2	9	2	3	7	42	56	58	63	66	1	In	VDJ							0.0
1493	CTACACGCCCTGCAGCCAGAAGACTCAGCCCTGTATCTCTGCGCCAGCAGCCAGGCAGGGGAAAATCGGCCCCAGCATTTTGGTGAT	CASSQAGENRPQHF	1	0.03005711	42	TCRBV04-01*01	TCRBV04	TCRBV04-01	1.0				TCRBD01-01*01	TCRBD01	TCRBD01-01	1.0				TCRBJ01-05*01	TCRBJ01	TCRBJ01-05	1.0				3	2	4	2	7	9	39	53	55	61	68	1	In	VDJ							0.0
1494	AGGCTGCTGTCGGCTGCTCCCTCCCAGACATCTGTGTACTTCTGTGCCAGCAGCTTGACAGGTGACAATGAGCAGTTCTTCGGGCCA	CASSLTGDNEQFF	1	0.03005711	39	TCRBV06-05*01	TCRBV06	TCRBV06-05	1.0				TCRBD01-01*01	TCRBD01	TCRBD01-01	1.0				TCRBJ02-01*01	TCRBJ02	TCRBJ02-01	1.0				6	3	2	4	2	5	42	53	56	62	64	1	In	VDJ							0.0
1495	CTGAAGATCCAGCCCTCAGAACCCAGGGACTCAGCTGTGTACTTCTGTGCCAGCAGCCTAGGGGGTTCACCCCTCCACTTTGGGAAC	CASSLGGSPLHF	1	0.03005711	36	TCRBV12	TCRBV12	unresolved			TCRBV12-03,TCRBV12-04		TCRBD01-01*01	TCRBD01	TCRBD01-01	1.0				TCRBJ01-06*01	TCRBJ01	TCRBJ01-06	1.0				6	3	5	1	0	9	45	56	59	-1	65	1	In	VDJ							0.0
1496	AAGATCCAGCGCACACAGCAGGAGGACTCCGCCGTGTATCTCTGTGCCAGCAGCTTGTCCCCTAACTATGGCTACACCTTCGGTTCG	CASSLSPNYGYTF	1	0.03005711	39	TCRBV07-08*01	TCRBV07	TCRBV07-08	1.0				unresolved		unresolved					TCRBJ01-02*01	TCRBJ01	TCRBJ01-02	1.0				3	0	0	0	5	0	42	-1	-1	56	61	1	In	VJ							0.0
1497	AAGCTCCTTCTCAGTGACTCTGGCTTCTATCTCTGTGCCTGGAGAAGAAACTTGGGGTTCGCTAATGAAAAACTGTTTTTTGGCAGT	CAWRRNLGFANEKLFF	1	0.03005711	48	TCRBV30-01*01	TCRBV30	TCRBV30-01	1.0				unresolved		unresolved		TCRBD01,TCRBD02	TCRBD01-01,TCRBD02-01		TCRBJ01-04*01	TCRBJ01	TCRBJ01-04	1.0				3	9	6	2	4	3	33	44	53	57	61	1	In	VDJ							0.0
1498	ACAGTGACCAGTGCCCATCCTGAAGACAGCAGCTTCTACATCTGCAGTGCCGGACAGGGGTAGAACACTGAAGCTTTCTTTGGACAA	CSAGQG*NTEAFF	1	0.03005711	39	TCRBV20	TCRBV20	unresolved			TCRBV20-01,TCRBV20-or09_02		TCRBD01-01*01	TCRBD01	TCRBD01-01	1.0				TCRBJ01-01*01	TCRBJ01	TCRBJ01-01	1.0				6	1	1	2	2	1	42	50	51	60	62	1	Stop	VDJ							0.0
1499	TCTAAGAAGCTCCTTCTCAGTGACTCTGGCTTCTATCTCTGTGCCTGGAAGTTACAGGGGGTGAACACTGAAGCTTTCTTTGGACAA	CAWKLQGVNTEAFF	1	0.03005711	42	TCRBV30-01*01	TCRBV30	TCRBV30-01	1.0				TCRBD01-01*01	TCRBD01	TCRBD01-01	1.0				TCRBJ01-01*01	TCRBJ01	TCRBJ01-01	1.0				4	4	3	1	0	0	39	49	53	-1	61	1	In	VDJ							0.0
1500	CTGACAGTGACCAGTGCCCATCCTGAAGACAGCAGCTTCTACATCTGCAGTGCTAGAGCGCTGGGCACTGAAGCTTTCTTTGGACAA	CSARALGTEAFF	1	0.03005711	36	TCRBV20	TCRBV20	unresolved			TCRBV20-01,TCRBV20-or09_02		unresolved		unresolved		TCRBD01,TCRBD02	TCRBD01-01,TCRBD02-01		TCRBJ01-01*01	TCRBJ01	TCRBJ01-01	1.0				1	4	0	9	0	4	45	58	62	-1	65	1	In	VDJ							0.0
1501	CAGCCAGAAGACTCGGCCCTGTATCTCTGTGCCAGCAGCAACCTAGGGACGGGGGGGGCCCTCACAGATACGCAGTATTTTGGCCCA	CASSNLGTGGALTDTQYF	1	0.03005711	54	TCRBV04-02*01	TCRBV04	TCRBV04-02	1.0				TCRBD02-01*01	TCRBD02	TCRBD02-01	1.0				TCRBJ02-03*01	TCRBJ02	TCRBJ02-03	1.0				5	10	8	0	5	2	27	39	49	57	62	1	In	VDJ							0.0
1502	GAGTCTGCCATCCCCAACCAGACAGCTCTTTACTTCTGTGCCACCAGTGATGAAGGGGGGCTGAGCAATGAGCAGTTCTTCGGGCCA	CATSDEGGLSNEQFF	1	0.03005711	45	TCRBV24	TCRBV24	unresolved			TCRBV24-01,TCRBV24-or09_02		unresolved		unresolved		TCRBD01,TCRBD02	TCRBD01-01,TCRBD02-01		TCRBJ02-01*01	TCRBJ02	TCRBJ02-01	1.0				3	2	5	1	6	6	36	51	53	59	65	1	In	VDJ							0.0
1503	CTGAGTTCTAAGAAGCTCCTTCTCAGTGACTCTGGCTTCTATCTCTGTGCCTGGAGAGGAGGGGCCTACGAGCAGTACTTCGGGCCG	CAWRGGAYEQYF	1	0.03005711	36	TCRBV30-01*01	TCRBV30	TCRBV30-01	1.0				TCRBD02-01*02	TCRBD02	TCRBD02-01	2.0				TCRBJ02-07*01	TCRBJ02	TCRBJ02-07	1.0				3	1	10	0	1	2	45	56	57	63	64	1	In	VDJ							0.0
1504	GAGTTGGCTGCTCCCTCCCAGACATCTGTGTACTTCTGTGCCAGCAGTTACTCGAGGGTAGCGAGCTACGAGCAGTACTTCGGGCCG	CASSYSRVASYEQYF	1	0.03005711	45	TCRBV06-06	TCRBV06	TCRBV06-06				01,02	TCRBD02-01	TCRBD02	TCRBD02-01				01,02	TCRBJ02-07*01	TCRBJ02	TCRBJ02-07	1.0				0	5	5	6	2	3	36	53	58	63	65	1	In	VDJ							0.0
1505	ATTCTGGAGTCCGCCAGCACCAACCAGACATCTATGTACCTCTGTGCCAGCAGTTCTGGGGGGAACTATGGCTACACCTTCGGTTCG	CASSSGGNYGYTF	1	0.03005711	39	TCRBV28-01*01	TCRBV28	TCRBV28-01	1.0				TCRBD02-01*01	TCRBD02	TCRBD02-01	1.0				TCRBJ01-02*01	TCRBJ01	TCRBJ01-02	1.0				4	2	9	1	0	2	42	55	57	-1	63	1	In	VDJ							0.0
1506	CGGTCCACAAAGCTGGAGGACTCAGCCATGTACTTCTGTGCCAGCAGTCCACCCGGGACAGGGAATAAGCCCCAGCATTTTGGTGAT	CASSPPGTGNKPQHF	1	0.03005711	45	TCRBV02-01*01	TCRBV02	TCRBV02-01	1.0				TCRBD01-01*01	TCRBD01	TCRBD01-01	1.0				TCRBJ01-05*01	TCRBJ01	TCRBJ01-05	1.0				5	6	0	3	4	8	36	48	54	63	67	1	In	VDJ							0.0
1507	AAGATCCAGCCTGCAAAGCTTGAGGACTCGGCCGTGTATCTCTGTGCCAGCAGTGACGGGGGAAACCAGCCCCAGCATTTTGGTGAT	CASSDGGNQPQHF	1	0.03005711	39	TCRBV11-02*02	TCRBV11	TCRBV11-02	2.0				TCRBD02-01*01	TCRBD02	TCRBD02-01	1.0				TCRBJ01-05*01	TCRBJ01	TCRBJ01-05	1.0				6	3	8	2	4	7	42	53	56	62	66	1	In	VDJ							0.0
1508	AATGTGAGCACCTTGGAGCTGGGGGACTCGGCCCTTTATCTTTGCGCCAGCAGCTTGGCTGCCGATCAGCCCCAGCATTTTGGTGAT	CASSLAADQPQHF	1	0.03005711	39	TCRBV05-01*01	TCRBV05	TCRBV05-01	1.0				unresolved		unresolved		TCRBD01,TCRBD02	TCRBD01-01,TCRBD02-01		TCRBJ01-05*01	TCRBJ01	TCRBJ01-05	1.0				0	2	10	0	2	5	42	58	60	62	64	1	In	VDJ							0.0
1509	CCGCTCAGGCTGCTGTCGGCTGCTCCCTCCCAGACATCTGTGTACTTCTGTGCCAGTGCGAACACCGGGGAGCTGTTTTTTGGAGAA	CASANTGELFF	1	0.03005711	33	TCRBV06-05*01	TCRBV06	TCRBV06-05	1.0				unresolved		unresolved					TCRBJ02-02*01	TCRBJ02	TCRBJ02-02	1.0				9	0	0	0	2	0	48	-1	-1	56	58	1	In	VJ							0.0
1510	CAGCCAGAAGACTCAGCCCTGTATCTCTGCGCCAGCAGCCTAGAGGCTAGCGGGGGAACTAGCACAGATACGCAGTATTTTGGCCCA	CASSLEASGGTSTDTQYF	1	0.03005711	54	TCRBV04-01*01	TCRBV04	TCRBV04-01	1.0				TCRBD02-01*01	TCRBD02	TCRBD02-01	1.0				TCRBJ02-03*01	TCRBJ02	TCRBJ02-03	1.0				0	2	4	2	4	0	27	44	46	56	60	1	In	VDJ							0.0
1511	AATGTGAACGCCTTGTTGCTGGGGGACTCGGCCCTCTATCTCTGTGCCAGCAGCCGGGACCGTGCCTACGAGCAGTACTTCGGGCCG	CASSRDRAYEQYF	1	0.03005711	39	TCRBV05-06*01	TCRBV05	TCRBV05-06	1.0				unresolved		unresolved		TCRBD01,TCRBD02	TCRBD01-01,TCRBD02-01		TCRBJ02-07*01	TCRBJ02	TCRBJ02-07	1.0				4	1	0	7	4	2	42	54	55	60	64	1	In	VDJ							0.0
1512	ACCCTGGAGTCTGCCAGGCCCTCACATACCTCTCAGTACCTCTGTGCCAGCAGGCCGGGACAGGGGGCGGGGGCTTTCTTTGGACAA	CASRPGQGAGAFF	1	0.03005711	39	TCRBV25-01*01	TCRBV25	TCRBV25-01	1.0				TCRBD01-01*01	TCRBD01	TCRBD01-01	1.0				TCRBJ01-01*01	TCRBJ01	TCRBJ01-01	1.0				6	3	0	0	4	11	42	53	56	68	72	1	In	VDJ							0.0
1513	GCAAAGCTTGAGGACTCGGCCGTGTATCTCTGTGCCAGCAGCTTAGGGGGCGTAGGGGGGCGCCAAGAGACCCAGTACTTCGGGCCA	CASSLGGVGGRQETQYF	1	0.03005711	51	TCRBV11-02*02	TCRBV11	TCRBV11-02	2.0				unresolved		unresolved		TCRBD01,TCRBD02	TCRBD01-01,TCRBD02-01		TCRBJ02-05*01	TCRBJ02	TCRBJ02-05	1.0				1	7	5	1	3	1	30	46	53	59	62	1	In	VDJ							0.0
1514	ACTCTGAAGATCCAGCGCACACAGCAGGAGGACTCCGCCGTGTATCTCTGTGCCAGCAGCCCAGTCAACGAGCAGTACTTCGGGCCG	CASSPVNEQYF	1	0.03005711	33	TCRBV07-08*01	TCRBV07	TCRBV07-08	1.0				TCRBD01-01*01	TCRBD01	TCRBD01-01	1.0				TCRBJ02-07*01	TCRBJ02	TCRBJ02-07	1.0				5	1	4	5	3	5	48	60	61	64	67	1	In	VDJ							0.0
1515	CTGCAGCCAGAAGACTCGGCCCTGTATCTCTGCGCCAGCAGCCAAGAGGGTTTCGGGATTAGCTCCTACGAGCAGTACTTCGGGCCG	CASSQEGFGISSYEQYF	1	0.03005711	51	TCRBV04-03*01	TCRBV04	TCRBV04-03	1.0				TCRBD02-01*02	TCRBD02	TCRBD02-01	2.0				TCRBJ02-07*01	TCRBJ02	TCRBJ02-07	1.0				0	6	8	3	4	0	30	47	53	58	62	1	In	VDJ							0.0
1516	CTCAAGATCCAGCCTGCAAAGCTTGAGGACTCGGCCGTGTATCTCTGTGCCAGCAGCCCTCCGGGGGGCGAGCAGTACTTCGGGCCG	CASSPPGGEQYF	1	0.03005711	36	TCRBV11-02*02	TCRBV11	TCRBV11-02	2.0				TCRBD02-01*01	TCRBD02	TCRBD02-01	1.0				TCRBJ02-07*01	TCRBJ02	TCRBJ02-07	1.0				5	4	8	1	0	6	45	57	61	-1	68	1	In	VDJ							0.0
1517	GAGATGAATGTGAGCACCTTGGAGCTGGGGGACTCGGCCCTTTATCTTTGCGCCAGCAGCTTGGCCCGGGAGCAGTACTTCGGGCCG	CASSLAREQYF	1	0.03005711	33	TCRBV05-01*01	TCRBV05	TCRBV05-01	1.0				TCRBD02-01	TCRBD02	TCRBD02-01				01,02	TCRBJ02-07*01	TCRBJ02	TCRBJ02-07	1.0				0	2	8	5	0	7	48	64	66	-1	69	1	In	VDJ							0.0
1518	AAGATCCAGCCCTCAGAACCCAGGGACTCAGCTGTGTACTTCTGTGCCAGCAGTTTAGGCCTAAACTATGGCTACACCTTCGGTTCG	CASSLGLNYGYTF	1	0.03005711	39	TCRBV12	TCRBV12	unresolved			TCRBV12-03,TCRBV12-04		TCRBD02-01	TCRBD02	TCRBD02-01				01,02	TCRBJ01-02*01	TCRBJ01	TCRBJ01-02	1.0				1	2	4	9	0	2	42	58	60	-1	63	1	In	VDJ							0.0
1519	TTGGAGCTGGGGGACTCGGCCCTTTATCTTTGCGCCAGCAGCTTGTCGCGTCCAGGGCTTGCGAACGGTGGCTACACCTTCGGTTCG	CASSLSRPGLANGGYTF	1	0.03005711	51	TCRBV05-01*01	TCRBV05	TCRBV05-01	1.0				TCRBD01-01*01	TCRBD01	TCRBD01-01	1.0				TCRBJ01-02*01	TCRBJ01	TCRBJ01-02	1.0				1	7	4	3	11	7	30	45	52	57	68	1	In	VDJ							0.0
1520	CTGTCGGCTGCTCCCTCCCAGACATCTGTGTACTTCTGTGCCAGCAGACCCGTGGGGGTTAGCAATCAGCCCCAGCATTTTGGTGAT	CASRPVGVSNQPQHF	1	0.03005711	45	TCRBV06-05*01	TCRBV06	TCRBV06-05	1.0				unresolved		unresolved		TCRBD01,TCRBD02	TCRBD01-01,TCRBD02-01		TCRBJ01-05*01	TCRBJ01	TCRBJ01-05	1.0				6	6	6	1	1	0	36	47	53	58	59	1	In	VDJ							0.0
1521	AAGATCCAGCCCTCAGAACCCAGGGACTCAGCTGTGTACTTCTGTGCCAGCAGGCCGGGACAGGGCGAAAAACTGTTTTTTGGCAGT	CASRPGQGEKLFF	1	0.03005711	39	TCRBV12	TCRBV12	unresolved			TCRBV12-03,TCRBV12-04		TCRBD01-01*01	TCRBD01	TCRBD01-01	1.0				TCRBJ01-04*01	TCRBJ01	TCRBJ01-04	1.0				6	3	0	3	1	8	42	53	56	65	66	1	In	VDJ							0.0
1522	TGCCATCCCCAACCAGACAGCTCTTTACTTCTGTGCCACCAGCACCATGACTTGCTCAGGGGGAATGAAAAACTGTTTTTTGGCAGT		1	0.03005711	50	TCRBV24	TCRBV24	unresolved			TCRBV24-01,TCRBV24-or09_02		TCRBD01-01*01	TCRBD01	TCRBD01-01	1.0				TCRBJ01-04*01	TCRBJ01	TCRBJ01-04	1.0				7	14	4	1	0	5	31	42	56	-1	63	1	Out	VDJ							0.0
1523	ATCCAGCCCTCAGAACCCAGGGACTCAGCTGTGTACTTCTGTGCCAGCATAGTGGAGGGTCTACCCGGGGAGCTGTTTTTTGGAGAA	CASIVEGLPGELFF	1	0.03005711	42	TCRBV12	TCRBV12	unresolved			TCRBV12-03,TCRBV12-04		TCRBD02-01*02	TCRBD02	TCRBD02-01	2.0				TCRBJ02-02*01	TCRBJ02	TCRBJ02-02	1.0				7	4	10	0	5	6	39	49	53	59	64	1	In	VDJ							0.0
1524	CCTCAGAACCCAGGGACTCAGCTGTGTACTTCTGTGCCAGCAGCTCCCCCCGGGACCGCTAGCTCCTACGAGCAGTACTTCGGGCCG		1	0.03005711	49	TCRBV12	TCRBV12	unresolved			TCRBV12-03,TCRBV12-04		unresolved		unresolved		TCRBD01,TCRBD02	TCRBD01-01,TCRBD02-01		TCRBJ02-07*01	TCRBJ02	TCRBJ02-07	1.0				6	8	0	7	6	0	32	43	51	56	62	1	Out	VDJ							0.0
1525	TGAAGATCCAGCCCTCAGAACCCAGGGACTCAGCTGTGTACTTCTGTGCCAGCACCACGCGACATCCAGGGCTACACCTTCGGTTCG		1	0.03005711	37	TCRBV12	TCRBV12	unresolved			TCRBV12-03,TCRBV12-04		TCRBD01-01*01	TCRBD01	TCRBD01-01	1.0				TCRBJ01-02*01	TCRBJ01	TCRBJ01-02	1.0				7	6	2	6	5	8	44	54	60	64	69	1	Out	VDJ							0.0
1526	ATCCAGCCCTCAGAACCCAGGGACTCAGCTGTGTACTTCTGTGCCAGCAGTCCCCGCGGGTCTGGCTATGGCTACACCTTCGGTTCG	CASSPRGSGYGYTF	1	0.03005711	42	TCRBV12	TCRBV12	unresolved			TCRBV12-03,TCRBV12-04		TCRBD02-01	TCRBD02	TCRBD02-01				01,02	TCRBJ01-02*01	TCRBJ01	TCRBJ01-02	1.0				5	4	7	4	5	4	39	51	55	60	65	1	In	VDJ							0.0
1527	CGGTCCACAAAGCTGGAGGACTCAGCCATGTACTTCTGTGCCAGCAGGACCGGGACAGGGGGCCGACAGCCCCAGCATTTTGGTGAT	CASRTGTGGRQPQHF	1	0.03005711	45	TCRBV02-01*01	TCRBV02	TCRBV02-01	1.0				TCRBD01-01*01	TCRBD01	TCRBD01-01	1.0				TCRBJ01-05*01	TCRBJ01	TCRBJ01-05	1.0				6	4	0	0	3	7	36	47	51	63	66	1	In	VDJ							0.0
1528	CTGACAGTGACCAGTGCCCATCCTGAAGACAGCAGCTTCTACATCTGCAGTGCTACAGCAACTAATGAAAAACTGTTTTTTGGCAGT	CSATATNEKLFF	1	0.03005711	36	TCRBV20	TCRBV20	unresolved			TCRBV20-01,TCRBV20-or09_02		TCRBD01-01*01	TCRBD01	TCRBD01-01	1.0				TCRBJ01-04*01	TCRBJ01	TCRBJ01-04	1.0				4	0	4	5	0	0	45	-1	55	-1	58	1	In	VDJ							0.0
1529	ACAAAGCTGGAGGACTCAGCCATGTACTTCTGTGCCAGCAGTAAGGACTTGGGACAGGCCCCCGCAGATACGCAGTATTTTGGCCCA	CASSKDLGQAPADTQYF	1	0.03005711	51	TCRBV02-01*01	TCRBV02	TCRBV02-01	1.0				TCRBD01-01*01	TCRBD01	TCRBD01-01	1.0				TCRBJ02-03*01	TCRBJ02	TCRBJ02-03	1.0				5	8	0	4	6	4	30	42	50	58	64	1	In	VDJ							0.0
1530	CTAGAGTCTGCCATCCCCAACCAGACAGCTCTTTACTTCTGTGCCACCAGTGAATCCGGGACTACTGATACGCAGTATTTTGGCCCA	CATSESGTTDTQYF	1	0.03005711	42	TCRBV24	TCRBV24	unresolved			TCRBV24-01,TCRBV24-or09_02		TCRBD02-01	TCRBD02	TCRBD02-01				01,02	TCRBJ02-03*01	TCRBJ02	TCRBJ02-03	1.0				4	4	0	9	2	6	39	53	57	64	66	1	In	VDJ							0.0
1531	GTGACCAGTGCCCATCCTGAAGACAGCAGCTTCTACATCTGCAGTGCTAGAGGTGGACAGGGTCCCTACGAGCAGTACTTCGGGCCG	CSARGGQGPYEQYF	1	0.03005711	42	TCRBV20	TCRBV20	unresolved			TCRBV20-01,TCRBV20-or09_02		TCRBD01-01*01	TCRBD01	TCRBD01-01	1.0				TCRBJ02-07*01	TCRBJ02	TCRBJ02-07	1.0				1	2	1	3	2	2	39	52	54	62	64	1	In	VDJ							0.0
1532	ACAGTGACCAGTGCCCATCCTGAAGACAGCAGCTTCTACATCTGCAGTGTAGCGACAGGGATTGGACAGCCCCAGCATTTTGGTGAT	CSVATGIGQPQHF	1	0.03005711	39	TCRBV20	TCRBV20	unresolved			TCRBV20-01,TCRBV20-or09_02		TCRBD01-01*01	TCRBD01	TCRBD01-01	1.0				TCRBJ01-05*01	TCRBJ01	TCRBJ01-05	1.0				7	4	2	3	6	7	42	49	53	60	66	1	In	VDJ							0.0
1533	CGGTCCACAAAGCTGGAGGACTCAGCCATGTACTTCTGTGCCAGCAGTGAAGAAGGCAGGTTCAATCAGCCCCAGCATTTTGGTGAT	CASSEEGRFNQPQHF	1	0.03005711	45	TCRBV02-01*01	TCRBV02	TCRBV02-01	1.0				TCRBD01-01*01	TCRBD01	TCRBD01-01	1.0				TCRBJ01-05*01	TCRBJ01	TCRBJ01-05	1.0				1	4	4	4	2	3	36	52	56	60	62	1	In	VDJ							0.0
1534	GTTCTAAGAAGCTCCTTCTCAGTGACTCTGGCTTCTATCTCTGTGCCTGGACCGGGACAGACGGACACTGAAGCTTTCTTTGGACAA		1	0.03005711	40	TCRBV30-01*01	TCRBV30	TCRBV30-01	1.0				TCRBD01-01*01	TCRBD01	TCRBD01-01	1.0				TCRBJ01-01*01	TCRBJ01	TCRBJ01-01	1.0				4	2	0	5	4	3	41	51	53	60	64	1	Out	VDJ							0.0
1535	TTGGAGTCGGCTGCTCCCTCCCAAACATCTGTGTACTTCTGTGCCGGACAGGGTAGAAAGGTCACAGATACGCAGTATTTTGGCCCA	CAGQGRKVTDTQYF	1	0.03005711	42	TCRBV06	TCRBV06	unresolved			TCRBV06-02,TCRBV06-03		TCRBD01-01*01	TCRBD01	TCRBD01-01	1.0				TCRBJ02-03*01	TCRBJ02	TCRBJ02-03	1.0				11	0	1	3	9	2	39	-1	45	53	62	1	In	VDJ							0.0
1536	CGCACAGAGCAGGGGGACTCGGCCATGTATCTCTGTGCCAGCAGCTTAACTGGTGGGACAGGGTCTTCTCAGCAGTACTTCGGGCCG	CASSLTGGTGSSQQYF	1	0.03005711	48	TCRBV07-09	TCRBV07	TCRBV07-09				01,03	TCRBD01-01*01	TCRBD01	TCRBD01-01	1.0				TCRBJ02-07*01	TCRBJ02	TCRBJ02-07	1.0				2	6	0	3	7	8	33	48	54	63	70	1	In	VDJ							0.0
1537	ACCAGTGCCCATCCTGAAGACAGCAGCTTCTACATCTGCAGTGCTAGAGTAGGACAGGCTGCGACCTATGGCTACACCTTCGGTTCG	CSARVGQAATYGYTF	1	0.03005711	45	TCRBV20	TCRBV20	unresolved			TCRBV20-01,TCRBV20-or09_02		TCRBD01-01*01	TCRBD01	TCRBD01-01	1.0				TCRBJ01-02*01	TCRBJ01	TCRBJ01-02	1.0				1	2	1	4	7	4	36	49	51	58	65	1	In	VDJ							0.0
1538	CTACACGCCCTGCAGCCAGAAGACTCAGCCCTGTATCTCTGCGCCAGCAGCCAAGTTGCAGGGGGCGGTGGCTACACCTTCGGTTCG	CASSQVAGGGGYTF	1	0.03005711	42	TCRBV04-01*01	TCRBV04	TCRBV04-01	1.0				TCRBD01-01*01	TCRBD01	TCRBD01-01	1.0				TCRBJ01-02*01	TCRBJ01	TCRBJ01-02	1.0				1	3	4	0	2	7	39	55	58	66	68	1	In	VDJ							0.0
1539	AAGAAGCTCCTTCTCAGTGACTCTGGCTTCTATCTCTGTGCCTGGAGTGGACTGGTCTCGGGCAATCAGCCCCAGCATTTTGGTGAT	CAWSGLVSGNQPQHF	1	0.03005711	45	TCRBV30-01*01	TCRBV30	TCRBV30-01	1.0				TCRBD02-01	TCRBD02	TCRBD02-01				01,02	TCRBJ01-05*01	TCRBJ01	TCRBJ01-05	1.0				1	0	2	10	8	2	36	-1	49	53	61	1	In	VDJ							0.0
1540	CTGCAGCCAGAAGACTCAGCCCTGTATCTCTGCGCCAGCAGCCTTGAATCCGGGACAAACTCTGGAAACACCATATATTTTGGAGAG	CASSLESGTNSGNTIYF	1	0.03005711	51	TCRBV04-01*01	TCRBV04	TCRBV04-01	1.0				TCRBD01-01*01	TCRBD01	TCRBD01-01	1.0				TCRBJ01-03*01	TCRBJ01	TCRBJ01-03	1.0				4	8	0	6	2	0	30	43	51	57	59	1	In	VDJ							0.0
1541	CTGCTGTCGGCTGCTCCCTCCCAGACATCTGTGTACTTCTGTGCCAGCAGTTCGCGGCAGGGCATCGACGAGCAGTACTTCGGGCCG	CASSSRQGIDEQYF	1	0.03005711	42	TCRBV06-05*01	TCRBV06	TCRBV06-05	1.0				TCRBD01-01*01	TCRBD01	TCRBD01-01	1.0				TCRBJ02-07*01	TCRBJ02	TCRBJ02-07	1.0				4	5	4	3	5	5	39	52	57	62	67	1	In	VDJ							0.0
1542	ACTGTGAGCAACATGAGCCCTGAAGACAGCAGCATATATCTCTGCAGCGTTGATGGGGGTGGTAACTATGGCTACACCTTCGGTTCG	CSVDGGGNYGYTF	1	0.03005711	39	TCRBV29-01*01	TCRBV29	TCRBV29-01	1.0				unresolved		unresolved		TCRBD01,TCRBD02	TCRBD01-01,TCRBD02-01		TCRBJ01-02*01	TCRBJ01	TCRBJ01-02	1.0				3	1	6	1	3	1	42	53	54	59	62	1	In	VDJ							0.0
1543	AAGAAGCTCCTTCTCAGTGACTCTGGCTTCTATCTCTGTGCCTGGAATCCCCCGGGCCCCGGGGGGCAGCCCCAGCATTTTGGTGAT	CAWNPPGPGGQPQHF	1	0.03005711	45	TCRBV30-01*01	TCRBV30	TCRBV30-01	1.0				TCRBD02-01*01	TCRBD02	TCRBD02-01	1.0				TCRBJ01-05*01	TCRBJ01	TCRBJ01-05	1.0				4	13	8	1	0	7	36	46	59	-1	66	1	In	VDJ							0.0
1544	GGAGTTGGCTGCTCCCTCCCAGACATCTGTGTACTTCTGTGCCAGCAGCTCCCGGGACAGGGAGATCAGCCCCAGCATTTTGGTGAT		1	0.03005711	44	TCRBV06-06	TCRBV06	TCRBV06-06				01,02	TCRBD01-01*01	TCRBD01	TCRBD01-01	1.0				TCRBJ01-05*01	TCRBJ01	TCRBJ01-05	1.0				6	5	0	3	2	5	37	48	53	62	64	1	Out	VDJ							0.0
1545	TCTAAGAAGCTCCTTCTCAGTGACTCTGGCTTCTATCTCTGTGCCTGGAGTGTACGGATAGGGTACACTGAAGCTTTCTTTGGACAA	CAWSVRIGYTEAFF	1	0.03005711	42	TCRBV30-01*01	TCRBV30	TCRBV30-01	1.0				unresolved		unresolved		TCRBD01,TCRBD02	TCRBD01-01,TCRBD02-01		TCRBJ01-01*01	TCRBJ01	TCRBJ01-01	1.0				0	6	5	3	1	3	39	53	59	63	64	1	In	VDJ							0.0
1546	AGCAACATGAGCCCTGAAGACAGCAGCATATATCTCTGCAGCGTGAGAGTTAGCGGGGTGAACACCGGGGAGCTGTTTTTTGGAGAA	CSVRVSGVNTGELFF	1	0.03005711	45	TCRBV29-01*01	TCRBV29	TCRBV29-01	1.0				TCRBD02-01*01	TCRBD02	TCRBD02-01	1.0				TCRBJ02-02*01	TCRBJ02	TCRBJ02-02	1.0				6	6	5	3	1	1	36	44	50	58	59	1	In	VDJ							0.0
1547	TCTAAGAAGCTCCTTCTCAGTGACTCTGGCTTCTATCTCTGTGCCTGGAGCCTAGGAGGCGGGGCGGATACGCAGTATTTTGGCCCA	CAWSLGGGADTQYF	1	0.03005711	42	TCRBV30-01*01	TCRBV30	TCRBV30-01	1.0				TCRBD02-01*01	TCRBD02	TCRBD02-01	1.0				TCRBJ02-03*01	TCRBJ02	TCRBJ02-03	1.0				3	8	7	3	2	6	39	50	58	64	66	1	In	VDJ							0.0
1548	GGCTGCTCCCTCCCAAACATCTGTGTACTTCTGTGCCAGCAGTTTTCCTCTTAGCCGGACAGGGCCCACGAGCAGTACTTCGGGCCG		1	0.03005711	50	TCRBV06	TCRBV06	unresolved			TCRBV06-02,TCRBV06-03		TCRBD01-01*01	TCRBD01	TCRBD01-01	1.0				TCRBJ02-07*01	TCRBJ02	TCRBJ02-07	1.0				4	12	1	3	3	5	31	44	56	64	67	1	Out	VDJ							0.0
1549	CTGACAGTGACCAGTGCCCATCCTGAAGACAGCAGCTTCTACATCTGCAGTGCTAGTTCCGGTAGTGAAAAACTGTTTTTTGGCAGT	CSASSGSEKLFF	1	0.03005711	36	TCRBV20	TCRBV20	unresolved			TCRBV20-01,TCRBV20-or09_02		TCRBD02-01	TCRBD02	TCRBD02-01				01,02	TCRBJ01-04*01	TCRBJ01	TCRBJ01-04	1.0				3	6	5	8	0	7	45	56	62	-1	65	1	In	VDJ							0.0
1550	GAGTCGGCTGCTCCCTCCCAAACATCTGTGTACTTCTGTGCCACACAGCCTAGCGGGGGCCTCACCGGGGAGCTGTTTTTTGGAGAA	CATQPSGGLTGELFF	1	0.03005711	45	TCRBV06	TCRBV06	unresolved			TCRBV06-02,TCRBV06-03		TCRBD02-01*01	TCRBD02	TCRBD02-01	1.0				TCRBJ02-02*01	TCRBJ02	TCRBJ02-02	1.0				10	6	4	2	3	4	36	43	49	59	62	1	In	VDJ							0.0
1551	CAGCCTGCAAAGCTTGAGGACTCGGCCGTGTATCTCTGTGCCAGCAGCTTTAGCCGGATGCAGAATTCACCCCTCCACTTTGGGAAC	CASSFSRMQNSPLHF	1	0.03005711	45	TCRBV11-02*02	TCRBV11	TCRBV11-02	2.0				TCRBD02-01	TCRBD02	TCRBD02-01				01,02	TCRBJ01-06*01	TCRBJ01	TCRBJ01-06	1.0				3	0	5	7	9	7	36	-1	50	54	63	1	In	VDJ							0.0
1552	GAAGACTCAGCCCTGTATCTCTGCGCCAGCAGCCGAATCCAGCCGGGACAGGGAGACTCTGGGGCCAACGTCCTGACTTTCGGGGCC	CASSRIQPGQGDSGANVLTF	1	0.03005711	60	TCRBV04-01*01	TCRBV04	TCRBV04-01	1.0				TCRBD01-01*01	TCRBD01	TCRBD01-01	1.0				TCRBJ02-06*01	TCRBJ02	TCRBJ02-06	1.0				4	10	0	3	3	0	21	34	44	53	56	1	In	VDJ							0.0
1553	CTGACTGTGAGCAACATGAGCCCTGAAGACAGCAGCATATATCTCTGCAGCGTTGGTTGGAACGGAAACACCATATATTTTGGAGAG	CSVGWNGNTIYF	1	0.03005711	36	TCRBV29-01*01	TCRBV29	TCRBV29-01	1.0				unresolved		unresolved		TCRBD01,TCRBD02	TCRBD01-01,TCRBD02-01		TCRBJ01-03*01	TCRBJ01	TCRBJ01-03	1.0				4	3	1	8	2	4	45	55	58	61	63	1	In	VDJ							0.0
1554	GTGAGCACCTTGGAGCTGGGGGACTCGGCCCTTTATCTTTGCGCCAGCAGCTTGCTCGGGACAATCTACGAGCAGTACTTCGGGCCG	CASSLLGTIYEQYF	1	0.03005711	42	TCRBV05-01*01	TCRBV05	TCRBV05-01	1.0				TCRBD01-01*01	TCRBD01	TCRBD01-01	1.0				TCRBJ02-07*01	TCRBJ02	TCRBJ02-07	1.0				1	3	0	6	2	3	39	54	57	63	65	1	In	VDJ							0.0
1555	CTGTCGGCTGCTCCCTCCCAGACATCTGTGTACTTCTGTGCCAGCAGGTCATCAGGGGCCGGCAATCAGCCCCAGCATTTTGGTGAT	CASRSSGAGNQPQHF	1	0.03005711	45	TCRBV06-05*01	TCRBV06	TCRBV06-05	1.0				TCRBD01-01*01	TCRBD01	TCRBD01-01	1.0				TCRBJ01-05*01	TCRBJ01	TCRBJ01-05	1.0				6	5	4	2	3	2	36	47	52	58	61	1	In	VDJ							0.0
1556	CCTGCAAAGCTTGAGGACTCGGCCGTGTATCTCTGTGCCAGCAGCTTAGGGCCGGGACAGGGGGGTTCACCCCTCCACTTTGGGAAC	CASSLGPGQGGSPLHF	1	0.03005711	48	TCRBV11-02*02	TCRBV11	TCRBV11-02	2.0				TCRBD01-01*01	TCRBD01	TCRBD01-01	1.0				TCRBJ01-06*01	TCRBJ01	TCRBJ01-06	1.0				1	4	0	1	1	9	33	49	53	64	65	1	In	VDJ							0.0
1557	ACTCTGACTGTGAGCAACATGAGCCCTGAAGACAGCAGCATATATCTCTGCAGCGTTACTGCCCGTGACGAGCAGTACTTCGGGCCG	CSVTARDEQYF	1	0.03005711	33	TCRBV29-01*01	TCRBV29	TCRBV29-01	1.0				TCRBD02-01	TCRBD02	TCRBD02-01				01,02	TCRBJ02-07*01	TCRBJ02	TCRBJ02-07	1.0				5	0	3	10	7	5	48	-1	57	60	67	1	In	VDJ							0.0
1558	GAGTTGGCTGCTCCCTCCCAGACATCTGTGTACTTCTGTGCCAGCAGTTACTCGACGTATCTAGGGACTGAAGCTTTCTTTGGACAA	CASSYSTYLGTEAFF	1	0.03005711	45	TCRBV06-06	TCRBV06	TCRBV06-06				01,02	unresolved		unresolved		TCRBD01,TCRBD02	TCRBD01-01,TCRBD02-01		TCRBJ01-01*01	TCRBJ01	TCRBJ01-01	1.0				0	9	5	3	0	5	36	53	62	-1	66	1	In	VDJ							0.0
1559	AAGATCCAGCCTGCAAAGCTTGAGGACTCGGCCGTGTATCTCTGTGCCAGCAGCCATGATAGGGCCTACGAGCAGTACTTCGGGCCG	CASSHDRAYEQYF	1	0.03005711	39	TCRBV11-02*02	TCRBV11	TCRBV11-02	2.0				unresolved		unresolved		TCRBD01,TCRBD02	TCRBD01-01,TCRBD02-01		TCRBJ02-07*01	TCRBJ02	TCRBJ02-07	1.0				5	6	5	3	0	2	42	54	60	-1	64	1	In	VDJ							0.0
1560	GAGTCGGCTGCTCCCTCCCAAACATCTGTGTACTTCTGTGCCAGCGGAGGGCTTCTGACCGAAAACTATGGCTACACCTTCGGTTCG	CASGGLLTENYGYTF	1	0.03005711	45	TCRBV06	TCRBV06	unresolved			TCRBV06-02,TCRBV06-03		TCRBD02-01*02	TCRBD02	TCRBD02-01	2.0				TCRBJ01-02*01	TCRBJ01	TCRBJ01-02	1.0				8	0	10	0	12	2	36	-1	45	51	63	1	In	VDJ							0.0
1561	CTGCTCCCTCCCAGACATCTGTGTACTTCTGTGCCAGCAGTTACTCCTCTCGGACAGATCTCTAACTATGGCTACACCTTCGGTTCG		1	0.03005711	52	TCRBV06	TCRBV06	unresolved			TCRBV06-05,TCRBV06-06		TCRBD01-01*01	TCRBD01	TCRBD01-01	1.0				TCRBJ01-02*01	TCRBJ01	TCRBJ01-02	1.0				0	5	1	5	4	0	29	46	51	57	61	1	Out	VDJ							0.0
1562	AAGATCCAGCCTGCAAAGCTTGAGGACTCGGCCGTGTATCTCTGTGCCAGCAGCAGGACAGGGGGATCACCCCTCCACTTTGGGAAC	CASSRTGGSPLHF	1	0.03005711	39	TCRBV11-02*02	TCRBV11	TCRBV11-02	2.0				TCRBD01-01*01	TCRBD01	TCRBD01-01	1.0				TCRBJ01-06*01	TCRBJ01	TCRBJ01-06	1.0				5	1	1	1	1	10	42	54	55	65	66	1	In	VDJ							0.0
1563	CTGGAGTCCGCTACCAGCTCCCAGACATCTGTGTACTTCTGTGCCATCAGCTCTGCCGGGGGTAGCCACGAGCAGTACTTCGGGCCG	CAISSAGGSHEQYF	1	0.03005711	42	TCRBV10-03*01	TCRBV10	TCRBV10-03	1.0				TCRBD02-01*01	TCRBD02	TCRBD02-01	1.0				TCRBJ02-07*01	TCRBJ02	TCRBJ02-07	1.0				6	6	8	2	5	5	39	50	56	62	67	1	In	VDJ							0.0
1564	CTGCTGTCGGCTGCTCCCTCCCAGACATCTGTGTACTTCTGTGCCAGCAGTGACAGGGGACGGGGCTACGAGCAGTACTTCGGGCCG	CASSDRGRGYEQYF	1	0.03005711	42	TCRBV06-05*01	TCRBV06	TCRBV06-05	1.0				TCRBD01-01*01	TCRBD01	TCRBD01-01	1.0				TCRBJ02-07*01	TCRBJ02	TCRBJ02-07	1.0				5	0	2	2	6	3	39	-1	51	59	65	1	In	VDJ							0.0
1565	TCGGCTGCTCCCTCCCAGACATCTGTGTACTTCTGTGCCAGCAGTTACTCCCAAGGGGGGTATGGCTATGGCTACACCTTCGGTTCG	CASSYSQGGYGYGYTF	1	0.03005711	48	TCRBV06-05*01	TCRBV06	TCRBV06-05	1.0				unresolved		unresolved		TCRBD01,TCRBD02	TCRBD01-01,TCRBD02-01		TCRBJ01-02*01	TCRBJ01	TCRBJ01-02	1.0				0	3	5	1	6	4	33	50	53	59	65	1	In	VDJ							0.0
1566	CTGCTGTCGGCTGCTCCCTCCCAGACATCTGTGTACTTCTGTGCCAGCAGTTTCGGACAGGGGCATCAGCCCCAGCATTTTGGTGAT	CASSFGQGHQPQHF	1	0.03005711	42	TCRBV06-05*01	TCRBV06	TCRBV06-05	1.0				TCRBD01-01*01	TCRBD01	TCRBD01-01	1.0				TCRBJ01-05*01	TCRBJ01	TCRBJ01-05	1.0				4	2	1	2	1	5	39	52	54	63	64	1	In	VDJ							0.0
1567	TTGGAGTCGGCTGCTCCCTCCCAAACATCTGTGTACTTCTGTGCCAGCAGTTCCCGACGAGCCCCCTACGAGCAGTACTTCGGGCCG	CASSSRRAPYEQYF	1	0.03005711	42	TCRBV06	TCRBV06	unresolved			TCRBV06-02,TCRBV06-03		unresolved		unresolved		TCRBD01,TCRBD02	TCRBD01-01,TCRBD02-01		TCRBJ02-07*01	TCRBJ02	TCRBJ02-07	1.0				4	3	2	7	6	2	39	52	55	58	64	1	In	VDJ							0.0
1568	CTCAGGCTGGAGTTGGCTGCTCCCTCCCAGACATCTGTGTACTTCTGTGCCAGCGGTAGTAGTGATCAGCCCCAGCATTTTGGTGAT	CASGSSDQPQHF	1	0.03005711	36	TCRBV06-06	TCRBV06	TCRBV06-06				01,02	TCRBD02-01	TCRBD02	TCRBD02-01				01,02	TCRBJ01-05*01	TCRBJ01	TCRBJ01-05	1.0				8	2	5	8	5	5	45	54	56	59	64	1	In	VDJ							0.0
1569	GTGAGCAACATGAGCCCTGAAGACAGCAGCATATATCTCTGCAGCGTTGACGGGCCCGCGAACACCGGGGAGCTGTTTTTTGGAGAA	CSVDGPANTGELFF	1	0.03005711	42	TCRBV29-01*01	TCRBV29	TCRBV29-01	1.0				unresolved		unresolved		TCRBD01,TCRBD02	TCRBD01-01,TCRBD02-01		TCRBJ02-02*01	TCRBJ02	TCRBJ02-02	1.0				3	1	8	0	3	0	39	50	51	55	58	1	In	VDJ							0.0
1570	CTACACGCCCTGCAGCCAGAAGACTCAGCCCTGTATCTCTGCGCCAGCAGCCAAGATGCAGGCGTGAGAGAGCAGTACTTCGGGCCG	CASSQDAGVREQYF	1	0.03005711	42	TCRBV04-01*01	TCRBV04	TCRBV04-01	1.0				TCRBD01-01*01	TCRBD01	TCRBD01-01	1.0				TCRBJ02-07*01	TCRBJ02	TCRBJ02-07	1.0				0	2	4	4	7	7	39	56	58	62	69	1	In	VDJ							0.0
1571	CTGTCGGCTGCTCCCTCCCAGACATCTGTGTACTTCTGTGCCAGCAGTTCCGGGACAGGGGGGTACTACGAGCAGTACTTCGGGCCG	CASSSGTGGYYEQYF	1	0.03005711	45	TCRBV06-05*01	TCRBV06	TCRBV06-05	1.0				TCRBD01-01*01	TCRBD01	TCRBD01-01	1.0				TCRBJ02-07*01	TCRBJ02	TCRBJ02-07	1.0				4	2	0	1	3	3	36	49	51	62	65	1	In	VDJ							0.0
1572	GGTCCACAAAGCTGGAGGACTCAGCCATGTACTTCTGTGCCAGCAACAGAGCCCTTGGCCAGCCCTTACGAGCAGTACTTCGGGCCG		1	0.03005711	46	TCRBV02-01*01	TCRBV02	TCRBV02-01	1.0				TCRBD01-01*01	TCRBD01	TCRBD01-01	1.0				TCRBJ02-07*01	TCRBJ02	TCRBJ02-07	1.0				7	0	3	5	17	4	35	-1	45	49	66	1	Out	VDJ							0.0
1573	TCCCCAACCAGACAGCTCTTTACTTCTGTGCCACCAGTGACTATCCGGGACAGGGTCGTCAGCAATCAGCCCCAGCATTTTGGTGAT		1	0.03005711	55	TCRBV24	TCRBV24	unresolved			TCRBV24-01,TCRBV24-or09_02		TCRBD01-01*01	TCRBD01	TCRBD01-01	1.0				TCRBJ01-05*01	TCRBJ01	TCRBJ01-05	1.0				4	6	0	3	5	1	26	40	46	55	60	1	Out	VDJ							0.0
1574	TCGGCTGCTCCCTCCCAGACATCTGTGTACTTCTGTGCCAGCAGTTACTCCCAAGGCTCCTCAAGGGAAAAACTGTTTTTTGGCAGT	CASSYSQGSSREKLFF	1	0.03005711	48	TCRBV06-05*01	TCRBV06	TCRBV06-05	1.0				unresolved		unresolved		TCRBD01,TCRBD02	TCRBD01-01,TCRBD02-01		TCRBJ01-04*01	TCRBJ01	TCRBJ01-04	1.0				0	3	5	4	10	8	33	50	53	56	66	1	In	VDJ							0.0
1575	ACACCCTGCAGCCAGAAGACTCGGCCCTGTATCTCTGCGCCAGCAGCCAAGATTGAGGACGTCATCAGAAAACTGTTTTTTGGCAGT		1	0.03005711	46	TCRBV04-03*01	TCRBV04	TCRBV04-03	1.0				unresolved		unresolved		TCRBD01,TCRBD02	TCRBD01-01,TCRBD02-01		TCRBJ01-04*01	TCRBJ01	TCRBJ01-04	1.0				0	4	1	7	8	10	35	52	56	60	68	1	Out	VDJ							0.0
1576	GGGTTGGAGTCGGCTGCTCCCTCCCAAACATCTGTGTACTTCTGTGCCAGCGCCGGGGGCTATAATTCACCCCTCCACTTTGGGAAC	CASAGGYNSPLHF	1	0.03005711	39	TCRBV06	TCRBV06	unresolved			TCRBV06-02,TCRBV06-03		TCRBD02-01*01	TCRBD02	TCRBD02-01	1.0				TCRBJ01-06*01	TCRBJ01	TCRBJ01-06	1.0				8	2	8	2	0	3	42	51	53	-1	59	1	In	VDJ							0.0
1577	GCAAAGCTTGAGGACTCGGCCGTGTATCTCTGTGCCAGCAGCTCCGAGCTAACAGCGGAGGCTGGGAATGGCTACACCTTCGGTTCG	CASSSELTAEAGNGYTF	1	0.03005711	51	TCRBV11-02*02	TCRBV11	TCRBV11-02	2.0				TCRBD02-01	TCRBD02	TCRBD02-01				01,02	TCRBJ01-02*01	TCRBJ01	TCRBJ01-02	1.0				4	10	6	5	9	6	30	43	53	58	67	1	In	VDJ							0.0
1578	CGGTCCACAAAGCTGGAGGACTCAGCCATGTACTTCTGTGCCAGCAGAACACTTCCCTTGGCCGAGGATGGCTACACCTTCGGTTCG	CASRTLPLAEDGYTF	1	0.03005711	45	TCRBV02-01*01	TCRBV02	TCRBV02-01	1.0				TCRBD02-01*02	TCRBD02	TCRBD02-01	2.0				TCRBJ01-02*01	TCRBJ01	TCRBJ01-02	1.0				6	16	11	1	0	6	36	47	63	-1	67	1	In	VDJ							0.0
1579	AGCAACATGAGCCCTGAAGACAGCAGCATATATCTCTGCAGCGTTCGGGACAGATTTACCCTGAACACTGAAGCTTTCTTTGGACAA	CSVRDRFTLNTEAFF	1	0.03005711	45	TCRBV29-01*01	TCRBV29	TCRBV29-01	1.0				TCRBD01-01*01	TCRBD01	TCRBD01-01	1.0				TCRBJ01-01*01	TCRBJ01	TCRBJ01-01	1.0				5	1	0	5	8	0	36	45	46	53	61	1	In	VDJ							0.0
1580	ACTGTGAGCAACATGAGCCCTGAAGACAGCAGCATATATCTCTGCAGCGTCTCCCGAGGGGGTGGAAACACCATATATTTTGGAGAG	CSVSRGGGNTIYF	1	0.03005711	39	TCRBV29-01*01	TCRBV29	TCRBV29-01	1.0				TCRBD01-01*01	TCRBD01	TCRBD01-01	1.0				TCRBJ01-03*01	TCRBJ01	TCRBJ01-03	1.0				6	6	5	1	0	3	42	50	56	-1	62	1	In	VDJ							0.0
1581	GTGACCAGTGCCCATCCTGAAGACAGCAGCTTCTACATCTGCAGTGCTAGGGAGGGCAGGGCTAACTATGGCTACACCTTCGGTTCG	CSAREGRANYGYTF	1	0.03005711	42	TCRBV20	TCRBV20	unresolved			TCRBV20-01,TCRBV20-or09_02		TCRBD02-01*02	TCRBD02	TCRBD02-01	2.0				TCRBJ01-02*01	TCRBJ01	TCRBJ01-02	1.0				3	0	10	0	5	0	39	-1	50	56	61	1	In	VDJ							0.0
1582	CAGCCCTCAGAACCCAGGGACTCAGCTGTGTACTTCTGTGCCAGCAGTGGAACAGGGGGCTATAATTCACCCCTCCACTTTGGGAAC	CASSGTGGYNSPLHF	1	0.03005711	45	TCRBV12	TCRBV12	unresolved			TCRBV12-03,TCRBV12-04		TCRBD01-01*01	TCRBD01	TCRBD01-01	1.0				TCRBJ01-06*01	TCRBJ01	TCRBJ01-06	1.0				5	3	3	1	0	3	36	48	51	-1	59	1	In	VDJ							0.0
1583	CTGTCGGCTGCTCCCTCCCAGACATCTGTGTACTTCTGTGCCAGCAGTTACGCAACGGGAAGCTCCTACGAGCAGTACTTCGGGCCG	CASSYATGSSYEQYF	1	0.03005711	45	TCRBV06-05*01	TCRBV06	TCRBV06-05	1.0				TCRBD02-01*02	TCRBD02	TCRBD02-01	2.0				TCRBJ02-07*01	TCRBJ02	TCRBJ02-07	1.0				2	4	8	3	2	0	36	51	55	60	62	1	In	VDJ							0.0
1584	ACTCTGAAGATCCAGCCCTCAGAACCCAGGGACTCAGCTGTGTACTTCTGTGCCAGCAGTTTAGGAGGAGGCTACACCTTCGGTTCG	CASSLGGGYTF	1	0.03005711	33	TCRBV12	TCRBV12	unresolved			TCRBV12-03,TCRBV12-04		TCRBD02-01*02	TCRBD02	TCRBD02-01	2.0				TCRBJ01-02*01	TCRBJ01	TCRBJ01-02	1.0				1	0	11	1	1	8	48	-1	64	68	69	1	In	VDJ							0.0
1585	ATCCGGTCCACAAAGCTGGAGGACTCAGCCATGTACTTCTGTGCCAGCAGTGAAGGGGAGGGGGCGTATGGCTACACCTTCGGTTCG	CASSEGEGAYGYTF	1	0.03005711	42	TCRBV02-01*01	TCRBV02	TCRBV02-01	1.0				unresolved		unresolved		TCRBD01,TCRBD02	TCRBD01-01,TCRBD02-01		TCRBJ01-02*01	TCRBJ01	TCRBJ01-02	1.0				1	3	5	0	1	5	39	55	58	65	66	1	In	VDJ							0.0
1586	CTGGAGTCAGCTACCCGCTCCCAGACATCTGTGTATTTCTGCGCCAGCAGGGTGTCGGACAGGGGCGGTGGCTACACCTTCGGTTCG	CASRVSDRGGGYTF	1	0.03005711	42	TCRBV10-02*01	TCRBV10	TCRBV10-02	1.0				TCRBD01-01*01	TCRBD01	TCRBD01-01	1.0				TCRBJ01-02*01	TCRBJ01	TCRBJ01-02	1.0				6	6	1	2	3	7	39	50	56	65	68	1	In	VDJ							0.0
1587	GTGAGCAACATGAGCCCTGAAGACAGCAGCATATATCTCTGCAGCGTTGAACGGACAGGGGGCACAGATACGCAGTATTTTGGCCCA	CSVERTGGTDTQYF	1	0.03005711	42	TCRBV29-01*01	TCRBV29	TCRBV29-01	1.0				TCRBD01-01*01	TCRBD01	TCRBD01-01	1.0				TCRBJ02-03*01	TCRBJ02	TCRBJ02-03	1.0				2	1	1	2	0	1	39	51	52	-1	61	1	In	VDJ							0.0
1588	CAGCCCTCAGAACCCAGGGACTCAGCTGTGTACTTCTGTGCCAGCAGTTTAGCCGGGGTTCTTTCCTACGAGCAGTACTTCGGGCCG	CASSLAGVLSYEQYF	1	0.03005711	45	TCRBV12	TCRBV12	unresolved			TCRBV12-03,TCRBV12-04		TCRBD02-01*01	TCRBD02	TCRBD02-01	1.0				TCRBJ02-07*01	TCRBJ02	TCRBJ02-07	1.0				0	0	8	3	5	1	36	-1	53	58	63	1	In	VDJ							0.0
1589	CTGTCGGCTGCTCCCTCCCAGACATCTGTGTACTTCTGTGCCAGCAGTTACTCGGGGACAGGGGGAGGGGGCTACACCTTCGGTTCG	CASSYSGTGGGGYTF	1	0.03005711	45	TCRBV06-05*01	TCRBV06	TCRBV06-05	1.0				TCRBD01-01*01	TCRBD01	TCRBD01-01	1.0				TCRBJ01-02*01	TCRBJ01	TCRBJ01-02	1.0				0	1	0	1	4	8	36	53	54	65	69	1	In	VDJ							0.0
1590	AAGCTCCTTCTCAGTGACTCTGGCTTCTATCTCTGTGCCCTCTACCCCGGGACAGGGTTTATCCACAATGAGCAGTTCTTCGGGCCA	CALYPGTGFIHNEQFF	1	0.03005711	48	TCRBV30-01*01	TCRBV30	TCRBV30-01	1.0				TCRBD01-01*01	TCRBD01	TCRBD01-01	1.0				TCRBJ02-01*01	TCRBJ02	TCRBJ02-01	1.0				8	9	0	3	7	5	33	39	48	57	64	1	In	VDJ							0.0
1591	GAAGCTCCTTCTCAGTGACTCTGGCTTCTATCTCTGTGCCTGGCCGTTGGCCCCTCAGGGGACGCTTACGAGCAGTACTTCGGGCCG		1	0.03005711	47	TCRBV30-01*01	TCRBV30	TCRBV30-01	1.0				TCRBD01-01*01	TCRBD01	TCRBD01-01	1.0				TCRBJ02-07*01	TCRBJ02	TCRBJ02-07	1.0				5	12	4	2	5	4	34	43	55	61	66	1	Out	VDJ							0.0
1592	CACACCCTGCAGCCAGAAGACTCGGCCCTGTATCTCTGTGCCAGCAGCCAAGATCGAAACTCAGGGGGCGGCTACACCTTCGGTTCG	CASSQDRNSGGGYTF	1	0.03005711	45	TCRBV04-02*01	TCRBV04	TCRBV04-02	1.0				TCRBD01-01*01	TCRBD01	TCRBD01-01	1.0				TCRBJ01-02*01	TCRBJ01	TCRBJ01-02	1.0				0	8	4	0	0	8	36	53	61	-1	69	1	In	VDJ							0.0
1593	TCTAAGAAGCTCCTTCTCAGTGACTCTGGCTTCTATCTCTGTGCCAGTGGCGGGGGGAGCTCCTACAATGAGCAGTTCTTCGGGCCA	CASGGGSSYNEQFF	1	0.03005711	42	TCRBV30-01*01	TCRBV30	TCRBV30-01	1.0				TCRBD02-01*01	TCRBD02	TCRBD02-01	1.0				TCRBJ02-01*01	TCRBJ02	TCRBJ02-01	1.0				8	4	7	1	2	0	39	45	49	57	59	1	In	VDJ							0.0
1594	CTGACAGTGACCAGTGCCCATCCTGAAGACAGCAGCTTCTACATCTGCAGTGCTAGGGTTAGCTCCTACGAGCAGTACTTCGGGCCG	CSARVSSYEQYF	1	0.03005711	36	TCRBV20	TCRBV20	unresolved			TCRBV20-01,TCRBV20-or09_02		TCRBD02-01	TCRBD02	TCRBD02-01				01,02	TCRBJ02-07*01	TCRBJ02	TCRBJ02-07	1.0				3	3	5	8	0	0	45	56	59	-1	62	1	In	VDJ							0.0
1595	TGCCCAGGACCGGCAGTTCATCCTGAGTTCTAAGAAGCTCCTTCTCAGTGACTCTGGCTGGACCATCAGCCCCAGCATTTTGGTGAT		1	0.03005711	14	TCRBV30-01*01	TCRBV30	TCRBV30-01	1.0				unresolved		unresolved		TCRBD01,TCRBD02	TCRBD01-01,TCRBD02-01		TCRBJ01-05*01	TCRBJ01	TCRBJ01-05	1.0				22	0	1	7	1	5	67	-1	59	63	64	1	Out	VDJ							0.0
1596	ACTGTGAGCAACATGAGCCCTGAAGACAGCAGCATATATCTCTGCAGCGTTCTATTACAGACGGATATGGGCTACACCTTCGGTTCG	CSVLLQTDMGYTF	1	0.03005711	39	TCRBV29-01*01	TCRBV29	TCRBV29-01	1.0				TCRBD01-01*01	TCRBD01	TCRBD01-01	1.0				TCRBJ01-02*01	TCRBJ01	TCRBJ01-02	1.0				5	5	3	5	9	8	42	51	56	60	69	1	In	VDJ							0.0
1597	CACGCCCTGCAGCCAGAAGACTCAGCCCTGTATCTCTGCGCCAGCAGCCAAGAGGGGACTAGCATGTACGAGCAGTACTTCGGGCCG	CASSQEGTSMYEQYF	1	0.03005711	45	TCRBV04-01*01	TCRBV04	TCRBV04-01	1.0				TCRBD02-01	TCRBD02	TCRBD02-01				01,02	TCRBJ02-07*01	TCRBJ02	TCRBJ02-07	1.0				0	1	0	7	3	4	36	53	54	63	66	1	In	VDJ							0.0
1598	AGGCTGGAGTTGGCTGCTCCCTCCCAGACATCTGTGTACTTCTGTGCCAGCAGGGGACAGGGGATTCACGAGCAGTACTTCGGGCCG	CASRGQGIHEQYF	1	0.03005711	39	TCRBV06-06	TCRBV06	TCRBV06-06				01,02	TCRBD01-01*01	TCRBD01	TCRBD01-01	1.0				TCRBJ02-07*01	TCRBJ02	TCRBJ02-07	1.0				6	0	0	2	4	5	42	-1	53	63	67	1	In	VDJ							0.0
1599	AGCCCTCAGAACCCAGGGACTCAGCTGTGTACTTCTGTGCCAGCAGGGGGCGCTAGCGGGGGTTCCTACGAGCAGTACTTCGGGCCG		1	0.03005711	46	TCRBV12	TCRBV12	unresolved			TCRBV12-03,TCRBV12-04		TCRBD02-01*01	TCRBD02	TCRBD02-01	1.0				TCRBJ02-07*01	TCRBJ02	TCRBJ02-07	1.0				6	6	4	2	1	1	35	46	52	62	63	1	Out	VDJ							0.0
1600	AGGCTGGAGTTGGCTGCTCCCTCCCAGACATCTGTGTACTTCTGTGCCAGCAGCCGGGACCCTAGGGAGACCCAGTACTTCGGGCCA	CASSRDPRETQYF	1	0.03005711	39	TCRBV06-06	TCRBV06	TCRBV06-06				01,02	unresolved		unresolved		TCRBD01,TCRBD02	TCRBD01-01,TCRBD02-01		TCRBJ02-05*01	TCRBJ02	TCRBJ02-05	1.0				6	2	0	7	6	5	42	53	55	60	66	1	In	VDJ							0.0
1601	CTGAGTTCTAAGAAGCTCCTTCTCAGTGACTCTGGCTTCTATCTCTGTGCCTGGAGTTATGGGGCCAACGTCCTGACTTTCGGGGCC	CAWSYGANVLTF	1	0.03005711	36	TCRBV30-01*01	TCRBV30	TCRBV30-01	1.0				TCRBD02-01	TCRBD02	TCRBD02-01				01,02	TCRBJ02-06*01	TCRBJ02	TCRBJ02-06	1.0				2	0	5	9	0	3	45	-1	57	-1	59	1	In	VDJ							0.0
1602	TCTAAGAAGCTCCTTCTCAGTGACTCTGGCTTCTATCTCTGTGCCTGGAGTGGCGGGACACTAATAAACACCATATATTTTGGAGAG	CAWSGGTLINTIYF	1	0.03005711	42	TCRBV30-01*01	TCRBV30	TCRBV30-01	1.0				unresolved		unresolved		TCRBD01,TCRBD02	TCRBD01-01,TCRBD02-01		TCRBJ01-03*01	TCRBJ01	TCRBJ01-03	1.0				1	2	0	6	5	6	39	52	54	60	65	1	In	VDJ							0.0
1603	CAGCCTGCAAAGCTTGAGGACTCGGCCGTGTATCTCTGTGCCAGCAGCTTAGGAGGGACAGGGGTCCACGAGCAGTACTTCGGGCCG	CASSLGGTGVHEQYF	1	0.03005711	45	TCRBV11-02*02	TCRBV11	TCRBV11-02	2.0				TCRBD01-01*01	TCRBD01	TCRBD01-01	1.0				TCRBJ02-07*01	TCRBJ02	TCRBJ02-07	1.0				1	2	0	2	3	5	36	52	54	64	67	1	In	VDJ							0.0
1604	CACCTACACGCCCTGCAGCCAGAAGACTCAGCCCTGTATCTCTGCGCCAGCAGCCGACAACAGGTTACAGGGCAGTACTTCGGGCCG	CASSRQQVTGQYF	1	0.03005711	39	TCRBV04-01*01	TCRBV04	TCRBV04-01	1.0				TCRBD01-01*01	TCRBD01	TCRBD01-01	1.0				TCRBJ02-07*01	TCRBJ02	TCRBJ02-07	1.0				4	4	3	4	7	9	42	55	59	64	71	1	In	VDJ							0.0
1605	GTGAGCAACATGAGCCCTGAAGACAGCAGCATATATCTCTGCAGCGTTGCCCCCAGCACAGGGCTCTATGGCTACACCTTCGGTTCG	CSVAPSTGLYGYTF	1	0.03005711	42	TCRBV29-01*01	TCRBV29	TCRBV29-01	1.0				TCRBD01-01*01	TCRBD01	TCRBD01-01	1.0				TCRBJ01-02*01	TCRBJ01	TCRBJ01-02	1.0				4	8	3	3	2	4	39	49	57	63	65	1	In	VDJ							0.0
1606	CACGCCCTGCAGCCAGAAGACTCAGCCCTGTATCTCTGCGCCAGCAGCCCTAGGGGGGGATCAGGTTCACCCCTCCACTTTGGGAAC	CASSPRGGSGSPLHF	1	0.03005711	45	TCRBV04-01*01	TCRBV04	TCRBV04-01	1.0				TCRBD02-01*01	TCRBD02	TCRBD02-01	1.0				TCRBJ01-06*01	TCRBJ01	TCRBJ01-06	1.0				4	3	9	0	6	9	36	49	52	59	65	1	In	VDJ							0.0
1607	ATCCAGCCTGCAGAGCTTGGGGACTCGGCCATGTATCTCTGTGCCAGCAGCTTATCGACAGGGGTCTACGAGCAGTACTTCGGGCCG	CASSLSTGVYEQYF	1	0.03005711	42	TCRBV11-01*01	TCRBV11	TCRBV11-01	1.0				TCRBD01-01*01	TCRBD01	TCRBD01-01	1.0				TCRBJ02-07*01	TCRBJ02	TCRBJ02-07	1.0				2	2	2	2	1	3	39	54	56	64	65	1	In	VDJ							0.0
1608	AGGCTGCTGTCGGCTGCTCCCTCCCAGACATCTGTGTACTTCTGTGCCAGCAGCACAGGGGATCGGAGGAGCTACACCTTCGGTTCG	CASSTGDRRSYTF	1	0.03005711	39	TCRBV06-05*01	TCRBV06	TCRBV06-05	1.0				TCRBD01-01*01	TCRBD01	TCRBD01-01	1.0				TCRBJ01-02*01	TCRBJ01	TCRBJ01-02	1.0				6	1	3	2	9	9	42	53	54	61	70	1	In	VDJ							0.0
1609	AGTTCTAAGAAGCTCCTTCTCAGTGACTCTGGCTTCTATCTCTGTGCCTGGAGATCGGGGGCTTATGAAAAACTGTTTTTTGGCAGT	CAWRSGAYEKLFF	1	0.03005711	39	TCRBV30-01*01	TCRBV30	TCRBV30-01	1.0				unresolved		unresolved		TCRBD01,TCRBD02	TCRBD01-01,TCRBD02-01		TCRBJ01-04*01	TCRBJ01	TCRBJ01-04	1.0				3	3	6	0	2	6	42	53	56	62	64	1	In	VDJ							0.0
1610	ACTGTGAGCAACATGAGCCCTGAAGACAGCAGCATATATCTCTGCAGCGTCTCGACAGGAGGGTACAATGAGCAGTTCTTCGGGCCA	CSVSTGGYNEQFF	1	0.03005711	39	TCRBV29-01*01	TCRBV29	TCRBV29-01	1.0				unresolved		unresolved		TCRBD01,TCRBD02	TCRBD01-01,TCRBD02-01		TCRBJ02-01*01	TCRBJ02	TCRBJ02-01	1.0				6	3	2	4	4	4	42	50	53	59	63	1	In	VDJ							0.0
1611	CTGGAGTCTGCCAGGCCCTCACATACCTCTCAGTACCTCTGTGCCAGCAGCCTCGCGGGCGCTCGGGGTGGCTACACCTTCGGTTCG	CASSLAGARGGYTF	1	0.03005711	42	TCRBV25-01*01	TCRBV25	TCRBV25-01	1.0				TCRBD02-01	TCRBD02	TCRBD02-01				01,02	TCRBJ01-02*01	TCRBJ01	TCRBJ01-02	1.0				6	4	7	4	9	7	39	50	54	59	68	1	In	VDJ							0.0
1612	TAAGAAGCTCCTTCTCAGTGACTCTGGCTTCTATCTCTGTGCCTGGAGTGTATCGTCTCCAGGGGCCACGAGCAGTACTTCGGGCCG		1	0.03005711	44	TCRBV30-01*01	TCRBV30	TCRBV30-01	1.0				TCRBD01-01*01	TCRBD01	TCRBD01-01	1.0				TCRBJ02-07*01	TCRBJ02	TCRBJ02-07	1.0				0	8	4	2	2	5	37	51	59	65	67	1	Out	VDJ							0.0
1613	AGGCTGGAGTTGGCTGCTCCCTCCCAGACATCTGTGTACTTCTGTGCCAGCAGAGACCAGGGCCTCTATGGCTACACCTTCGGTTCG	CASRDQGLYGYTF	1	0.03005711	39	TCRBV06-06	TCRBV06	TCRBV06-06				01,02	TCRBD01-01*01	TCRBD01	TCRBD01-01	1.0				TCRBJ01-02*01	TCRBJ01	TCRBJ01-02	1.0				6	4	4	3	3	4	42	53	57	62	65	1	In	VDJ							0.0
1614	TGCCAGGCCCTCACATACCTCTCAGTACCTCTGTGCCAGCAGTGAACGGTCTGCGGACAGCAGAACACTGAAGCTTTCTTTGGACAA		1	0.03005711	50	TCRBV25-01*01	TCRBV25	TCRBV25-01	1.0				TCRBD01-01*01	TCRBD01	TCRBD01-01	1.0				TCRBJ01-01*01	TCRBJ01	TCRBJ01-01	1.0				2	8	1	5	2	1	31	46	54	60	62	1	Out	VDJ							0.0
1615	CACGCCCTGCAGCCAGAAGACTCAGCCCTGTATCTCTGCGCCAGCAGCCAGCACAGCCTCCCCTCCTACGAGCAGTACTTCGGGCCG	CASSQHSLPSYEQYF	1	0.03005711	45	TCRBV04-01*01	TCRBV04	TCRBV04-01	1.0				TCRBD01-01*01	TCRBD01	TCRBD01-01	1.0				TCRBJ02-07*01	TCRBJ02	TCRBJ02-07	1.0				3	2	3	5	6	0	36	50	52	56	62	1	In	VDJ							0.0
1616	CTGGAGTTGGCTGCTCCCTCCCAGACATCTGTGTACTTCTGTGCCAGCAGACCCGACAGGGATGGCTACGAGCAGTACTTCGGGCCG	CASRPDRDGYEQYF	1	0.03005711	42	TCRBV06-06	TCRBV06	TCRBV06-06				01,02	TCRBD01-01*01	TCRBD01	TCRBD01-01	1.0				TCRBJ02-07*01	TCRBJ02	TCRBJ02-07	1.0				6	4	2	3	4	3	39	50	54	61	65	1	In	VDJ							0.0
1617	CTGCTGTCGGCTGCTCCCTCCCAGACATCTGTGTACTTCTGTGCCAGCAGCCTCAGGGGTCTGGCCGGTGGCTACACCTTCGGTTCG	CASSLRGLAGGYTF	1	0.03005711	42	TCRBV06-05*01	TCRBV06	TCRBV06-05	1.0				TCRBD01-01*01	TCRBD01	TCRBD01-01	1.0				TCRBJ01-02*01	TCRBJ01	TCRBJ01-02	1.0				6	3	4	2	9	7	39	50	53	59	68	1	In	VDJ							0.0
1618	CTGCTGTCGGCTGCTCCCTCCCAGACATCTGTGTACTTCTGTGCCACGGGACGAGGGACAGGGGCCTACGAGCAGTACTTCGGGCCG	CATGRGTGAYEQYF	1	0.03005711	42	TCRBV06-05*01	TCRBV06	TCRBV06-05	1.0				TCRBD01-01*01	TCRBD01	TCRBD01-01	1.0				TCRBJ02-07*01	TCRBJ02	TCRBJ02-07	1.0				10	8	0	2	0	2	39	46	54	-1	64	1	In	VDJ							0.0
1619	GCTACCCGCTCCCAGACATCTGTGTATTTCTGCGCCAGCATTCCCCAGATACCGGGACAGGGAATGTACGAGCAGTACTTCGGGCCG	CASIPQIPGQGMYEQYF	1	0.03005711	51	TCRBV10-02*01	TCRBV10	TCRBV10-02	1.0				TCRBD01-01*01	TCRBD01	TCRBD01-01	1.0				TCRBJ02-07*01	TCRBJ02	TCRBJ02-07	1.0				7	13	0	3	4	4	30	40	53	62	66	1	In	VDJ							0.0
1620	ACTGTGAGCAACATGAGCCCTGAAGACAGCAGCATATATCTCTGCAGCGTCGGACAGGGGGGAAATCAGCCCCAGCATTTTGGTGAT	CSVGQGGNQPQHF	1	0.03005711	39	TCRBV29-01*01	TCRBV29	TCRBV29-01	1.0				TCRBD01-01*01	TCRBD01	TCRBD01-01	1.0				TCRBJ01-05*01	TCRBJ01	TCRBJ01-05	1.0				6	1	1	1	2	4	42	50	51	61	63	1	In	VDJ							0.0
1621	GGGTTGGAGTCGGCTGCTCCCTCCCAAACATCTGTGTACTTCTGTGCCAGCAGCCCCGACAGGGCCAACGAGCAGTACTTCGGGCCG	CASSPDRANEQYF	1	0.03005711	39	TCRBV06	TCRBV06	unresolved			TCRBV06-02,TCRBV06-03		TCRBD01-01*01	TCRBD01	TCRBD01-01	1.0				TCRBJ02-07*01	TCRBJ02	TCRBJ02-07	1.0				6	4	2	3	3	5	42	53	57	64	67	1	In	VDJ							0.0
1622	GAGCGGTCCTTCTCAGTGACTCTGGCTTCTATCTCTGTGCCTGGAGTGAGGGCCGGTAGCAGGGCCTACGAGCAGTACTTCGGGCCG		1	0.03005711	46	TCRBV30-01*01	TCRBV30	TCRBV30-01	1.0				TCRBD01-01*01	TCRBD01	TCRBD01-01	1.0				TCRBJ02-07*01	TCRBJ02	TCRBJ02-07	1.0				1	11	4	3	0	2	35	48	59	-1	64	1	Out	VDJ							0.0
1623	CTGACCCTGGAGTCTGCCAGGCCCTCACATACCTCTCAGTACCTCTGTGCCAGCAGGGATAACGTCTACGAGCAGTACTTCGGGCCG	CASRDNVYEQYF	1	0.03005711	36	TCRBV25-01*01	TCRBV25	TCRBV25-01	1.0				unresolved		unresolved		TCRBD01,TCRBD02	TCRBD01-01,TCRBD02-01		TCRBJ02-07*01	TCRBJ02	TCRBJ02-07	1.0				6	0	1	8	6	3	45	-1	56	59	65	1	In	VDJ							0.0
1624	TGCTCCCTCCCAAACATCTGTGTACTTCTGTGCCAGCAGTTACCCGCGGGCAGGACCTCGGGGAACTGCGAGCAGTACTTCGGGCCG		1	0.03005711	53	TCRBV06	TCRBV06	unresolved			TCRBV06-02,TCRBV06-03		TCRBD02-01	TCRBD02	TCRBD02-01				01,02	TCRBJ02-07*01	TCRBJ02	TCRBJ02-07	1.0				2	2	7	4	18	6	28	43	45	50	68	1	Out	VDJ							0.0
1625	GTGAGCAACATGAGCCCTGAAGACAGCAGCATATATCTCTGCAGTTCTGGGCGAGCGGGGGGCAAAGAGACCCAGTACTTCGGGCCA	CSSGRAGGKETQYF	1	0.03005711	42	TCRBV29-01*01	TCRBV29	TCRBV29-01	1.0				TCRBD02-01*01	TCRBD02	TCRBD02-01	1.0				TCRBJ02-05*01	TCRBJ02	TCRBJ02-05	1.0				9	9	6	1	2	3	39	44	53	62	64	1	In	VDJ							0.0
1626	GCCAGGCCCTCACATACCTCTCAGTACCTCTGTGCCAGCAGTGAATGGGGACAGGGTAACTATAATTCACCCCTCCACTTTGGGAAC	CASSEWGQGNYNSPLHF	1	0.03005711	51	TCRBV25-01*01	TCRBV25	TCRBV25-01	1.0				TCRBD01-01*01	TCRBD01	TCRBD01-01	1.0				TCRBJ01-06*01	TCRBJ01	TCRBJ01-06	1.0				1	1	0	3	3	3	30	46	47	56	59	1	In	VDJ							0.0
1627	AGTTCTAAGAAGCTCCTTCTCAGTGACTCTGGCTTCTATCTCTGTGCCTGGAGTGCGACCGAGAACACTGAAGCTTTCTTTGGACAA	CAWSATENTEAFF	1	0.03005711	39	TCRBV30-01*01	TCRBV30	TCRBV30-01	1.0				unresolved		unresolved		TCRBD01,TCRBD02	TCRBD01-01,TCRBD02-01		TCRBJ01-01*01	TCRBJ01	TCRBJ01-01	1.0				1	1	2	7	3	1	42	55	56	59	62	1	In	VDJ							0.0
1628	TCTAAGAAGCTCCTTCTCAGTGACTCTGGCTTCTATCTCTGTGCCTGGAGCTGGACAGGGTTGTCAGATACGCAGTATTTTGGCCCA	CAWSWTGLSDTQYF	1	0.03005711	42	TCRBV30-01*01	TCRBV30	TCRBV30-01	1.0				TCRBD01-01*01	TCRBD01	TCRBD01-01	1.0				TCRBJ02-03*01	TCRBJ02	TCRBJ02-03	1.0				3	2	1	3	4	4	39	50	52	60	64	1	In	VDJ							0.0
1629	ACTCTGGCTTCTATCTCTGTGCCTGGAGTGTACAGCCCGTTCTATGTCCTAGCGGGGGGAGTAGTATACGAGCAGTACTTCGGGCCG		1	0.03005711	64	TCRBV30-01	TCRBV30	TCRBV30-01				01,02	TCRBD02-01*01	TCRBD02	TCRBD02-01	1.0				TCRBJ02-07*01	TCRBJ02	TCRBJ02-07	1.0				0	17	4	1	7	4	17	31	48	59	66	1	Out	VDJ							0.0
1630	CTGACTGTGAGCAACATGAGCCCTGAAGACAGCAGCATATATCTCTGCAGCGCCAGGGTTGGCGACACTGAAGCTTTCTTTGGACAA	CSARVGDTEAFF	1	0.03005711	36	TCRBV29-01*01	TCRBV29	TCRBV29-01	1.0				TCRBD01-01*01	TCRBD01	TCRBD01-01	1.0				TCRBJ01-01*01	TCRBJ01	TCRBJ01-01	1.0				7	1	4	3	6	3	45	52	53	58	64	1	In	VDJ							0.0
1631	ACTCTGACTGTGAGCAACATGAGCCCTGAAGACAGCAGCATATATCTCTGCAGCGTCCACAGGGGAGATGGCTACACCTTCGGTTCG	CSVHRGDGYTF	1	0.03005711	33	TCRBV29-01*01	TCRBV29	TCRBV29-01	1.0				TCRBD01-01*01	TCRBD01	TCRBD01-01	1.0				TCRBJ01-02*01	TCRBJ01	TCRBJ01-02	1.0				6	2	3	2	2	6	48	56	58	65	67	1	In	VDJ							0.0
1632	AAGCTCCTTCTCAGTGACTCTGGCTTCTATCTCTGTGCCTGGAGTGTAGAGGGGGGGTATCTAAGTGAAAAACTGTTTTTTGGCAGT	CAWSVEGGYLSEKLFF	1	0.03005711	48	TCRBV30-01*01	TCRBV30	TCRBV30-01	1.0				TCRBD02-01*01	TCRBD02	TCRBD02-01	1.0				TCRBJ01-04*01	TCRBJ01	TCRBJ01-04	1.0				0	3	9	0	8	7	33	47	50	57	65	1	In	VDJ							0.0
1633	CAGCTGCTCCCTCCCAGACATCTGTATACTTCTGTGCCAGCAGTGTATTGTCGACAAAGTCGGGCCAACGTCCTGACTTTCGGGGCC		1	0.03005711	49	TCRBV06-09*01	TCRBV06	TCRBV06-09	1.0				TCRBD01-01*01	TCRBD01	TCRBD01-01	1.0				TCRBJ02-06*01	TCRBJ02	TCRBJ02-06	1.0				5	8	2	6	5	5	32	44	52	56	61	1	Out	VDJ							0.0
1634	ACTGTGAGCAACATGAGCCCTGAAGACAGCAGCATATATCTCTGCAGCGTTGGAGGGAATTCCAATCAGCCCCAGCATTTTGGTGAT	CSVGGNSNQPQHF	1	0.03005711	39	TCRBV29-01*01	TCRBV29	TCRBV29-01	1.0				TCRBD02-01*02	TCRBD02	TCRBD02-01	2.0				TCRBJ01-05*01	TCRBJ01	TCRBJ01-05	1.0				4	0	11	0	5	3	42	-1	52	57	62	1	In	VDJ							0.0
1635	GACTGTGAGCAACATGAGCCCTGAAGACAGCAGCATATATCTCTGCAGCGTTGAAGAGAACAGTCTTACGAGCAGTACTTCGGGCCG		1	0.03005711	38	TCRBV29-01*01	TCRBV29	TCRBV29-01	1.0				TCRBD01-01*01	TCRBD01	TCRBD01-01	1.0				TCRBJ02-07*01	TCRBJ02	TCRBJ02-07	1.0				0	2	3	5	3	4	43	57	59	63	66	1	Out	VDJ							0.0
1636	CTGAGTTCTAAGAAGCTCCTTCTCAGTGACTCTGGCTTCTATCTCTGTGCCTGGAGTACTACAGGGTCGGAAGCTTTCTTTGGACAA	CAWSTTGSEAFF	1	0.03005711	36	TCRBV30-01*01	TCRBV30	TCRBV30-01	1.0				TCRBD01-01*01	TCRBD01	TCRBD01-01	1.0				TCRBJ01-01*01	TCRBJ01	TCRBJ01-01	1.0				2	3	3	3	3	8	45	57	60	66	69	1	In	VDJ							0.0
1637	CTGACTGTGAGCAACATGAGCCCTGAAGACAGCAGCATATATCTCTGCAGCGGGACAGTGAACACCGGGGAGCTGTTTTTTGGAGAA	CSGTVNTGELFF	1	0.03005711	36	TCRBV29-01*01	TCRBV29	TCRBV29-01	1.0				TCRBD01-01*01	TCRBD01	TCRBD01-01	1.0				TCRBJ02-02*01	TCRBJ02	TCRBJ02-02	1.0				7	0	1	5	1	1	45	-1	52	58	59	1	In	VDJ							0.0
1638	CTGAGTTCTAAGAAGCTCCTTCTCAGTGACTCTGGCTTCTATCTCTGTGCCTGGGTCCGACAGGGGCGAGGCTACACCTTCGGTTCG	CAWVRQGRGYTF	1	0.03005711	36	TCRBV30-01*01	TCRBV30	TCRBV30-01	1.0				TCRBD01-01*01	TCRBD01	TCRBD01-01	1.0				TCRBJ01-02*01	TCRBJ01	TCRBJ01-02	1.0				5	4	2	2	3	8	45	54	58	66	69	1	In	VDJ							0.0
1639	AAGCTCCTTCTCAGTGACTCTGGCTTCTATCTCTGTGCCTGGAGTACATCCGACACCAACCGTAACTATGGCTACACCTTCGGTTCG	CAWSTSDTNRNYGYTF	1	0.03005711	48	TCRBV30-01*01	TCRBV30	TCRBV30-01	1.0				TCRBD01-01*01	TCRBD01	TCRBD01-01	1.0				TCRBJ01-02*01	TCRBJ01	TCRBJ01-02	1.0				2	6	2	6	7	1	33	45	51	55	62	1	In	VDJ							0.0
1640	AGCAACATGAGCCCTGAAGACAGCAGCATATATCTCTGCAGCGTTGAAAGCGGGGCGACGAACACCGGGGAGCTGTTTTTTGGAGAA	CSVESGATNTGELFF	1	0.03005711	45	TCRBV29-01*01	TCRBV29	TCRBV29-01	1.0				TCRBD02-01*01	TCRBD02	TCRBD02-01	1.0				TCRBJ02-02*01	TCRBJ02	TCRBJ02-02	1.0				2	0	6	3	3	0	36	-1	48	55	58	1	In	VDJ							0.0
1641	TCTGCCAGGCCCTCACATACCTCTCAGTACCTCTGTGCCAGCAGTGAAAATAAGCTAGCAGGGTCTCAGCCCCAGCATTTTGGTGAT	CASSENKLAGSQPQHF	1	0.03005711	48	TCRBV25-01*01	TCRBV25	TCRBV25-01	1.0				unresolved		unresolved		TCRBD01,TCRBD02	TCRBD01-01,TCRBD02-01		TCRBJ01-05*01	TCRBJ01	TCRBJ01-05	1.0				2	10	4	3	2	6	33	48	58	63	65	1	In	VDJ							0.0
1642	AGCAACATGAGCCCTGAAGACAGCAGCATATATCTCTGCAGCGCCTAAAAAACGGACAGGGAGGACTATGGCTACACCTTCGGTTCG	CSA*KTDREDYGYTF	1	0.03005711	45	TCRBV29-01*01	TCRBV29	TCRBV29-01	1.0				TCRBD01-01*01	TCRBD01	TCRBD01-01	1.0				TCRBJ01-02*01	TCRBJ01	TCRBJ01-02	1.0				7	10	1	3	3	3	36	43	53	61	64	1	Stop	VDJ							0.0
1643	AGTTCTAAGAAGCTCCTTCTCAGTGACTCTGGCTTCTATCTCTGTGCCTGGAGTTGGACAGGGGGCTACGAGCAGTACTTCGGGCCG	CAWSWTGGYEQYF	1	0.03005711	39	TCRBV30-01*01	TCRBV30	TCRBV30-01	1.0				TCRBD01-01*01	TCRBD01	TCRBD01-01	1.0				TCRBJ02-07*01	TCRBJ02	TCRBJ02-07	1.0				2	1	1	1	0	3	42	54	55	-1	65	1	In	VDJ							0.0
1644	AGTTCTAAGAAGCTCCTTCTCAGTGACTCTGGCTTCTATCTCTGTGCCTGGAAGCGGGGGGGCTTCGGGGAGCTGTTTTTTGGAGAA	CAWKRGGFGELFF	1	0.03005711	39	TCRBV30-01*01	TCRBV30	TCRBV30-01	1.0				TCRBD02-01*01	TCRBD02	TCRBD02-01	1.0				TCRBJ02-02*01	TCRBJ02	TCRBJ02-02	1.0				4	0	6	0	3	7	42	-1	52	62	65	1	In	VDJ							0.0
1645	GGAGTCTGCCAGGCCCTCACATACCTCTCAGTACCTCTGTGCCAGCAGTGCTGGGGACAGACAAACTATGGCTACACCTTCGGTTCG		1	0.03005711	44	TCRBV25-01*01	TCRBV25	TCRBV25-01	1.0				TCRBD01-01*01	TCRBD01	TCRBD01-01	1.0				TCRBJ01-02*01	TCRBJ01	TCRBJ01-02	1.0				4	3	0	5	3	2	37	50	53	60	63	1	Out	VDJ							0.0
1646	GTGAGCAACATGAGCCCTGAAGACAGCAGCATATATCTCTGCAGCGTTGAAGTTCTTCCAGGGAACTATGGCTACACCTTCGGTTCG	CSVEVLPGNYGYTF	1	0.03005711	42	TCRBV29-01*01	TCRBV29	TCRBV29-01	1.0				TCRBD01-01*01	TCRBD01	TCRBD01-01	1.0				TCRBJ01-02*01	TCRBJ01	TCRBJ01-02	1.0				1	6	4	3	0	2	39	52	58	-1	63	1	In	VDJ							0.0
1647	TCTAAGAAGCTCCTTCTCAGTGACTCTGGCTTCTATCTCTGTGCCTGGAATATACAGGGGTTGAATTCACCCCTCCACTTTGGGAAC	CAWNIQGLNSPLHF	1	0.03005711	42	TCRBV30-01*01	TCRBV30	TCRBV30-01	1.0				TCRBD01-01*01	TCRBD01	TCRBD01-01	1.0				TCRBJ01-06*01	TCRBJ01	TCRBJ01-06	1.0				4	4	3	2	3	7	39	49	53	60	63	1	In	VDJ							0.0
1648	AGTTCTAAGAAGCTCCTTCTCAGTGACTCTGGCTTCTATCTCTGTGCCTGGAGTGGGCGGGGTTCGTATGGCTACACCTTCGGTTCG	CAWSGRGSYGYTF	1	0.03005711	39	TCRBV30-01*01	TCRBV30	TCRBV30-01	1.0				TCRBD02-01*01	TCRBD02	TCRBD02-01	1.0				TCRBJ01-02*01	TCRBJ01	TCRBJ01-02	1.0				1	1	7	3	4	5	42	55	56	62	66	1	In	VDJ							0.0
1649	CTGAGTTCTAAGAAGCTCCTTCTCAGTGACTCTGGCTTCTATCTCTGTGCCTGGAGTGAATATAATTCACCCCTCCACTTTGGGAAC	CAWSEYNSPLHF	1	0.03005711	36	TCRBV30-01*01	TCRBV30	TCRBV30-01	1.0				unresolved		unresolved					TCRBJ01-06*01	TCRBJ01	TCRBJ01-06	1.0				1	0	0	0	2	4	45	-1	-1	58	60	1	In	VJ							0.0
1650	AAGGTGCAGCCTGCAGAACTGGAGGATTCTGGAGTTTATTTCTGTGCCAGCAGCCAAGGGGGTTTCACTGAAGCTTTCTTTGGACAA	CASSQGGFTEAFF	1	0.03005711	39	TCRBV14-01*01	TCRBV14	TCRBV14-01	1.0				unresolved		unresolved		TCRBD01,TCRBD02	TCRBD01-01,TCRBD02-01		TCRBJ01-01*01	TCRBJ01	TCRBJ01-01	1.0				1	0	6	2	3	4	42	-1	58	62	65	1	In	VDJ							0.0
1651	CAGCGCACAGAGCGGGGGGACTCAGCCGTGTATCTCTGTGCCAGCAGCTTTGACTTCTCGAACACCGGGGAGCTGTTTTTTGGAGAA	CASSFDFSNTGELFF	1	0.03005711	45	TCRBV07-03*01	TCRBV07	TCRBV07-03	1.0				TCRBD02-01	TCRBD02	TCRBD02-01				01,02	TCRBJ02-02*01	TCRBJ02	TCRBJ02-02	1.0				3	1	2	10	3	0	36	50	51	55	58	1	In	VDJ							0.0
1652	CTCAGAACCGGGAGACACGGCACTGTATCTCTGCGCCAGCAGTACCTCCAACCGGGACCGAGCACAGATACGCAGTATTTTGGCCCA		1	0.03005711	50	TCRBV23-01*01	TCRBV23	TCRBV23-01	1.0				unresolved		unresolved		TCRBD01,TCRBD02	TCRBD01-01,TCRBD02-01		TCRBJ02-03*01	TCRBJ02	TCRBJ02-03	1.0				5	10	0	7	2	0	31	43	53	58	60	1	Out	VDJ							0.0
1653	GCACCTTGGAGCTGGGGGACTCGGCCCTTTATCTTTGCGCCAGCAGCCTGGGGGGGGGTTAGCACAGATACGCAGTATTTTGGCCCA		1	0.03005711	46	TCRBV05-01*01	TCRBV05	TCRBV05-01	1.0				TCRBD02-01*01	TCRBD02	TCRBD02-01	1.0				TCRBJ02-03*01	TCRBJ02	TCRBJ02-03	1.0				0	0	9	0	2	0	35	-1	51	58	60	1	Out	VDJ							0.0
1654	GAGCACCTTGGAGCTGGGGGACTCGGCCCTTTATCTTTGCGCCAGCAGCCTGGGGGGGTTAGCACAGATACGCAGTATTTTGGCCCA		1	0.03005711	44	TCRBV05-01*01	TCRBV05	TCRBV05-01	1.0				unresolved		unresolved		TCRBD01,TCRBD02	TCRBD01-01,TCRBD02-01		TCRBJ02-03*01	TCRBJ02	TCRBJ02-03	1.0				0	0	6	1	2	0	37	-1	53	58	60	1	Out	VDJ							0.0
1655	ACTCTGGAGTCTGCTGCCTCCTCCCAGACATCTGTATATTTCTGCGCCGGTATTAGGGGGGGGACAGATACGCAGTATTTTGGCCCA	CAGIRGGTDTQYF	1	0.03005711	39	TCRBV10-01	TCRBV10	TCRBV10-01				01,02	TCRBD02-01*01	TCRBD02	TCRBD02-01	1.0				TCRBJ02-03*01	TCRBJ02	TCRBJ02-03	1.0				11	7	9	0	1	3	42	48	55	62	63	1	In	VDJ							0.0
1656	GCACAGAGCAGGGGGACTCGGCCATGTATCTCTGTGCCAGCAGCTGGAACTAGCGGGGGGGGGACAGATACGCAGTATTTTGGCCCA		1	0.03005711	49	TCRBV07-09	TCRBV07	TCRBV07-09				01,03	TCRBD02-01*01	TCRBD02	TCRBD02-01	1.0				TCRBJ02-03*01	TCRBJ02	TCRBJ02-03	1.0				4	3	3	0	2	3	32	45	48	61	63	1	Out	VDJ							0.0
1657	AAACCTGAGCTCTCTGGAGCTGGGGACTCAGCTTTGTATTTCTGTGCCAGCTCGTTCCGCCCCCCAGATACGCAGTATTTTGGCCCA	CASSFRPPDTQYF	1	0.03005711	39	TCRBV09-01	TCRBV09	TCRBV09-01				01,02	unresolved		unresolved		TCRBD01,TCRBD02	TCRBD01-01,TCRBD02-01		TCRBJ02-03*01	TCRBJ02	TCRBJ02-03	1.0				7	7	10	0	4	4	42	51	58	60	64	1	In	VDJ							0.0
1658	GAGTTGGCTGCTCCCTCCCAGACATCTGTGTACTTCTGTGCCAGCACGGCTGCGGGATACAGACAAGAGACCCAGTACTTCGGGCCA	CASTAAGYRQETQYF	1	0.03005711	45	TCRBV06-06	TCRBV06	TCRBV06-06				01,02	TCRBD02-01*02	TCRBD02	TCRBD02-01	2.0				TCRBJ02-05*01	TCRBJ02	TCRBJ02-05	1.0				7	5	7	3	6	2	36	46	51	57	63	1	In	VDJ							0.0
1659	AGCACCTTGGAGCTGGGGGACTCGGCCCTTTATCTTTGCGCCAGCAGCTTGGAATCAGAAAGCCAAGAGACCCAGTACTTCGGGCCA	CASSLESESQETQYF	1	0.03005711	45	TCRBV05-01*01	TCRBV05	TCRBV05-01	1.0				TCRBD01-01*01	TCRBD01	TCRBD01-01	1.0				TCRBJ02-05*01	TCRBJ02	TCRBJ02-05	1.0				0	3	4	5	4	1	36	52	55	58	62	1	In	VDJ							0.0
1660	ACCAGTGCCCATCCTGAAGACAGCAGCTTCTACATCTGCAGTGCTAGAGATCTATACGCGCGCCAAGAGACCCAGTACTTCGGGCCA	CSARDLYARQETQYF	1	0.03005711	45	TCRBV20	TCRBV20	unresolved			TCRBV20-01,TCRBV20-or09_02		TCRBD02-01	TCRBD02	TCRBD02-01				01,02	TCRBJ02-05*01	TCRBJ02	TCRBJ02-05	1.0				0	1	4	9	8	1	36	50	51	54	62	1	In	VDJ							0.0
1661	CCTGCAGAACTGGAGGATTCTGGAGTTTATTTCTGTGCCAGCAGCCCCCTATGGAAGGGGGGTCAAGAGACCCAGTACTTCGGGCCA	CASSPLWKGGQETQYF	1	0.03005711	48	TCRBV14-01*01	TCRBV14	TCRBV14-01	1.0				unresolved		unresolved		TCRBD01,TCRBD02	TCRBD01-01,TCRBD02-01		TCRBJ02-05*01	TCRBJ02	TCRBJ02-05	1.0				4	9	5	1	2	2	33	46	55	61	63	1	In	VDJ							0.0
1662	CAGCGCACAGAGCAGGGGGACTCGGCCATGTATCTCTGTGCCAGCAGCTTAGTGGTCCCTACGGGAGAGACCCAGTACTTCGGGCCA	CASSLVVPTGETQYF	1	0.03005711	45	TCRBV07-09	TCRBV07	TCRBV07-09				01,03	TCRBD02-01	TCRBD02	TCRBD02-01				01,02	TCRBJ02-05*01	TCRBJ02	TCRBJ02-05	1.0				1	9	8	4	0	4	36	52	61	-1	65	1	In	VDJ							0.0
1663	CGCTCACCAGGCCTGGGGGACGCAGCCATGTACCTGTGTGCCACCAGCAATAGCGGGGGGGCGGCGGAGACCCAGTACTTCGGGCCA	CATSNSGGAAETQYF	1	0.03005711	45	TCRBV15-01*01	TCRBV15	TCRBV15-01	1.0				TCRBD02-01*01	TCRBD02	TCRBD02-01	1.0				TCRBJ02-05*01	TCRBJ02	TCRBJ02-05	1.0				4	1	5	0	5	5	36	49	50	61	66	1	In	VDJ							0.0
1664	CAGCAGGAGGACTCGGCCGTGTATCTCTGTGCCAGCAGCTTATTTCCGAGGGCCTCCGCCTCTCGGGAGACCCAGTACTTCGGGCCA	CASSLFPRASASRETQYF	1	0.03005711	54	TCRBV07-02*01	TCRBV07	TCRBV07-02	1.0				TCRBD02-01*02	TCRBD02	TCRBD02-01	2.0				TCRBJ02-05*01	TCRBJ02	TCRBJ02-05	1.0				2	5	11	0	14	5	27	42	47	52	66	1	In	VDJ							0.0
1665	AATGTGAGCACCTTGGAGCTGGGGGACTCGGCCCTTTATCTTTGCGCCAGCAGGCTCACGGGTGTACGGGAGCAGTTCTTCGGGCCA	CASRLTGVREQFF	1	0.03005711	39	TCRBV05-01*01	TCRBV05	TCRBV05-01	1.0				TCRBD02-01	TCRBD02	TCRBD02-01				01,02	TCRBJ02-01*01	TCRBJ02	TCRBJ02-01	1.0				5	5	8	4	7	10	42	53	58	62	69	1	In	VDJ							0.0
1666	CAGCGCACAGAGCAGGGGGACTCGGCCATGTATCTCTGTGCCAGCAAACCCTCGGGGAGCACCTACAATGAGCAGTTCTTCGGGCCA	CASKPSGSTYNEQFF	1	0.03005711	45	TCRBV07-09	TCRBV07	TCRBV07-09				01,03	TCRBD02-01	TCRBD02	TCRBD02-01				01,02	TCRBJ02-01*01	TCRBJ02	TCRBJ02-01	1.0				7	6	8	3	4	2	36	46	52	57	61	1	In	VDJ							0.0
1667	AGGCTGGAGTTGGCTGCTCCCTCCCAGACATCTGTGTACTTCTGTGCCAGCTGTCAAGGGAAGGGGGTAGGAGGGTTCTTCGGGCCA	CASCQGKGVGGFF	1	0.03005711	39	TCRBV06-06	TCRBV06	TCRBV06-06				01,02	TCRBD01-01*01	TCRBD01	TCRBD01-01	1.0				TCRBJ02-01*01	TCRBJ02	TCRBJ02-01	1.0				8	10	5	1	7	15	42	51	61	67	74	1	In	VDJ							0.0
1668	GTTGCTGGGGGACTCGGCCCTCTATCTCTGTGCCAGCAGCTTGTTGGGGGGGACCTGCGCTATAATTCACCCCTCCACTTTGGGAAC		1	0.03005711	53	TCRBV05-06*01	TCRBV05	TCRBV05-06	1.0				TCRBD02-01*01	TCRBD02	TCRBD02-01	1.0				TCRBJ01-06*01	TCRBJ01	TCRBJ01-06	1.0				1	2	9	0	7	3	28	43	45	52	59	1	Out	VDJ							0.0
1669	TTTCCCCTGACCCTGGAGTCTGCCAGGCCCTCACATACCTCTCAGTACCTCTGTGCCAGCAGTGGGGGCAGGGGCTCTTTTGGGAAC	CASSGGRGSF	1	0.03005711	30	TCRBV25-01*01	TCRBV25	TCRBV25-01	1.0				TCRBD01-01*01	TCRBD01	TCRBD01-01	1.0				TCRBJ01-06*01	TCRBJ01	TCRBJ01-06	1.0				4	4	4	2	4	22	51	64	68	74	78	1	In	VDJ							0.0
1670	CGCACACAGCAGGAGGACTCCGCCGTGTATCTCTGTGCCAGCAGCTCGTCCTCGGGGTTGAGTAAAAACATTCAGTACTTCGGCGCC	CASSSSSGLSKNIQYF	1	0.03005711	48	TCRBV07-08*01	TCRBV07	TCRBV07-08	1.0				TCRBD02-01*01	TCRBD02	TCRBD02-01	1.0				TCRBJ02-04*01	TCRBJ02	TCRBJ02-04	1.0				4	6	8	3	6	4	33	46	52	57	63	1	In	VDJ							0.0
1671	TTGCTCTGAGATGAATGTGAGTGCCTTGGAGCTGGGGGACTCGGCCCTGTATCTCTGTGCCAGATTCACGAGCAGTACTTCGGGCCG		1	0.03005711	26	TCRBV05-03	TCRBV05	TCRBV05-03				01,02	unresolved		unresolved					TCRBJ02-07*01	TCRBJ02	TCRBJ02-07	1.0				7	0	0	0	3	5	55	-1	-1	64	67	1	Out	VJ							0.0
1672	GGAGATCCAGCGCACAGAGCAGGGGACTCGGCCATGTATCTCTGTGCCAGCAGCTTCTCGGGGATCGGAGGCTACACCTTCGGTTCG	CASSFSGIGGYTF	1	0.03005711	39	unresolved		unresolved		TCRBV07,TCRBV11	TCRBV07-09,TCRBV11-01		TCRBD02-01*01	TCRBD02	TCRBD02-01	1.0				TCRBJ01-02*01	TCRBJ01	TCRBJ01-02	1.0				3	2	8	3	6	8	42	56	58	63	69	1	In	VDJ							0.0
1673	TTCTAAGAAGCTCCTTCTCAGTGACTCTGGCTTCTATCTCTGTGCCTGGAGTGTAGGGGGGCTAGTGTGGGCTACACCTTCGGTTCG		1	0.03005711	41	TCRBV30-01*01	TCRBV30	TCRBV30-01	1.0				unresolved		unresolved		TCRBD01,TCRBD02	TCRBD01-01,TCRBD02-01		TCRBJ01-02*01	TCRBJ01	TCRBJ01-02	1.0				0	0	5	1	9	8	40	-1	54	60	69	1	Out	VDJ							0.0
1674	CTAAGAAGCTCCTTCTCAGTGACTCTGGCTTCTATCTCTGTGCCTGGCTAGGCAGGGGGGGGCTACCAGCCCCAGCATTTTGGTGAT		1	0.03005711	43	TCRBV30-01*01	TCRBV30	TCRBV30-01	1.0				unresolved		unresolved		TCRBD01,TCRBD02	TCRBD01-01,TCRBD02-01		TCRBJ01-05*01	TCRBJ01	TCRBJ01-05	1.0				5	5	4	1	7	7	38	47	52	59	66	1	Out	VDJ							0.0
1675	GCCTTGTTGCTGGGGGACTCGGCCCTGTATCTCTGTGCCAGCAGCTTTTACGCCGGGGGTAGCAATCAGCCCCAGCATTTTGGTGAT	CASSFYAGGSNQPQHF	1	0.03005711	48	TCRBV05-05*01	TCRBV05	TCRBV05-05	1.0				TCRBD02-01*01	TCRBD02	TCRBD02-01	1.0				TCRBJ01-05*01	TCRBJ01	TCRBJ01-05	1.0				2	6	8	2	0	0	33	47	53	-1	59	1	In	VDJ							0.0
1676	CCAGCGCACACAGCAGGAGGACTCGGCCGTGTATCTCTGTGCCAGCAGCTTAATCGGATGGGGTAATGAAAAACTGTTTTTGGCAGT		1	0.03005711	44	TCRBV07-02*01	TCRBV07	TCRBV07-02	1.0				unresolved		unresolved		TCRBD01,TCRBD02	TCRBD01-01,TCRBD02-01		TCRBJ01-04*01	TCRBJ01	TCRBJ01-04	1.0				2	7	6	2	13	18	37	52	59	63	76	1	Out	VDJ							0.0
1677	CTACACACCCTGCAGCCAGAAGACTCGGCCCTGTATCTCTGTGCCAGCAGCCAAGCGGACCGGAACACTGAAGCTTTCTTTGGACAA	CASSQADRNTEAFF	1	0.03005711	42	TCRBV04-02*01	TCRBV04	TCRBV04-02	1.0				unresolved		unresolved		TCRBD01,TCRBD02	TCRBD01-01,TCRBD02-01		TCRBJ01-01*01	TCRBJ01	TCRBJ01-01	1.0				1	1	1	7	2	1	39	55	56	60	62	1	In	VDJ							0.0
1678	ACCAGTGCCCATCCTGAAGACAGCAGCTTCTACATCTGCAGTGCTAGCCCCCCACAGGGACGGGGCGCTGAAGCTTTCTTTGGACAA	CSASPPQGRGAEAFF	1	0.03005711	45	TCRBV20	TCRBV20	unresolved			TCRBV20-01,TCRBV20-or09_02		TCRBD01-01*01	TCRBD01	TCRBD01-01	1.0				TCRBJ01-01*01	TCRBJ01	TCRBJ01-01	1.0				3	6	3	3	8	6	36	47	53	59	67	1	In	VDJ							0.0
1679	CTCTCTGGAGCTGGGGGACTCAGCTTTGTATTTCTGTGCCAGCAGCATGGGGCGGGGGGCTATACAGATACGCAGTATTTTGGCCCA		1	0.03005711	47	TCRBV09-01	TCRBV09	TCRBV09-01				01,02	TCRBD02-01*01	TCRBD02	TCRBD02-01	1.0				TCRBJ02-03*01	TCRBJ02	TCRBJ02-03	1.0				4	5	7	1	4	3	34	46	51	59	63	1	Out	VDJ							0.0
1680	TCGGCCCAAAAGAACCCGACAGCTTTCTATCTCTGTGCCAGTAGTATAGGTGAGCGGGGACACCCTTATACGCAGTATTTTGGCCCA	CASSIGERGHPYTQYF	1	0.03005711	48	TCRBV19-01	TCRBV19	TCRBV19-01				01,02	TCRBD02-01*01	TCRBD02	TCRBD02-01	1.0				TCRBJ02-03*01	TCRBJ02	TCRBJ02-03	1.0				1	3	6	3	8	7	33	49	52	59	67	1	In	VDJ							0.0
1681	TCTCTACTCTGAAGATCCAGCGCACAGAGCGGGGGGACTCAGCCGTGTCTTCAACGGGGGCCCCAAGAGACCCAGTACTTCGGGCCA		1	0.03005711	28	TCRBV07-03*01	TCRBV07	TCRBV07-03	1.0				unresolved		unresolved		TCRBD01,TCRBD02	TCRBD01-01,TCRBD02-01		TCRBJ02-05*01	TCRBJ02	TCRBJ02-05	1.0				22	7	6	0	1	1	53	48	55	61	62	1	Out	VDJ							0.0
1682	GAGATCCAGCGCACAGAGCAGGGGGACTCGGCCATGTATCTCTGTGCCAGCAGCTGGCGGGAGCAAGAGACCCAGTACTTCGGGCCA	CASSWREQETQYF	1	0.03005711	39	TCRBV07-09	TCRBV07	TCRBV07-09				01,03	TCRBD02-01*02	TCRBD02	TCRBD02-01	2.0				TCRBJ02-05*01	TCRBJ02	TCRBJ02-05	1.0				4	1	7	2	0	2	42	55	56	-1	63	1	In	VDJ							0.0
1683	CTGAGCTCTCTGGAGCTGGGGGACTCAGCTTTGTATTTCTGTGCCAGCAGCGTGGGAGGGTTCGAAGAGACCCAGTACTTCGGGCCA	CASSVGGFEETQYF	1	0.03005711	42	TCRBV09-01	TCRBV09	TCRBV09-01				01,02	TCRBD02-01*02	TCRBD02	TCRBD02-01	2.0				TCRBJ02-05*01	TCRBJ02	TCRBJ02-05	1.0				2	0	9	0	4	3	39	-1	53	60	64	1	In	VDJ							0.0
1684	CAGTCCACGGAGTCAGGGGACACAGCACTGTATTTCTGTGCCAGCATCTTCAGGGGGCCGAAGGATGAGACCCAGTACTTCGGGCCA	CASIFRGPKDETQYF	1	0.03005711	45	TCRBV21-01*01	TCRBV21	TCRBV21-01	1.0				TCRBD01-01*01	TCRBD01	TCRBD01-01	1.0				TCRBJ02-05*01	TCRBJ02	TCRBJ02-05	1.0				7	4	4	0	8	5	36	46	50	58	66	1	In	VDJ							0.0
1685	CACTGTATTTCTGTGCCAGCAGCAGCAGTGGGGACAGGGGGCGTCTAGCGGGGGCCGTCCACGCATTCCGAGCAGTTCTTCGGGCCA		1	0.03005711	70	TCRBV21-01*01	TCRBV21	TCRBV21-01	1.0				TCRBD02-01*01	TCRBD02	TCRBD02-01	1.0				TCRBJ02-01*01	TCRBJ02	TCRBJ02-01	1.0				4	2	4	2	15	10	11	42	44	54	69	1	Out	VDDJ							0.0
1686	CTCACTGTGACATCGGCCCAAAAGAACCCGACAGCTTTCTATCTCTGTGCCAGTAGTACAGGGCTCTGGGAGCAGTTCTTCGGGCCA	CASSTGLWEQFF	1	0.03005711	36	TCRBV19-01	TCRBV19	TCRBV19-01				01,02	TCRBD01-01*01	TCRBD01	TCRBD01-01	1.0				TCRBJ02-01*01	TCRBJ02	TCRBJ02-01	1.0				4	0	4	3	6	10	45	-1	58	63	69	1	In	VDJ							0.0
1687	GCCCTGCAGCCAGAAGACTCAGCCCTGTATCTCTGCGCCAGCAGCCAAGAACGGGCGGGGGGGGACAATGAGCAGTTCTTCGGGCCA	CASSQERAGGDNEQFF	1	0.03005711	48	TCRBV04-01*01	TCRBV04	TCRBV04-01	1.0				TCRBD02-01*01	TCRBD02	TCRBD02-01	1.0				TCRBJ02-01*01	TCRBJ02	TCRBJ02-01	1.0				0	4	7	0	1	5	33	50	54	63	64	1	In	VDJ							0.0
1688	GTGACATCGGCCCAAAAGAACCCGACAGCTTTCTATCTCTGTGCCAGTAGTATAGGTACGTTATACAATGAGCAGTTCTTCGGGCCA	CASSIGTLYNEQFF	1	0.03005711	42	TCRBV19-01	TCRBV19	TCRBV19-01				01,02	unresolved		unresolved		TCRBD01,TCRBD02	TCRBD01-01,TCRBD02-01		TCRBJ02-01*01	TCRBJ02	TCRBJ02-01	1.0				1	2	3	7	4	4	39	55	57	59	63	1	In	VDJ							0.0
1689	GCGTCTGCTGTACCCTCTCAGACATCTGTGTACTTCTGTGCCAGCACCCCCGGGGCGGGTTCCTACAATGAGCAGTTCTTCGGGCCA	CASTPGAGSYNEQFF	1	0.03005711	45	TCRBV06-04	TCRBV06	TCRBV06-04				01,02	unresolved		unresolved		TCRBD01,TCRBD02	TCRBD01-01,TCRBD02-01		TCRBJ02-01*01	TCRBJ02	TCRBJ02-01	1.0				7	5	7	0	4	1	36	46	51	56	60	1	In	VDJ							0.0
1690	TCGGCTGCTCCCTCCCAGACATCTGTGTACTTCTGTGCCAGCAGTGGGCCCCCCCTAGCGGGCTACAATGAGCAGTTCTTCGGGCCA	CASSGPPLAGYNEQFF	1	0.03005711	48	TCRBV06-01*01	TCRBV06	TCRBV06-01	1.0				TCRBD02-01	TCRBD02	TCRBD02-01				01,02	TCRBJ02-01*01	TCRBJ02	TCRBJ02-01	1.0				4	8	4	4	0	3	33	46	54	-1	62	1	In	VDJ							0.0
1691	TCGGCCCAAAAGAACCCGACAGCTTTCTATCTCTGTGCCAGTAGTATTAGCGGGGGGGCCCGGTACAATGAGCAGTTCTTCGGGCCA	CASSISGGARYNEQFF	1	0.03005711	48	TCRBV19-01	TCRBV19	TCRBV19-01				01,02	TCRBD02-01*01	TCRBD02	TCRBD02-01	1.0				TCRBJ02-01*01	TCRBJ02	TCRBJ02-01	1.0				3	0	5	0	5	4	33	-1	47	58	63	1	In	VDJ							0.0
1692	AGTGACCAGTGCCCATCCTGAAGACAGCAGCTTCTACATCTGCAGTGCTTCTCGGGGGGGGAGTCTAATGAGCAGTTCTTCGGGCCA		1	0.03005711	41	TCRBV20	TCRBV20	unresolved			TCRBV20-01,TCRBV20-or09_02		TCRBD02-01*01	TCRBD02	TCRBD02-01	1.0				TCRBJ02-01*01	TCRBJ02	TCRBJ02-01	1.0				5	3	8	0	6	7	40	49	52	60	66	1	Out	VDJ							0.0
1693	TCGCCCAGCCCCAACCAGACCTCTCTGTACTTCTGTGCCAGCAACCCGGGGGGGGGAGGAAGCAATCAGCCCCAGCATTTTGGTGAT	CASNPGGGGSNQPQHF	1	0.03005711	48	TCRBV27-01*01	TCRBV27	TCRBV27-01	1.0				TCRBD02-01*01	TCRBD02	TCRBD02-01	1.0				TCRBJ01-05*01	TCRBJ01	TCRBJ01-05	1.0				7	3	8	0	6	1	33	43	46	54	60	1	In	VDJ							0.0
1694	AACGCCTTGTTGCTGGGGGACTCGGCCCTGTATCTCTGTGCCAGCAGCACCCTAGGGACAGGCAATCAGCCCCAGCATTTTGGTGAT	CASSTLGTGNQPQHF	1	0.03005711	45	TCRBV05-05*01	TCRBV05	TCRBV05-05	1.0				TCRBD01-01*01	TCRBD01	TCRBD01-01	1.0				TCRBJ01-05*01	TCRBJ01	TCRBJ01-05	1.0				4	6	0	5	0	2	36	48	54	-1	61	1	In	VDJ							0.0
1695	ATCAATTCCCTGGAGCTTGGTGACTCTGCTGTGTATTTCTGTGCCAGCAGCCAAGTCTGGGGGATCACTGAAGCTTTCTTTGGACAA	CASSQVWGITEAFF	1	0.03005711	42	TCRBV03	TCRBV03	unresolved			TCRBV03-01,TCRBV03-02		unresolved		unresolved		TCRBD01,TCRBD02	TCRBD01-01,TCRBD02-01		TCRBJ01-01*01	TCRBJ01	TCRBJ01-01	1.0				1	3	6	1	2	4	39	55	58	63	65	1	In	VDJ							0.0
1696	CTCACTGTGACATCGGCCCAAAAGAACCCGACAGCTTTCTATCTCTGTGCCAGTAGTATAGAGGGCAGAGGAGCTTTCTTTGGACAA	CASSIEGRGAFF	1	0.03005711	36	TCRBV19-01	TCRBV19	TCRBV19-01				01,02	unresolved		unresolved		TCRBD01,TCRBD02	TCRBD01-01,TCRBD02-01		TCRBJ01-01*01	TCRBJ01	TCRBJ01-01	1.0				0	0	8	0	5	10	45	-1	62	66	71	1	In	VDJ							0.0
1697	CAGCGCACACAGCAGGAGGACTCGGCCGTGTATCTCTGTGCCAGCAGGAGCGTTAGCGGGGACACAGATACGCAGTATTTTGGCCCA	CASRSVSGDTDTQYF	1	0.03005711	45	TCRBV07-02*01	TCRBV07	TCRBV07-02	1.0				TCRBD02-01*01	TCRBD02	TCRBD02-01	1.0				TCRBJ02-03*01	TCRBJ02	TCRBJ02-03	1.0				6	6	5	3	1	2	36	47	53	61	62	1	In	VDJ							0.0
1698	AGCACCTTGGAGCTGGGGGACTCGGCCCGTTATCTTTGCGCCAGCAGCCTGGGGGGGGTTAGCACAGATACGCAGTATTTTGGCCCA	CASSLGGVSTDTQYF	1	0.03005711	45	TCRBV05-01*01	TCRBV05	TCRBV05-01	1.0				TCRBD02-01*01	TCRBD02	TCRBD02-01	1.0				TCRBJ02-03*01	TCRBJ02	TCRBJ02-03	1.0				0	0	9	1	2	0	36	-1	52	58	60	1	In	VDJ							0.0
1699	GTAGTGCGAGGAGATTCGGCAGCTTATTTCTGTGCCAGCTCACCACCGGTAGGCGGGGGGCCCCCAGATACGCAGTATTTTGGCCCA	CASSPPVGGGPPDTQYF	1	0.03005711	51	TCRBV18-01*01	TCRBV18	TCRBV18-01	1.0				TCRBD02-01*01	TCRBD02	TCRBD02-01	1.0				TCRBJ02-03*01	TCRBJ02	TCRBJ02-03	1.0				0	5	7	1	4	4	30	47	52	60	64	1	In	VDJ							0.0
1700	AGAGCAGGGGGACTCGGCCGTGTATGTCTGTGCAAGTCGCTCCGGGGGTCACTAGCGGCGATGTCCGATACGCAGTATTTTGGCCCA		1	0.03005711	53	TCRBV12-02*01	TCRBV12	TCRBV12-02	1.0				TCRBD02-01	TCRBD02	TCRBD02-01				01,02	TCRBJ02-03*01	TCRBJ02	TCRBJ02-03	1.0				4	9	3	5	8	6	28	41	50	58	66	1	Out	VDJ							0.0
1701	GCCCATCCTGAAGACAGCAGCTTCTACATCTGCAGTGCTAGAGAGGGCGAACTAGCGGGGGGCAGAAAGACCCAGTACTTCGGGCCA	CSAREGELAGGRKTQYF	1	0.03005711	51	TCRBV20	TCRBV20	unresolved			TCRBV20-01,TCRBV20-or09_02		TCRBD02-01*01	TCRBD02	TCRBD02-01	1.0				TCRBJ02-05*01	TCRBJ02	TCRBJ02-05	1.0				0	6	3	1	5	6	30	44	50	62	67	1	In	VDJ							0.0
1702	ACATCGGCCCAAAAGAACCCGACAGCTTTCTATCTCTGTGCCAGTAGTATGAAGCAGGGGGCGAAGAAGACCCAGTACTTCGGGCCA	CASSMKQGAKKTQYF	1	0.03005711	45	TCRBV19-01	TCRBV19	TCRBV19-01				01,02	TCRBD01-01*01	TCRBD01	TCRBD01-01	1.0				TCRBJ02-05*01	TCRBJ02	TCRBJ02-05	1.0				3	4	4	0	5	6	36	50	54	62	67	1	In	VDJ							0.0
1703	AGCTCTCTGGAGCTGGGGGACTCAGCTTTGTATTTCTGTGCCAGCAGCGTAGTGGGTTAGAAACAAGAGACCCAGTACTTCGGGCCA	CASSVVG*KQETQYF	1	0.03005711	45	TCRBV09-01	TCRBV09	TCRBV09-01				01,02	unresolved		unresolved		TCRBD01,TCRBD02	TCRBD01-01,TCRBD02-01		TCRBJ02-05*01	TCRBJ02	TCRBJ02-05	1.0				0	1	0	9	7	2	36	52	53	56	63	1	Stop	VDJ							0.0
1704	AGCTCTCTGGAGCTGGGGGACTCAGCTTTGTATTTCTGTGCCAGCAGCCCGACCGGGACAACACAAGAGACCCAGTACTTCGGGCCA	CASSPTGTTQETQYF	1	0.03005711	45	TCRBV09-01	TCRBV09	TCRBV09-01				01,02	TCRBD01-01*01	TCRBD01	TCRBD01-01	1.0				TCRBJ02-05*01	TCRBJ02	TCRBJ02-05	1.0				4	6	0	6	3	2	36	48	54	60	63	1	In	VDJ							0.0
1705	CAGCAGGTAGTGCGAGGAGATTCGGCAGCTTATTTCTGTGCCAGCTCGCCCGGACAGGGCTACCAAGAGACCCAGTACTTCGGGCCA	CASSPGQGYQETQYF	1	0.03005711	45	TCRBV18-01*01	TCRBV18	TCRBV18-01	1.0				TCRBD01-01*01	TCRBD01	TCRBD01-01	1.0				TCRBJ02-05*01	TCRBJ02	TCRBJ02-05	1.0				6	4	1	3	2	0	36	47	51	59	61	1	In	VDJ							0.0
1706	CCGCTCACCAGGCCTGGGGGACGCAGCCATGTACCTGTGTGCCACCAGCACCCACAGGGGCCCCAAGAGACCCAGTACTTCGGGCCA		1	0.03005711	44	TCRBV15-01*01	TCRBV15	TCRBV15-01	1.0				TCRBD01-01*01	TCRBD01	TCRBD01-01	1.0				TCRBJ02-05*01	TCRBJ02	TCRBJ02-05	1.0				4	3	3	2	2	1	37	50	53	60	62	1	Out	VDJ							0.0
1707	GTGAACGCCTTGTTGCTGGGGGACTCGGCCCTGTATCTCTGTGCCAGCACCCCATCACAGGCTCAAGAGACCCAGTACTTCGGGCCA	CASTPSQAQETQYF	1	0.03005711	42	TCRBV05-05*01	TCRBV05	TCRBV05-05	1.0				TCRBD01-01*01	TCRBD01	TCRBD01-01	1.0				TCRBJ02-05*01	TCRBJ02	TCRBJ02-05	1.0				6	7	3	4	2	2	39	49	56	61	63	1	In	VDJ							0.0
1708	ACGATCCAGCGCACACAGCAGGAGGACTCGGCCGTGTATCTCTGTGCCAGCAGTCCTAGCGGTCAAGAGACCCAGTACTTCGGGCCA	CASSPSGQETQYF	1	0.03005711	39	TCRBV07-02*01	TCRBV07	TCRBV07-02	1.0				TCRBD02-01	TCRBD02	TCRBD02-01				01,02	TCRBJ02-05*01	TCRBJ02	TCRBJ02-05	1.0				6	2	4	5	1	2	42	53	55	62	63	1	In	VDJ							0.0
1709	CCAGCCCATGGAACCCAGGGACTTGGGCCTATATTTCTGTGCCAGCAGCTTTGGGAGGGCTTGGGAGAGACCCAGTACTTCGGGCCA		1	0.03005711	44	TCRBV12-01*01	TCRBV12	TCRBV12-01	1.0				TCRBD02-01*02	TCRBD02	TCRBD02-01	2.0				TCRBJ02-05*01	TCRBJ02	TCRBJ02-05	1.0				1	0	10	0	6	4	37	-1	53	59	65	1	Out	VDJ							0.0
1710	CTGAAGATCCGGTCCACAAAGCTGGAGGACTCAGCCATGTACTTCTGTGCCAGCAAAGCAGGGGGGAACGAGCAGTACTTCGGGCCA	CASKAGGNEQYF	1	0.03005711	36	TCRBV02-01*01	TCRBV02	TCRBV02-01	1.0				TCRBD01-01*01	TCRBD01	TCRBD01-01	1.0				TCRBJ02-05*01	TCRBJ02	TCRBJ02-05	1.0				7	3	4	1	7	11	45	55	58	65	72	1	In	VDJ							0.0
1711	GTAGTGCGAGGAGATTCGGCAGCTTATTTCTGTGCCAGCTCCCCTGGACCGGGGCGTATATCCCTGCACGAGCAGTACTTCGGGCCA	CASSPGPGRISLHEQYF	1	0.03005711	51	TCRBV18-01*01	TCRBV18	TCRBV18-01	1.0				unresolved		unresolved		TCRBD01,TCRBD02	TCRBD01-01,TCRBD02-01		TCRBJ02-05*01	TCRBJ02	TCRBJ02-05	1.0				6	9	7	0	17	11	30	41	50	55	72	1	In	VDJ							0.0
1712	AAGATCCGGTCCACAAAGCTGGAGGACTCAGCCATGTACTTCTGTGCCAGCAGTGGGGACGGAGCCTACGAGCAGTACTTCGGGCCA	CASSGDGAYEQYF	1	0.03005711	39	TCRBV02-01*01	TCRBV02	TCRBV02-01	1.0				unresolved		unresolved		TCRBD01,TCRBD02	TCRBD01-01,TCRBD02-01		TCRBJ02-05*01	TCRBJ02	TCRBJ02-05	1.0				4	0	0	7	12	11	42	-1	55	60	72	1	In	VDJ							0.0
1713	AGCTCCTTGGAGCTGGGGGACTCAGCCCTGTACTTCTGTGCCAGCAGCGGGGGGACTGCCGTATACAATGAGCAGTTCTTCGGGCCA	CASSGGTAVYNEQFF	1	0.03005711	45	TCRBV13-01*01	TCRBV13	TCRBV13-01	1.0				TCRBD02-01	TCRBD02	TCRBD02-01				01,02	TCRBJ02-01*01	TCRBJ02	TCRBJ02-01	1.0				5	3	0	10	6	4	36	48	51	57	63	1	In	VDJ							0.0
1714	CAGCGCACACAGCAGGAGGACTCGGCCGTGTATCTCTGTGCCAGCAGCTTAACGGGGGTCGCCTACAATGAGCAGTTCTTCGGGCCA	CASSLTGVAYNEQFF	1	0.03005711	45	TCRBV07-02*01	TCRBV07	TCRBV07-02	1.0				TCRBD02-01*01	TCRBD02	TCRBD02-01	1.0				TCRBJ02-01*01	TCRBJ02	TCRBJ02-01	1.0				2	1	8	2	3	2	36	51	52	58	61	1	In	VDJ							0.0
1715	GCCCAAAAGAACCCGACAGCTTTCTATCTCTGTGCCAGTAGTAACCGATATACCGACAGATCCTACAATGAGCAGTTCTTCGGGCCA	CASSNRYTDRSYNEQFF	1	0.03005711	51	TCRBV19-01	TCRBV19	TCRBV19-01				01,02	TCRBD01-01*01	TCRBD01	TCRBD01-01	1.0				TCRBJ02-01*01	TCRBJ02	TCRBJ02-01	1.0				4	11	2	5	1	1	30	43	54	59	60	1	In	VDJ							0.0
1716	GAGCAGGGGGACTCGGCCATGTATCTCTGTGCCAGCAGCTTAGGGTCAGGGGACTACAGCTCCTACAATGAGCAGTTCTTCGGGCCA	CASSLGSGDYSSYNEQFF	1	0.03005711	54	TCRBV07-09	TCRBV07	TCRBV07-09				01,03	TCRBD02-01	TCRBD02	TCRBD02-01				01,02	TCRBJ02-01*01	TCRBJ02	TCRBJ02-01	1.0				1	6	0	9	3	0	27	43	49	56	59	1	In	VDJ							0.0
1717	AGTCCACGGAGTCAGGGGACACAGCACTGTATTTCTGTGCCAGCAGCAAAGAAAAAGGGGGCGCAGAATGAGCAGTTCTTCGGGCCA		1	0.03005711	46	TCRBV21-01*01	TCRBV21	TCRBV21-01	1.0				TCRBD01-01*01	TCRBD01	TCRBD01-01	1.0				TCRBJ02-01*01	TCRBJ02	TCRBJ02-01	1.0				1	4	5	0	4	7	35	51	55	62	66	1	Out	VDJ							0.0
1718	CCAGCGCACAGAGCAGCGGGACTCGGCCATGTATCGCTGTGCCAGCAGCCTCGGACTAGCGGGGGGGGTGAGCAGTTCTTCGGGCCA		1	0.03005711	44	TCRBV07-06*01	TCRBV07	TCRBV07-06	1.0				TCRBD02-01*01	TCRBD02	TCRBD02-01	1.0				TCRBJ02-01*01	TCRBJ02	TCRBJ02-01	1.0				5	3	1	0	1	9	37	49	52	67	68	1	Out	VDJ							0.0
1719	TCCCTGGAGCTTGGTGGCTCTGCTGTGTATTTCTGTGCCAGCAGCCTAAACCCCGGCGCAATTGATTCACCCCTCCACTTTGGGAAC	CASSLNPGAIDSPLHF	1	0.03005711	48	TCRBV03	TCRBV03	unresolved			TCRBV03-01,TCRBV03-02		unresolved		unresolved		TCRBD01,TCRBD02	TCRBD01-01,TCRBD02-01		TCRBJ01-06*01	TCRBJ01	TCRBJ01-06	1.0				4	8	9	0	7	8	33	46	54	57	64	1	In	VDJ							0.0
1720	ATCCAGCGCACAGAGCGGGGGGACTCAGCCGTGTATCTCTGTGCCGGCAGCCCACGACAGGGTATCAACGTCCTGACTTTCGGGGCC	CAGSPRQGINVLTF	1	0.03005711	42	TCRBV07-03*01	TCRBV07	TCRBV07-03	1.0				TCRBD01-01*01	TCRBD01	TCRBD01-01	1.0				TCRBJ02-06*01	TCRBJ02	TCRBJ02-06	1.0				5	4	2	3	3	9	39	51	55	62	65	1	In	VDJ							0.0
1721	CTTGGAGATCCAGTCCACGGAGTCAGGGGACACAGCACTGTATTTCTGTGCCAGCAGCGGTGGGGAAACACCATATATTTTGGAGAG		1	0.03005711	35	TCRBV21-01*01	TCRBV21	TCRBV21-01	1.0				unresolved		unresolved		TCRBD01,TCRBD02	TCRBD01-01,TCRBD02-01		TCRBJ01-03*01	TCRBJ01	TCRBJ01-03	1.0				5	0	0	10	3	4	46	-1	58	60	63	1	Out	VDJ							0.0
1722	CCAGGCCCGGGGGACGCAGCCATGTACCTGTGTGCCACCAGCAGGGCTTCTTTTAGCGGGGGGGCATACGAGCAGTACTTCGGGCCG	CATSRASFSGGAYEQYF	1	0.03005711	51	TCRBV15-01*01	TCRBV15	TCRBV15-01	1.0				TCRBD02-01*01	TCRBD02	TCRBD02-01	1.0				TCRBJ02-07*01	TCRBJ02	TCRBJ02-07	1.0				3	9	5	0	2	4	30	44	53	64	66	1	In	VDJ							0.0
1723	CCCGCAAAGCTTGAGGACTCGGCCGTGTATCTCTGTGCCAGCAATCCCCCCGGACTGCCGTAGAACACTGAAGCTTTCTTTGGACAA	CASNPPGLP*NTEAFF	1	0.03005711	48	TCRBV11-02*02	TCRBV11	TCRBV11-02	2.0				TCRBD02-01	TCRBD02	TCRBD02-01				01,02	TCRBJ01-01*01	TCRBJ01	TCRBJ01-01	1.0				7	8	1	10	6	1	33	43	51	56	62	1	Stop	VDJ							0.0
1724	CAGCAGGTAGTGCGAGGAGATTCGGCAGCTTATTTCTGTGCCAGCTCCAGTGGGGGGGTTCGGAACACTGAAGCTTTCTTTGGACAA	CASSSGGVRNTEAFF	1	0.03005711	45	TCRBV18-01*01	TCRBV18	TCRBV18-01	1.0				TCRBD02-01*01	TCRBD02	TCRBD02-01	1.0				TCRBJ01-01*01	TCRBJ01	TCRBJ01-01	1.0				6	4	9	0	4	1	36	47	51	58	62	1	In	VDJ							0.0
1725	CGGTCCACAAAGCTGGAGGACTCAGCCATGTACTTCTGTGCCAGCACCCCGGACAGGGCGGGGAACACTGAAGCTTTCTTTGGACAA	CASTPDRAGNTEAFF	1	0.03005711	45	TCRBV02-01*01	TCRBV02	TCRBV02-01	1.0				TCRBD01-01*01	TCRBD01	TCRBD01-01	1.0				TCRBJ01-01*01	TCRBJ01	TCRBJ01-01	1.0				7	4	1	3	4	1	36	46	50	58	62	1	In	VDJ							0.0
1726	CAGCGCACAGAGCGGGGGGACTCAGCCGTGTATCTCTGTGCCAGCAGCTTAGACGGGGGCCGGAGCACTGAAGCTTTCTTTGGACAA	CASSLDGGRSTEAFF	1	0.03005711	45	TCRBV07-03*01	TCRBV07	TCRBV07-03	1.0				unresolved		unresolved		TCRBD01,TCRBD02	TCRBD01-01,TCRBD02-01		TCRBJ01-01*01	TCRBJ01	TCRBJ01-01	1.0				2	3	6	0	5	4	36	51	54	60	65	1	In	VDJ							0.0
1727	TGAGCTCTCTGGAGCTGGGGGACTCAGCTTTGTATTTCTGTGCCGGCACCCCCGGTGACTAGCACAGATACGCAGTATTTTGGCCCA		1	0.03005711	43	TCRBV09-01	TCRBV09	TCRBV09-01				01,02	TCRBD02-01	TCRBD02	TCRBD02-01				01,02	TCRBJ02-03*01	TCRBJ02	TCRBJ02-03	1.0				6	8	2	10	0	0	38	48	56	-1	60	1	Out	VDJ							0.0
1728	ATCCTGGAGTCGCCCAGCCCCAACCAGACCTCTCTGTACTTCTGTGCCAGCAGTTTTCGGGGTACAGATACGCAGTATTTTGGCCCA	CASSFRGTDTQYF	1	0.03005711	39	TCRBV27-01*01	TCRBV27	TCRBV27-01	1.0				TCRBD02-01*01	TCRBD02	TCRBD02-01	1.0				TCRBJ02-03*01	TCRBJ02	TCRBJ02-03	1.0				3	1	8	3	1	3	42	56	57	62	63	1	In	VDJ							0.0
1729	GCCCATCCTGAAGACAGCAGCTTCTACATCTGCAGTGCTACCCCCCTCTGGCGGGGGGGCCCCCCAGATACGCAGTATTTTGGCCCA	CSATPLWRGGPPDTQYF	1	0.03005711	51	TCRBV20	TCRBV20	unresolved			TCRBV20-01,TCRBV20-or09_02		TCRBD02-01*01	TCRBD02	TCRBD02-01	1.0				TCRBJ02-03*01	TCRBJ02	TCRBJ02-03	1.0				4	10	7	0	5	4	30	40	50	59	64	1	In	VDJ							0.0
1730	CCTGCAGAACTGGAGGATTCTGGAGTTTATTTCTGTGCCAGCAGCCAAGTTGGACTCTTCTTATCGGATACGCAGTATTTTGGCCCA	CASSQVGLFLSDTQYF	1	0.03005711	48	TCRBV14-01*01	TCRBV14	TCRBV14-01	1.0				TCRBD02-01	TCRBD02	TCRBD02-01				01,02	TCRBJ02-03*01	TCRBJ02	TCRBJ02-03	1.0				1	2	1	10	10	6	33	49	51	56	66	1	In	VDJ							0.0
1731	GTGACATCGGCCCAAAAGAACCCGACAGCTTTCTATCTCTGTGCCAGTAGTCAACGACTAACAGCGGAGACCCAGTACTTCGGGCCA	CASSQRLTAETQYF	1	0.03005711	42	TCRBV19-01	TCRBV19	TCRBV19-01				01,02	TCRBD02-01	TCRBD02	TCRBD02-01				01,02	TCRBJ02-05*01	TCRBJ02	TCRBJ02-05	1.0				5	4	2	9	6	5	39	51	55	60	66	1	In	VDJ							0.0
1732	CAGCGCACACAGCAGGAGGACTCGGCCGTGTATCTCTGTGCCAGCAGCTTGGTAGCGGGGGGGCTGGAGACCCAGTACTTCGGGCCA	CASSLVAGGLETQYF	1	0.03005711	45	TCRBV07-02*01	TCRBV07	TCRBV07-02	1.0				TCRBD02-01*01	TCRBD02	TCRBD02-01	1.0				TCRBJ02-05*01	TCRBJ02	TCRBJ02-05	1.0				3	2	5	0	3	5	36	50	52	63	66	1	In	VDJ							0.0
1733	CCGCTACCAGCTCCCAGACATCTGTGTACTTCTGTGCCATCAGTGAGGGGGGGGGTAATCCCCTCCTACGAGCAGTACTTCGGGCCA		1	0.03005711	49	TCRBV10-03*01	TCRBV10	TCRBV10-03	1.0				TCRBD02-01*01	TCRBD02	TCRBD02-01	1.0				TCRBJ02-05*01	TCRBJ02	TCRBJ02-05	1.0				2	0	9	0	18	11	32	-1	47	54	72	1	Out	VDJ							0.0
1734	ACCAGTGCCCATCCTGAAGACAGCAGCTTCTACATCTGCAGTGCTCGGGTCGGCCGGGGGGGCGGGTACGAGCAGTACTTCGGGCCA	CSARVGRGGGYEQYF	1	0.03005711	45	TCRBV20	TCRBV20	unresolved			TCRBV20-01,TCRBV20-or09_02		TCRBD02-01*01	TCRBD02	TCRBD02-01	1.0				TCRBJ02-05*01	TCRBJ02	TCRBJ02-05	1.0				5	9	8	0	10	11	36	45	54	62	72	1	In	VDJ							0.0
1735	CAGTGCCCATCCTGAAGACAGCAGCTTCTACATCTGCAGTGCTAGATCGCTTGATGGCCGGGGTACAATGAGCAGTTCTTCGGGCCA		1	0.03005711	47	TCRBV20	TCRBV20	unresolved			TCRBV20-01,TCRBV20-or09_02		TCRBD02-01*01	TCRBD02	TCRBD02-01	1.0				TCRBJ02-01*01	TCRBJ02	TCRBJ02-01	1.0				2	12	8	3	0	4	34	46	58	-1	63	1	Out	VDJ							0.0
1736	ACATCGGCCCAAAAGAACCCGACAGCTTTCTATCTCTGTGCCAGTAGTATATCTAGCGGGGGGTACAATGAGCAGTTCTTCGGGCCA	CASSISSGGYNEQFF	1	0.03005711	45	TCRBV19-01	TCRBV19	TCRBV19-01				01,02	TCRBD02-01*01	TCRBD02	TCRBD02-01	1.0				TCRBJ02-01*01	TCRBJ02	TCRBJ02-01	1.0				2	1	4	1	0	4	36	51	52	-1	63	1	In	VDJ							0.0
1737	TCCACAAAGCTGGAGGACTCAGCCATGTACTTCTGTGCCAGCAGTGATAAGGCCAGCGGGGTCCGCAATGAGCAGTTCTTCGGGCCA	CASSDKASGVRNEQFF	1	0.03005711	48	TCRBV02-01*01	TCRBV02	TCRBV02-01	1.0				TCRBD02-01*01	TCRBD02	TCRBD02-01	1.0				TCRBJ02-01*01	TCRBJ02	TCRBJ02-01	1.0				3	7	6	3	4	6	33	47	54	61	65	1	In	VDJ							0.0
1738	ATGAATGTGAGCACCTTGGAGCTGGGGGACTCGGCCCTTTATCTTTGCGCCAGCAGCTTGCCCCAGGCTGAGCAGTTCTTCGGGCCA	CASSLPQAEQFF	1	0.03005711	36	TCRBV05-01*01	TCRBV05	TCRBV05-01	1.0				TCRBD01-01*01	TCRBD01	TCRBD01-01	1.0				TCRBJ02-01*01	TCRBJ02	TCRBJ02-01	1.0				1	3	4	4	1	9	45	60	63	67	68	1	In	VDJ							0.0
1739	ACTGCAGCAAGAAGACTCAGCTGCGTATCTCTGCACCAGCTGAATAGGGGGGCTGCGACCGCCAAAAACATTCAGTACTTCGGCGCC		1	0.03005711	50	TCRBV01-01*01	TCRBV01	TCRBV01-01	1.0				unresolved		unresolved		TCRBD01,TCRBD02	TCRBD01-01,TCRBD02-01		TCRBJ02-04*01	TCRBJ02	TCRBJ02-04	1.0				8	5	5	1	9	1	31	40	45	51	60	1	Out	VDJ							0.0
1740	GAACCGGGAGACACGGCACTGTATCTCTGCGCCAGCAGTCACTATCACCGGGGCCGGGGCTCTGGAAACACCATATATTTTGGAGAG	CASSHYHRGRGSGNTIYF	1	0.03005711	54	TCRBV23-01*01	TCRBV23	TCRBV23-01	1.0				unresolved		unresolved		TCRBD01,TCRBD02	TCRBD01-01,TCRBD02-01		TCRBJ01-03*01	TCRBJ01	TCRBJ01-03	1.0				3	8	7	0	5	0	27	41	49	54	59	1	In	VDJ							0.0
1741	GAGTCTGCTGCCTCCTCCCAGACATCTGTATATTTCTGCGCCAGCAGTGAGGCCCGGGGCCCCACCGGGGAGCTGTTTTTTGGAGAG	CASSEARGPTGELFF	1	0.03005711	45	TCRBV10-01	TCRBV10	TCRBV10-01				01,02	unresolved		unresolved		TCRBD01,TCRBD02	TCRBD01-01,TCRBD02-01		TCRBJ01-03*01	TCRBJ01	TCRBJ01-03	1.0				2	4	7	0	17	18	36	51	55	60	77	1	In	VDJ							0.0
1742	CCTGGAGCTTGGTGACTCTGCTGTGTATTTCTGTGCCAGCAGCCAACCGGGACTAGCGGGGGGGTCTTCGAGCAGTACTTCGGGCCG		1	0.03005711	50	TCRBV03	TCRBV03	unresolved			TCRBV03-01,TCRBV03-02		TCRBD02-01*01	TCRBD02	TCRBD02-01	1.0				TCRBJ02-07*01	TCRBJ02	TCRBJ02-07	1.0				2	2	0	0	4	6	31	46	48	64	68	1	Out	VDJ							0.0
1743	AACGCCTTGTTGCTGGGGGACTCGGCCCTGTATCTCTGTGCCAGCAGCCGGGCACCGGGGGGCGGAGAAGGCTACACCTTCGGTTCG	CASSRAPGGGEGYTF	1	0.03005711	45	TCRBV05-05*01	TCRBV05	TCRBV05-05	1.0				TCRBD02-01*01	TCRBD02	TCRBD02-01	1.0				TCRBJ01-02*01	TCRBJ01	TCRBJ01-02	1.0				4	7	8	1	7	8	36	48	55	62	69	1	In	VDJ							0.0
1744	GGAGTCTGCTGCCTCCTCCCAGACATCTGTATATTTCTGCGCCAGCAGTGAGCGGGAAACAGAAATCAGCCCCAGCATTTTGGTGAT		1	0.03005711	44	TCRBV10-01	TCRBV10	TCRBV10-01				01,02	TCRBD02-01*02	TCRBD02	TCRBD02-01	2.0				TCRBJ01-05*01	TCRBJ01	TCRBJ01-05	1.0				2	0	8	3	6	4	37	-1	52	57	63	1	Out	VDJ							0.0
1745	CCTGCAGAACTGGAGGATTCTGGAGTTTATTTCTGTGCCAGCAGCCAAGGGTATGGCAGGTCTAATGAAAAACTGTTTTTTGGCAGT	CASSQGYGRSNEKLFF	1	0.03005711	48	TCRBV14-01*01	TCRBV14	TCRBV14-01	1.0				TCRBD01-01*01	TCRBD01	TCRBD01-01	1.0				TCRBJ01-04*01	TCRBJ01	TCRBJ01-04	1.0				1	7	4	4	1	3	33	49	56	60	61	1	In	VDJ							0.0
1746	AACGCCTTGGAGCTGGACGACTCGGCCCTGTATCTCTGTGCCAGCAGCCCGGACAGGGGGCGAAACACTGAAGCTTTCTTTGGACAA	CASSPDRGRNTEAFF	1	0.03005711	45	TCRBV05-04*01	TCRBV05	TCRBV05-04	1.0				TCRBD01-01*01	TCRBD01	TCRBD01-01	1.0				TCRBJ01-01*01	TCRBJ01	TCRBJ01-01	1.0				4	2	1	0	2	2	36	48	50	61	63	1	In	VDJ							0.0
1747	CTTGGCATCCGCTCACCAGGCCTGGGGGACGCAGCCATGTACCTGTGTGCCACCAGCAGAGAGAACACTGAAGCTTTCTTTGGACAA	CATSRENTEAFF	1	0.03005711	36	TCRBV15-01*01	TCRBV15	TCRBV15-01	1.0				unresolved		unresolved					TCRBJ01-01*01	TCRBJ01	TCRBJ01-01	1.0				0	0	0	0	0	1	45	-1	-1	-1	62	1	In	VJ							0.0
1748	CTGGAGTCGGCTGCTCCCTCCCAGACATCTGTGTACTTCTGTGCCAGCAGTTCCGGAGAGGGGGGGACTGAAGCTTTCTTTGGACAA	CASSSGEGGTEAFF	1	0.03005711	42	TCRBV06-01*01	TCRBV06	TCRBV06-01	1.0				TCRBD02-01*01	TCRBD02	TCRBD02-01	1.0				TCRBJ01-01*01	TCRBJ01	TCRBJ01-01	1.0				5	8	9	0	0	5	39	51	59	-1	66	1	In	VDJ							0.0
1749	ACGAAGCTTGAGGATTCAGCAGTGTATTTTTGTGCCAGCAGCCAAGGTTTAGGACGGACGAACACCGGGGAGCTGTTTTTTGGAGAA	CASSQGLGRTNTGELFF	1	0.03005711	51	TCRBV16-01	TCRBV16	TCRBV16-01				01,02	unresolved		unresolved		TCRBD01,TCRBD02	TCRBD01-01,TCRBD02-01		TCRBJ02-02*01	TCRBJ02	TCRBJ02-02	1.0				2	6	1	7	3	0	30	45	51	55	58	1	In	VDJ							0.0
1750	GGCGTCTGCTGTACCCTCTCAGACATCTGTGTACTTCTGTGCCAGCGAGGGATACACAGGGTTATGGGGGAGCTGTTTTTTGGAGAA		1	0.03005711	44	TCRBV06-04	TCRBV06	TCRBV06-04				01,02	TCRBD01-01*01	TCRBD01	TCRBD01-01	1.0				TCRBJ02-02*01	TCRBJ02	TCRBJ02-02	1.0				8	9	3	3	5	8	37	46	55	61	66	1	Out	VDJ							0.0
1751	CTGAAGATCCAGCCCTCAGAACCCAGGGACTCAGCTGTGTACTTCTGTGCCAGCAGTTTGGGGGAGGGTACGCAGTATTTTGGCCCA	CASSLGEGTQYF	1	0.03005711	36	TCRBV12	TCRBV12	unresolved			TCRBV12-03,TCRBV12-04		TCRBD02-01*02	TCRBD02	TCRBD02-01	2.0				TCRBJ02-03*01	TCRBJ02	TCRBJ02-03	1.0				3	2	9	0	0	8	45	59	61	-1	68	1	In	VDJ							0.0
1752	AATTCCCTGGAGCTTGGTGACTCTGCTGTGTATTTCTGTGCCAGCAGCCAGCCGGGACTAGCCAAAGAGACCCAGTACTTCGGGCCA	CASSQPGLAKETQYF	1	0.03005711	45	TCRBV03	TCRBV03	unresolved			TCRBV03-01,TCRBV03-02		TCRBD02-01	TCRBD02	TCRBD02-01				01,02	TCRBJ02-05*01	TCRBJ02	TCRBJ02-05	1.0				3	3	0	7	2	3	36	50	53	62	64	1	In	VDJ							0.0
1753	ATCCAGCCCTCAGAACCCAGGGACTCAGCTGTGTACTTCTGTGCCAGCAGTTTAGGGGACTACCAAGAGACCCAGTACTTCGGGCCA	CASSLGDYQETQYF	1	0.03005711	42	TCRBV12	TCRBV12	unresolved			TCRBV12-03,TCRBV12-04		TCRBD02-01	TCRBD02	TCRBD02-01				01,02	TCRBJ02-05*01	TCRBJ02	TCRBJ02-05	1.0				1	0	0	10	0	0	39	-1	55	-1	61	1	In	VDJ							0.0
1754	ATCGGCCCAAAAGAACCCGACAGCTTTCTATCTCTGTGCCTCATCTTACCGGGCCTCTAGGGCCAAGAGACCCAGTACTTCGGGCCA		1	0.03005711	47	TCRBV19-01	TCRBV19	TCRBV19-01				01,02	unresolved		unresolved		TCRBD01,TCRBD02	TCRBD01-01,TCRBD02-01		TCRBJ02-05*01	TCRBJ02	TCRBJ02-05	1.0				11	18	5	3	0	1	34	40	58	-1	62	1	Out	VDJ							0.0
1755	CCAGGCTACGAAGCTTGAGGATTCAGCAGTGTATTTTTGTGCCAGCAGCGCCTCTGATAAAGGCAAGAGACCCAGTACTTCGGGCCA		1	0.03005711	44	TCRBV16-01	TCRBV16	TCRBV16-01				01,02	unresolved		unresolved		TCRBD01,TCRBD02	TCRBD01-01,TCRBD02-01		TCRBJ02-05*01	TCRBJ02	TCRBJ02-05	1.0				5	11	5	4	0	2	37	49	60	-1	63	1	Out	VDJ							0.0
1756	GGGGACTCGGCCGTGTATCTCTGTGCCAGCAGCCTTAGAAAAGCCCGCCTAGCGGGGGGGCGGCAAGAGACCCAGTACTTCGGGCCA	CASSLRKARLAGGRQETQYF	1	0.03005711	60	TCRBV11-03*01	TCRBV11	TCRBV11-03	1.0				TCRBD02-01*01	TCRBD02	TCRBD02-01	1.0				TCRBJ02-05*01	TCRBJ02	TCRBJ02-05	1.0				5	15	4	0	3	2	21	33	48	60	63	1	In	VDJ							0.0
1757	CACCTACACACCCTGCAGCCAGAAGACTCGGCCCTGTATCTCTGTGCCAGCAGCCAAGACGCCGAAGAGACCCAGTACTTCGGGCCA	CASSQDAEETQYF	1	0.03005711	39	TCRBV04-02*01	TCRBV04	TCRBV04-02	1.0				unresolved		unresolved		TCRBD01,TCRBD02	TCRBD01-01,TCRBD02-01		TCRBJ02-05*01	TCRBJ02	TCRBJ02-05	1.0				0	1	10	0	2	3	42	59	60	62	64	1	In	VDJ							0.0
1758	TCTAAGAAGCTCCTTCTCAGTGACTCTGGCTTCTATCTCTGTGCCTGGAGAGGGACAGGGGGGAGAGAGACCCAGTACTTCGGGCCA	CAWRGTGGRETQYF	1	0.03005711	42	TCRBV30-01*01	TCRBV30	TCRBV30-01	1.0				TCRBD01-01*01	TCRBD01	TCRBD01-01	1.0				TCRBJ02-05*01	TCRBJ02	TCRBJ02-05	1.0				3	1	0	1	3	4	39	50	51	62	65	1	In	VDJ							0.0
1759	GTGACCAATGCCCATCCTGAAGACAGCAGCTTCTACATCTGCAGTGCTAGCGGGCCCTATGGCGGAGAGACCCAGTACTTCGGGCCA	CSASGPYGGETQYF	1	0.03005711	42	TCRBV20	TCRBV20	unresolved			TCRBV20-01,TCRBV20-or09_02		unresolved		unresolved		TCRBD01,TCRBD02	TCRBD01-01,TCRBD02-01		TCRBJ02-05*01	TCRBJ02	TCRBJ02-05	1.0				3	1	8	0	10	4	39	50	51	55	65	1	In	VDJ							0.0
1760	ACACAGCAGGAGGACTCGGCCGTGTATCTCTGTGCCAGCAGCCCTCCTGTGGGGGGGTGGAAGGGAGAGACCCAGTACTTCGGGCCA	CASSPPVGGWKGETQYF	1	0.03005711	51	TCRBV07-02*01	TCRBV07	TCRBV07-02	1.0				TCRBD02-01*01	TCRBD02	TCRBD02-01	1.0				TCRBJ02-05*01	TCRBJ02	TCRBJ02-05	1.0				5	8	9	0	8	4	30	42	50	57	65	1	In	VDJ							0.0
1761	AAGATCCAGCGCACACAGCAGGAGGACTCCGCCGTGTATCTCTGTGCCAGCAGCCAGCCCCCGACGGAGACCCAGTACTTCGGGCCA	CASSQPPTETQYF	1	0.03005711	39	TCRBV07-08*01	TCRBV07	TCRBV07-08	1.0				unresolved		unresolved		TCRBD01,TCRBD02	TCRBD01-01,TCRBD02-01		TCRBJ02-05*01	TCRBJ02	TCRBJ02-05	1.0				5	8	2	7	1	5	42	54	62	65	66	1	In	VDJ							0.0
1762	ACATCGGCCCAAAAGAACCCGACAGCTTTCTATCTCTGTGCCAGTAGTCCGAGCGGGGGGGCCCCGGAGACCCAGTACTTCGGGCCA	CASSPSGGAPETQYF	1	0.03005711	45	TCRBV19-01	TCRBV19	TCRBV19-01				01,02	TCRBD02-01*01	TCRBD02	TCRBD02-01	1.0				TCRBJ02-05*01	TCRBJ02	TCRBJ02-05	1.0				5	3	6	0	5	5	36	48	51	61	66	1	In	VDJ							0.0
1763	CTGACAGTGACCAGTGCCCATCCTGAAGACAGCAGCTTCTACATCTGCAGTGCTAGACAGGGGGCTGAGACCCAGTACTTCGGGCCA	CSARQGAETQYF	1	0.03005711	36	TCRBV20	TCRBV20	unresolved			TCRBV20-01,TCRBV20-or09_02		TCRBD01-01*01	TCRBD01	TCRBD01-01	1.0				TCRBJ02-05*01	TCRBJ02	TCRBJ02-05	1.0				2	0	4	0	1	5	45	-1	57	65	66	1	In	VDJ							0.0
1764	CAGCGCACAGAGCAGCGGGACTCAGCCATGTATCGCTGTGCTAGCAGCTTACGGGGGGGCGCGGGTGAGACCCAGTACTTCGGGCCA	CASSLRGGAGETQYF	1	0.03005711	45	TCRBV07-07*01	TCRBV07	TCRBV07-07	1.0				TCRBD02-01*01	TCRBD02	TCRBD02-01	1.0				TCRBJ02-05*01	TCRBJ02	TCRBJ02-05	1.0				2	0	8	0	7	5	36	-1	51	59	66	1	In	VDJ							0.0
1765	TCCTCAGAACCGGGAGACACGGCACTGTATCTCTGCGCCAGCAGTCAATGCCCAGCGGGGGGGACGGGGACCCAGTACTTCGGGCCA	CASSQCPAGGTGTQYF	1	0.03005711	48	TCRBV23-01*01	TCRBV23	TCRBV23-01	1.0				TCRBD02-01*01	TCRBD02	TCRBD02-01	1.0				TCRBJ02-05*01	TCRBJ02	TCRBJ02-05	1.0				1	4	6	0	5	7	33	49	53	63	68	1	In	VDJ							0.0
1766	CAGAACCCAGGGACTCAGCTGTGTATTTTTGTGCTAGTGGTTTGGTACCCCCTATTGTTGAGGGGGCGGGAGCAGTACTTCGGGCCA		1	0.03005711	52	TCRBV12-05*01	TCRBV12	TCRBV12-05	1.0				unresolved		unresolved		TCRBD01,TCRBD02	TCRBD01-01,TCRBD02-01		TCRBJ02-05*01	TCRBJ02	TCRBJ02-05	1.0				0	14	5	0	5	11	29	46	60	67	72	1	Out	VDJ							0.0
1767	AACGCCTTGGAGCTGGAGGACTCGGCCCTGTATCTCTGTGCCAGCAGCCCAAGGCTCTGGGGACGTGGCGAGCAGTTCTTCGGGCCA	CASSPRLWGRGEQFF	1	0.03005711	45	TCRBV05-08*01	TCRBV05	TCRBV05-08	1.0				unresolved		unresolved		TCRBD01,TCRBD02	TCRBD01-01,TCRBD02-01		TCRBJ02-01*01	TCRBJ02	TCRBJ02-01	1.0				4	11	0	7	5	10	36	48	59	64	69	1	In	VDJ							0.0
1768	ATCCAGCGCACAGAGCAGGGGGACTCGGCCATGTATCTCTGTGCCAGCAGCTTCGACGGGATCGACAATGAGCAGTTCTTCGGGCCA	CASSFDGIDNEQFF	1	0.03005711	42	TCRBV07-09	TCRBV07	TCRBV07-09				01,03	TCRBD02-01*02	TCRBD02	TCRBD02-01	2.0				TCRBJ02-01*01	TCRBJ02	TCRBJ02-01	1.0				3	3	8	3	3	5	39	53	56	61	64	1	In	VDJ							0.0
1769	AGTCAGGGGACACAGCACTGTATTTCTGTGCCAGCAGGGTGCCCATACCGGGGCTTTGTGGCCTACAATGAGCAGTTCTTCGGGCCA		1	0.03005711	55	TCRBV21-01*01	TCRBV21	TCRBV21-01	1.0				unresolved		unresolved		TCRBD01,TCRBD02	TCRBD01-01,TCRBD02-01		TCRBJ02-01*01	TCRBJ02	TCRBJ02-01	1.0				6	12	7	0	7	2	26	37	49	54	61	1	Out	VDJ							0.0
1770	CCCATCCTGAAGACAGCAGCTTCTACATCTGCAGTGCTCCGACGGGACTAGCGGGGGGGGCGTGGGGATGAGCAGTTCTTCGGGCCA		1	0.03005711	52	TCRBV20	TCRBV20	unresolved			TCRBV20-01,TCRBV20-or09_02		TCRBD02-01*01	TCRBD02	TCRBD02-01	1.0				TCRBJ02-01*01	TCRBJ02	TCRBJ02-01	1.0				5	5	0	0	8	8	29	38	43	59	67	1	Out	VDJ							0.0
1771	TGCTGGGGGACTCGGCCCTCTATCTCTGTGCCAGCAGCTTGTTGGGGGGGGGACCTGCGCTATAATTCACCCCTCCACTTTGGGAAC		1	0.03005711	55	TCRBV05-06*01	TCRBV05	TCRBV05-06	1.0				TCRBD02-01*01	TCRBD02	TCRBD02-01	1.0				TCRBJ01-06*01	TCRBJ01	TCRBJ01-06	1.0				1	2	9	0	9	3	26	41	43	50	59	1	Out	VDJ							0.0
1772	CACCTTGGAGCTGGGGGACTCGGCCCTTTATCTTTGCGCCAGCAGCTTGGGGCCAGGGTGGACAATCAGCCCCAGCATTTTGGTGAT		1	0.03005711	47	TCRBV05-01*01	TCRBV05	TCRBV05-01	1.0				TCRBD01-01*01	TCRBD01	TCRBD01-01	1.0				TCRBJ01-05*01	TCRBJ01	TCRBJ01-05	1.0				0	3	4	3	4	3	34	50	53	58	62	1	Out	VDJ							0.0
1773	AACGCCTTGTTGCTGGGGGACTCGGCCCTGTATCTCTGTGCCAGCAGCTTCTTGACGGACCGCGAGGGGGAAGCTTTCTTTGGACAA	CASSFLTDREGEAFF	1	0.03005711	45	TCRBV05-05*01	TCRBV05	TCRBV05-05	1.0				unresolved		unresolved		TCRBD01,TCRBD02	TCRBD01-01,TCRBD02-01		TCRBJ01-01*01	TCRBJ01	TCRBJ01-01	1.0				2	14	5	2	0	8	36	50	64	-1	69	1	In	VDJ							0.0
1774	TCGGCCCAAAAGAACCCGACAGCTTTCTATCTCTGTGCCAGTAGTGGAACTCTGACAGGGTGGAACACTGAAGCTTTCTTTGGACAA	CASSGTLTGWNTEAFF	1	0.03005711	48	TCRBV19-01	TCRBV19	TCRBV19-01				01,02	TCRBD01-01*01	TCRBD01	TCRBD01-01	1.0				TCRBJ01-01*01	TCRBJ01	TCRBJ01-01	1.0				5	8	2	3	2	1	33	45	53	60	62	1	In	VDJ							0.0
1775	GCAGCCTGGCAATCCTGTCCTCAGAACCGGGAGACACGGCACTGTATCTCTGCGCCAGGAGTCCCCCGTTGAGCTTTCTTTGGACAA		1	0.03005711	31	TCRBV23-01*01	TCRBV23	TCRBV23-01	1.0				TCRBD02-01	TCRBD02	TCRBD02-01				01,02	TCRBJ01-01*01	TCRBJ01	TCRBJ01-01	1.0				4	3	8	6	3	10	50	63	66	68	71	1	Out	VDJ							0.0
1776	ACAGTGACCAGTGCCCATCCTGAGGACAGCAGCTTCTACATCTGCAGTGCTACCGACACTTACACCGGGGAGCTGTTTTTTGGAGAA	CSATDTYTGELFF	1	0.03005711	39	TCRBV20	TCRBV20	unresolved			TCRBV20-01,TCRBV20-or09_02		TCRBD01-01*01	TCRBD01	TCRBD01-01	1.0				TCRBJ02-02*01	TCRBJ02	TCRBJ02-02	1.0				4	2	2	6	3	3	42	52	54	58	61	1	In	VDJ							0.0
1777	ACCTTGGAGCTGGGGGACTCGGCCCTTTATCTTTGCGCCAGCCACTCCCCGACCGGGACAGGGACAGATACGCAGTATTTTGGCCCA	CASHSPTGTGTDTQYF	1	0.03005711	48	TCRBV05-01*01	TCRBV05	TCRBV05-01	1.0				TCRBD01-01*01	TCRBD01	TCRBD01-01	1.0				TCRBJ02-03*01	TCRBJ02	TCRBJ02-03	1.0				7	12	0	3	0	3	33	42	54	-1	63	1	In	VDJ							0.0
1778	GTGACATCGGCCCAAAAGAACCCGACAGCTTTCTATCTCTGTGCCAGTAGAAAACAGATAGCTACAGATACGCAGTATTTTGGCCCA	CASRKQIATDTQYF	1	0.03005711	42	TCRBV19-01	TCRBV19	TCRBV19-01				01,02	unresolved		unresolved		TCRBD01,TCRBD02	TCRBD01-01,TCRBD02-01		TCRBJ02-03*01	TCRBJ02	TCRBJ02-03	1.0				6	3	3	5	6	3	39	50	53	57	63	1	In	VDJ							0.0
1779	ACGATCCAGCGCACACAGCAGGAGGACTCGGCCGTGTATCTCTGTGCCAGCAGCTTAAGCTGGAGAGATACGCAGTATTTTGGCCCA	CASSLSWRDTQYF	1	0.03005711	39	TCRBV07-02*01	TCRBV07	TCRBV07-02	1.0				TCRBD02-01*02	TCRBD02	TCRBD02-01	2.0				TCRBJ02-03*01	TCRBJ02	TCRBJ02-03	1.0				2	4	10	2	0	5	42	57	61	-1	65	1	In	VDJ							0.0
1780	TTGGAGCTGGACGACTCGGCCCTGTATCTCTGTGCCAGCAGCTCGATGACAGGGGGAGGGCCGAGGGATACGCAGTATTTTGGCCCA	CASSSMTGGGPRDTQYF	1	0.03005711	51	TCRBV05-04*01	TCRBV05	TCRBV05-04	1.0				TCRBD01-01*01	TCRBD01	TCRBD01-01	1.0				TCRBJ02-03*01	TCRBJ02	TCRBJ02-03	1.0				3	4	2	1	10	6	30	43	47	56	66	1	In	VDJ							0.0
1781	AAGATCCAGCCTGCAAAGCTTGAGGACTCGGCCGTGTATCTCTGTGCCAGCAGCAGGGGACAGAAAGAGACCCAGTACTTCGGGCCA	CASSRGQKETQYF	1	0.03005711	39	TCRBV11-02*02	TCRBV11	TCRBV11-02	2.0				TCRBD01-01*01	TCRBD01	TCRBD01-01	1.0				TCRBJ02-05*01	TCRBJ02	TCRBJ02-05	1.0				5	2	0	5	1	3	42	54	56	63	64	1	In	VDJ							0.0
1782	GTGACATCGGCCCAAAAGAACCCGACAGCTTTCTATCTCTGTGCCAGTAGTATATTACGAGGGGCGGAGACCCAGTACTTCGGGCCA	CASSILRGAETQYF	1	0.03005711	42	TCRBV19-01	TCRBV19	TCRBV19-01				01,02	unresolved		unresolved		TCRBD01,TCRBD02	TCRBD01-01,TCRBD02-01		TCRBJ02-05*01	TCRBJ02	TCRBJ02-05	1.0				2	5	5	2	2	5	39	54	59	64	66	1	In	VDJ							0.0
1783	CCTCTCACTGTGACATCGGCCCAAAAGAACCCGACAGCTTTCTATCTCTGTGCCAGTAGAATTGGTGAGCTCCAGTACTTCGGGCCA	CASRIGELQYF	1	0.03005711	33	TCRBV19-01	TCRBV19	TCRBV19-01				01,02	TCRBD02-01	TCRBD02	TCRBD02-01				01,02	TCRBJ02-05*01	TCRBJ02	TCRBJ02-05	1.0				6	8	6	7	1	10	48	59	67	70	71	1	In	VDJ							0.0
1784	CTTCACATCAATTCCCTGGAGCTTGGTGACTCTGCTGTGTATTTCTGTGCCAGCAGCCAAGGACAGGGGGCGCGATTCTTCGGGCCA	CASSQGQGARFF	1	0.03005711	36	TCRBV03	TCRBV03	unresolved			TCRBV03-01,TCRBV03-02		TCRBD01-01*01	TCRBD01	TCRBD01-01	1.0				TCRBJ02-01*01	TCRBJ02	TCRBJ02-01	1.0				1	0	2	0	4	16	45	-1	61	71	75	1	In	VDJ							0.0
1785	TCAGAACCCAGGGACTCAGCTGTGTACTTCTGTGCCAGCAGTCTAATCTCCGGGACTAGCGGCTACAATGAGCAGTTCTTCGGGCCA	CASSLISGTSGYNEQFF	1	0.03005711	51	TCRBV12	TCRBV12	unresolved			TCRBV12-03,TCRBV12-04		TCRBD02-01	TCRBD02	TCRBD02-01				01,02	TCRBJ02-01*01	TCRBJ02	TCRBJ02-01	1.0				5	9	0	5	0	3	30	42	51	-1	62	1	In	VDJ							0.0
1786	CCCTCAGAACCCAGGGACTCAGCTGTGTACTTCTGTGCCAGCAGTCCAGCCCGGGACAGAATCTACAATGAGCAGTTCTTCGGGCCA	CASSPARDRIYNEQFF	1	0.03005711	48	TCRBV12	TCRBV12	unresolved			TCRBV12-03,TCRBV12-04		TCRBD01-01*01	TCRBD01	TCRBD01-01	1.0				TCRBJ02-01*01	TCRBJ02	TCRBJ02-01	1.0				5	7	0	5	3	3	33	45	52	59	62	1	In	VDJ							0.0
1787	GGCAATCCTGTCCTCAGAACCGGGAGACACGGCACTGTATCTCTGCGCCAGCTTCTTCGGCTCTACAATGAGCAGTTCTTCGGGCCA		1	0.03005711	38	TCRBV23-01*01	TCRBV23	TCRBV23-01	1.0				unresolved		unresolved		TCRBD01,TCRBD02	TCRBD01-01,TCRBD02-01		TCRBJ02-01*01	TCRBJ02	TCRBJ02-01	1.0				8	6	9	0	1	3	43	52	58	61	62	1	Out	VDJ							0.0
1788	GCGGGGGGACTCAGCCGTGTATCTCTGTGCCAGCAGCCAACGTTTCCCAAAGACAGGGAAGTTTATGATGAGCAGTTCTTCGGGCCA		1	0.03005711	56	TCRBV07-03*01	TCRBV07	TCRBV07-03	1.0				TCRBD01-01*01	TCRBD01	TCRBD01-01	1.0				TCRBJ02-01*01	TCRBJ02	TCRBJ02-01	1.0				5	14	2	3	9	8	25	37	51	58	67	1	Out	VDJ							0.0
1789	CGGAGTCAGGGGACACAGCACTGTATTTCTGTGCCAGCAGCAAAGAGTCGGGGATTCGGGTAACGAAACACCATATATTTTGGAGAG		1	0.03005711	52	TCRBV21-01*01	TCRBV21	TCRBV21-01	1.0				TCRBD02-01*01	TCRBD02	TCRBD02-01	1.0				TCRBJ01-03*01	TCRBJ01	TCRBJ01-03	1.0				1	3	8	3	11	5	29	45	48	53	64	1	Out	VDJ							0.0
1790	GAAGATCCAGCGCACAGAGCGGGGGGACTCAGCCGTGTATCTCTGTGCCAGCAGCTTAAAACTCTTGTGGGCTACACCTTCGGTTCG		1	0.03005711	38	TCRBV07-03*01	TCRBV07	TCRBV07-03	1.0				TCRBD02-01	TCRBD02	TCRBD02-01				01,02	TCRBJ01-02*01	TCRBJ01	TCRBJ01-02	1.0				1	1	3	10	6	8	43	59	60	63	69	1	Out	VDJ							0.0
1791	GGAGATCCAGTCCACGGAGTCAGGGGACACAGCACTGTATTTCTGTGCCAGCAGCAAACACCTAACTATGGCTACACCTTCGGTTCG		1	0.03005711	38	TCRBV21-01*01	TCRBV21	TCRBV21-01	1.0				unresolved		unresolved		TCRBD01,TCRBD02	TCRBD01-01,TCRBD02-01		TCRBJ01-02*01	TCRBJ01	TCRBJ01-02	1.0				2	1	3	7	0	0	43	58	59	-1	61	1	Out	VDJ							0.0
1792	GACATCCGCTCACCAGGCCTGGGGGACGCAGCCATGTACCTGTGTGCCACCAGCACAGGGAGGGAGGGTGGCTACACCTTCGGTTCG	CATSTGREGGYTF	1	0.03005711	39	TCRBV15-01*01	TCRBV15	TCRBV15-01	1.0				TCRBD02-01*02	TCRBD02	TCRBD02-01	2.0				TCRBJ01-02*01	TCRBJ01	TCRBJ01-02	1.0				4	2	9	0	4	7	42	55	57	64	68	1	In	VDJ							0.0
1793	TTGCTGGGGGACTCGGCCCTGTATCTCTGTGCCAGCAGCTTGGTAGGGGACAGACAGGGGCGAGGTCAGCCCCAGCATTTTGGTGAT	CASSLVGDRQGRGQPQHF	1	0.03005711	54	TCRBV05-05*01	TCRBV05	TCRBV05-05	1.0				TCRBD01-01*01	TCRBD01	TCRBD01-01	1.0				TCRBJ01-05*01	TCRBJ01	TCRBJ01-05	1.0				0	9	2	2	5	6	27	43	52	60	65	1	In	VDJ							0.0
1794	AGTCAGGGGACACAGCACTGTATTTCTGTGCCAGCAGCAAAGATGTTGGGAGCTCCGAGTGTTAATGAAAAACTGTTTTTTGGCAGT		1	0.03005711	55	TCRBV21-01*01	TCRBV21	TCRBV21-01	1.0				TCRBD02-01*02	TCRBD02	TCRBD02-01	2.0				TCRBJ01-04*01	TCRBJ01	TCRBJ01-04	1.0				1	5	9	2	10	4	26	42	47	52	62	1	Out	VDJ							0.0
1795	CAGCGCACACAGCAGGAGGACTCGGCCGTGTATCTCTGTGCCAGCAGCCCCAGGACAGGGGGTAGGACTGAAGCTTTCTTTGGACAA	CASSPRTGGRTEAFF	1	0.03005711	45	TCRBV07-02*01	TCRBV07	TCRBV07-02	1.0				TCRBD01-01*01	TCRBD01	TCRBD01-01	1.0				TCRBJ01-01*01	TCRBJ01	TCRBJ01-01	1.0				5	4	1	1	4	5	36	48	52	62	66	1	In	VDJ							0.0
1796	CGCACAGAGCGGGGGGACTCAGCCGTGTATCTCTGTGCCAGCAGCCCACATCCCGACAGGGGGCTTACTGAAGCTTTCTTTGGACAA	CASSPHPDRGLTEAFF	1	0.03005711	48	TCRBV07-03*01	TCRBV07	TCRBV07-03	1.0				TCRBD01-01*01	TCRBD01	TCRBD01-01	1.0				TCRBJ01-01*01	TCRBJ01	TCRBJ01-01	1.0				5	9	2	0	2	5	33	45	54	64	66	1	In	VDJ							0.0
1797	ACATCGGCCCAAAAGAACCCGACAGCTTTCTATCTCTGTGCCAGCAGGACCGGGACAGGAGTGACCGGGGAGCTGTTTTTTGGAGAA	CASRTGTGVTGELFF	1	0.03005711	45	TCRBV19-01	TCRBV19	TCRBV19-01				01,02	TCRBD01-01*01	TCRBD01	TCRBD01-01	1.0				TCRBJ02-02*01	TCRBJ02	TCRBJ02-02	1.0				9	7	0	4	4	5	36	44	51	59	63	1	In	VDJ							0.0
1798	AACTGGAGGATTCTGGAGTTTATTTCTGTGCCAGCAGCCAAGGACCCGACAGGAAGCTATAGCACAGATACGCAGTATTTTGGCCCA		1	0.03005711	55	TCRBV14-01*01	TCRBV14	TCRBV14-01	1.0				TCRBD01-01*01	TCRBD01	TCRBD01-01	1.0				TCRBJ02-03*01	TCRBJ02	TCRBJ02-03	1.0				1	5	2	4	7	0	26	42	47	53	60	1	Out	VDJ							0.0
1799	ACATCGGCCCAAAAGAACCCGACAGCTTTCTATCTCTGTGCCAGTAGTATACGACCGGCTAGCACAGATACGCAGTATTTTGGCCCA	CASSIRPASTDTQYF	1	0.03005711	45	TCRBV19-01	TCRBV19	TCRBV19-01				01,02	unresolved		unresolved		TCRBD01,TCRBD02	TCRBD01-01,TCRBD02-01		TCRBJ02-03*01	TCRBJ02	TCRBJ02-03	1.0				2	1	2	7	5	0	36	51	52	55	60	1	In	VDJ							0.0
1800	AATTCCCTGGAGCTTGGTGACTCTGCTGTGTATTTCTGTGCCAGCAGCCGCCGGGGGCGTAGCACAGATACGCAGTATTTTGGCCCA	CASSRRGRSTDTQYF	1	0.03005711	45	TCRBV03	TCRBV03	unresolved			TCRBV03-01,TCRBV03-02		unresolved		unresolved		TCRBD01,TCRBD02	TCRBD01-01,TCRBD02-01		TCRBJ02-03*01	TCRBJ02	TCRBJ02-03	1.0				4	3	6	0	2	0	36	49	52	58	60	1	In	VDJ							0.0
1801	CTGACAGTGACCAGTGCCCATCCTGAAGACAGCAGCTTCTACATCTGCAGTGCTAAGGTAGTCCCAGATACGCAGTATTTTGGCCCA	CSAKVVPDTQYF	1	0.03005711	36	TCRBV20	TCRBV20	unresolved			TCRBV20-01,TCRBV20-or09_02		unresolved		unresolved		TCRBD01,TCRBD02	TCRBD01-01,TCRBD02-01		TCRBJ02-03*01	TCRBJ02	TCRBJ02-03	1.0				4	0	5	4	6	4	45	-1	55	58	64	1	In	VDJ							0.0
1802	ACGATCCAGCGCACACAGCAGGAGGACTCGGCCGTGTATCTCTGTGCCAGCAGCCTTACATATCAAGAGACCCAGTACTTCGGGCCA	CASSLTYQETQYF	1	0.03005711	39	TCRBV07-02*01	TCRBV07	TCRBV07-02	1.0				TCRBD01-01*01	TCRBD01	TCRBD01-01	1.0				TCRBJ02-05*01	TCRBJ02	TCRBJ02-05	1.0				5	3	3	6	3	2	42	54	57	60	63	1	In	VDJ							0.0
1803	CCTGCAAAGCTTGAGGACTCGGCCGTGTATCTCTGTGCCAGCAGCCCCCGACTAGCGGGGGGGCAGGAGACCCAGTACTTCGGGCCA	CASSPRLAGGQETQYF	1	0.03005711	48	TCRBV11-02*02	TCRBV11	TCRBV11-02	2.0				TCRBD02-01*01	TCRBD02	TCRBD02-01	1.0				TCRBJ02-05*01	TCRBJ02	TCRBJ02-05	1.0				5	4	2	0	3	5	33	45	49	63	66	1	In	VDJ							0.0
1804	CAGGAGGACTCCGCCGTGTATCTCTGTGCCAGCACCTCCTTACGGCCGGGACTAGCGGGGGGAAACAATGAGCAGTTCTTCGGGCCA	CASTSLRPGLAGGNNEQFF	1	0.03005711	57	TCRBV07-08*01	TCRBV07	TCRBV07-08	1.0				TCRBD02-01*01	TCRBD02	TCRBD02-01	1.0				TCRBJ02-01*01	TCRBJ02	TCRBJ02-01	1.0				7	13	0	1	2	5	24	34	47	62	64	1	In	VDJ							0.0
1805	GCTGCTCCCTCCCAGACATCTGTGTACTTCTGTGCCAGCAGTTACTCTCTGGGACTAGCGGGGAACAATGAGCAGTTCTTCGGGCCA	CASSYSLGLAGNNEQFF	1	0.03005711	51	TCRBV06	TCRBV06	unresolved			TCRBV06-05,TCRBV06-06		TCRBD02-01*01	TCRBD02	TCRBD02-01	1.0				TCRBJ02-01*01	TCRBJ02	TCRBJ02-01	1.0				0	3	0	3	1	5	30	47	50	63	64	1	In	VDJ							0.0
1806	CTGGAGCTGGGGGACTCAGCTTTGTATTTCTGTGCCAGCAGCGTAAGTCTACCGGGGGGGGGAGACAATGAGCAGTTCTTCGGGCCA	CASSVSLPGGGDNEQFF	1	0.03005711	51	TCRBV09-01	TCRBV09	TCRBV09-01				01,02	TCRBD02-01*01	TCRBD02	TCRBD02-01	1.0				TCRBJ02-01*01	TCRBJ02	TCRBJ02-01	1.0				1	7	8	0	4	5	30	45	52	60	64	1	In	VDJ							0.0
1807	CAGCGCACAGAGCAGGGGGACTCGGCCATGTATCTCTGTGCCAGCAGCTCCCTTGGGCAGGGATACAATGAGCAGTTCTTCGGGCCA	CASSSLGQGYNEQFF	1	0.03005711	45	TCRBV07-09	TCRBV07	TCRBV07-09				01,03	TCRBD01-01*01	TCRBD01	TCRBD01-01	1.0				TCRBJ02-01*01	TCRBJ02	TCRBJ02-01	1.0				4	8	4	3	1	4	36	49	57	62	63	1	In	VDJ							0.0
1808	CAGCGCACAGAGCGGGGGGACTCAGCCGTGTATCTCTGTGCCAGCAGCTTAGGGGACAGCTCCTACAATGAGCAGTTCTTCGGGCCA	CASSLGDSSYNEQFF	1	0.03005711	45	TCRBV07-03*01	TCRBV07	TCRBV07-03	1.0				TCRBD01-01*01	TCRBD01	TCRBD01-01	1.0				TCRBJ02-01*01	TCRBJ02	TCRBJ02-01	1.0				2	1	0	5	0	0	36	51	52	-1	59	1	In	VDJ							0.0
1809	GTGCAGCCTGCAGAACTGGAGGATTCTGGAGTTTATTTCTGTGCCAGCAGCCAAGATCTGGGGTTCGATGAGCAGTTCTTCGGGCCA	CASSQDLGFDEQFF	1	0.03005711	42	TCRBV14-01*01	TCRBV14	TCRBV14-01	1.0				unresolved		unresolved		TCRBD01,TCRBD02	TCRBD01-01,TCRBD02-01		TCRBJ02-01*01	TCRBJ02	TCRBJ02-01	1.0				0	3	6	2	4	8	39	56	59	63	67	1	In	VDJ							0.0
1810	AAGGTGCAGCCTGCAGAACTGGAGGATTCTGGAGTTTATTTCTGTGCCAGCAGCCTCGTGTGGGGGGATGAGCAGTTCTTCGGGCCA	CASSLVWGDEQFF	1	0.03005711	39	TCRBV14-01*01	TCRBV14	TCRBV14-01	1.0				TCRBD02-01*01	TCRBD02	TCRBD02-01	1.0				TCRBJ02-01*01	TCRBJ02	TCRBJ02-01	1.0				4	6	9	1	0	8	42	55	61	-1	67	1	In	VDJ							0.0
1811	GCTACGAAGCTTGAGGATTCAGCAGTGTATTTTTGTGCCAGCAGCCAAACCCAAAGGGGGGACCCTGAGGGGCAGTTCTTCGGGCCA	CASSQTQRGDPEGQFF	1	0.03005711	48	TCRBV16-01	TCRBV16	TCRBV16-01				01,02	unresolved		unresolved		TCRBD01,TCRBD02	TCRBD01-01,TCRBD02-01		TCRBJ02-01*01	TCRBJ02	TCRBJ02-01	1.0				2	6	5	1	11	12	33	48	54	60	71	1	In	VDJ							0.0
1812	CAGCAGGTAGTGCGAGGAGATTCGGCAGCTTATTTCTGTGCCAGCTCAGCCACAAGTCTTGCCAAAAACATTCAGTACTTCGGCGCC	CASSATSLAKNIQYF	1	0.03005711	45	TCRBV18-01*01	TCRBV18	TCRBV18-01	1.0				TCRBD01-01*01	TCRBD01	TCRBD01-01	1.0				TCRBJ02-04*01	TCRBJ02	TCRBJ02-04	1.0				5	3	3	6	6	1	36	48	51	54	60	1	In	VDJ							0.0
1813	AAGATCCAGCCCTCAGAACCCAGGGACTCAGCTGTGTACTTCTGTGCCAGCAGTTTCGGGACTGGAAACACCATATATTTTGGAGAG	CASSFGTGNTIYF	1	0.03005711	39	TCRBV12	TCRBV12	unresolved			TCRBV12-03,TCRBV12-04		TCRBD02-01*02	TCRBD02	TCRBD02-01	2.0				TCRBJ01-03*01	TCRBJ01	TCRBJ01-03	1.0				3	0	8	3	0	2	42	-1	56	-1	61	1	In	VDJ							0.0
1814	AGTCAGGGGACACAGCACTGTATTTCTGTGCCAGCAGCAAAGAGGGTTCAGGGAAGGAACTCTGGAAACACCATATATTTTGGAGAG		1	0.03005711	55	TCRBV21-01*01	TCRBV21	TCRBV21-01	1.0				TCRBD01-01*01	TCRBD01	TCRBD01-01	1.0				TCRBJ01-03*01	TCRBJ01	TCRBJ01-03	1.0				1	6	4	3	6	0	26	42	48	53	59	1	Out	VDJ							0.0
1815	AACCTGAGCTCTCTGGAGCTGGGGGACTCAGCTTTGTATTTCTGTGCCAGCAGCGTGGACCCCAATCAGCCCCAGCATTTTGGTGAT	CASSVDPNQPQHF	1	0.03005711	39	TCRBV09-01	TCRBV09	TCRBV09-01				01,02	unresolved		unresolved		TCRBD01,TCRBD02	TCRBD01-01,TCRBD02-01		TCRBJ01-05*01	TCRBJ01	TCRBJ01-05	1.0				2	0	1	7	2	3	42	-1	56	60	62	1	In	VDJ							0.0
1816	GAGTTGGCTGCTCCCTCCCAGACATCTGTGTACTTCTGTGCCAGCAGTTACGAAACAGGGCCAGATGAAAAACTGTTTTTTGGCAGT	CASSYETGPDEKLFF	1	0.03005711	45	TCRBV06-06	TCRBV06	TCRBV06-06				01,02	TCRBD01-01*01	TCRBD01	TCRBD01-01	1.0				TCRBJ01-04*01	TCRBJ01	TCRBJ01-04	1.0				2	3	3	3	4	6	36	51	54	60	64	1	In	VDJ							0.0
1817	ACATCGGCCCAAAAGAACCCGACAGCTTTCTATCTCTGTGCCAGTAGTATAGATGGTCAGGTTGGTGAAAAACTGTTTTTTGGCAGT	CASSIDGQVGEKLFF	1	0.03005711	45	TCRBV19-01	TCRBV19	TCRBV19-01				01,02	TCRBD01-01*01	TCRBD01	TCRBD01-01	1.0				TCRBJ01-04*01	TCRBJ01	TCRBJ01-04	1.0				0	4	4	4	4	7	36	53	57	61	65	1	In	VDJ							0.0
1818	ACCTTGGAGCTGGGGGACTCGGCCCTTTATCTTTGCGCCAGCAGCCTGGGTGGGGGCCGGGGGAACACTGAAGCTTTCTTTGGACAA	CASSLGGGRGNTEAFF	1	0.03005711	48	TCRBV05-01*01	TCRBV05	TCRBV05-01	1.0				TCRBD01-01*01	TCRBD01	TCRBD01-01	1.0				TCRBJ01-01*01	TCRBJ01	TCRBJ01-01	1.0				0	2	6	0	5	1	33	49	51	57	62	1	In	VDJ							0.0
1819	GGGGACTCGGCCCTTTATCTTTGCGCCAGCAGCTGGGGGTACTCGGGGCAAGGCTCCGGTTGGAACACTGAAGCTTTCTTTGGACAA	CASSWGYSGQGSGWNTEAFF	1	0.03005711	60	TCRBV05-01*01	TCRBV05	TCRBV05-01	1.0				unresolved		unresolved		TCRBD01,TCRBD02	TCRBD01-01,TCRBD02-01		TCRBJ01-01*01	TCRBJ01	TCRBJ01-01	1.0				3	0	6	1	23	1	21	-1	34	39	62	1	In	VDJ							0.0
1820	TTGGAGCTGGAGGACTCGGCCCTGTATCTCTGTGCCAGCAGCTTGTTTTCCGGGACGGCTTTGAACACTGAAGCTTTCTTTGGACAA	CASSLFSGTALNTEAFF	1	0.03005711	51	TCRBV05-08*01	TCRBV05	TCRBV05-08	1.0				unresolved		unresolved		TCRBD01,TCRBD02	TCRBD01-01,TCRBD02-01		TCRBJ01-01*01	TCRBJ01	TCRBJ01-01	1.0				1	6	0	7	5	0	30	45	51	56	61	1	In	VDJ							0.0
1821	AGATCCAGTCCACGGAGTCAGGGGACACAGCACTGTATTTCTGTGCCAGCAGCAGAAGGGGGGGACACTGAAGCTTTCTTTGGACAA		1	0.03005711	40	TCRBV21-01*01	TCRBV21	TCRBV21-01	1.0				TCRBD02-01*01	TCRBD02	TCRBD02-01	1.0				TCRBJ01-01*01	TCRBJ01	TCRBJ01-01	1.0				4	3	9	0	0	3	41	54	57	-1	64	1	Out	VDJ							0.0
1822	CTGGAGTCGGCTGCTCCCTCCCAGACATCTGTGTACTTCTGTGCCAGCAGTGATGGCTGGGTGTCGTCTGAAGCTTTCTTTGGACAA	CASSDGWVSSEAFF	1	0.03005711	42	TCRBV06-01*01	TCRBV06	TCRBV06-01	1.0				unresolved		unresolved		TCRBD01,TCRBD02	TCRBD01-01,TCRBD02-01		TCRBJ01-01*01	TCRBJ01	TCRBJ01-01	1.0				3	5	0	9	6	6	39	53	58	61	67	1	In	VDJ							0.0
1823	CTCAGAACCGGGAGACACGGCACTGTATCTCTGCGCCAGTCCGACAGGCGTGGGTTTCGTAACACCGGGGAGCTGTTTTTTGGAGAA		1	0.03005711	50	TCRBV23-01*01	TCRBV23	TCRBV23-01	1.0				TCRBD01-01*01	TCRBD01	TCRBD01-01	1.0				TCRBJ02-02*01	TCRBJ02	TCRBJ02-02	1.0				9	3	2	4	12	2	31	39	42	48	60	1	Out	VDJ							0.0
1824	CAGCAGGTAGTGCGAGGAGATTCGGCAGCTTATTTCTGTGCCAGCTCACCAACGACTCCCGACACCGGGGAGCTGTTTTTTGGAGAA	CASSPTTPDTGELFF	1	0.03005711	45	TCRBV18-01*01	TCRBV18	TCRBV18-01	1.0				TCRBD02-01	TCRBD02	TCRBD02-01				01,02	TCRBJ02-02*01	TCRBJ02	TCRBJ02-02	1.0				2	2	2	10	4	3	36	51	53	57	61	1	In	VDJ							0.0
1825	GGGGACTCGGCCGTGTATCTCTGTGCCAGCAGTCCCGGACTAGCGGGGGGAACCAGTCCTAGCACAGATACGCAGTATTTTGGCCCA	CASSPGLAGGTSPSTDTQYF	1	0.03005711	60	TCRBV11-03*01	TCRBV11	TCRBV11-03	1.0				TCRBD02-01*01	TCRBD02	TCRBD02-01	1.0				TCRBJ02-03*01	TCRBJ02	TCRBJ02-03	1.0				6	4	1	1	10	0	21	32	36	50	60	1	In	VDJ							0.0
1826	CGCACAGAGCGGGGGGACTCAGCCGTGTATCTCTGTGCCAGCAGCTTAAGGCGCGCGGCTAGCACAGATACGCAGTATTTTGGCCCA	CASSLRRAASTDTQYF	1	0.03005711	48	TCRBV07-03*01	TCRBV07	TCRBV07-03	1.0				TCRBD02-01	TCRBD02	TCRBD02-01				01,02	TCRBJ02-03*01	TCRBJ02	TCRBJ02-03	1.0				1	5	7	5	2	0	33	49	54	58	60	1	In	VDJ							0.0
1827	CGCTCACCAGGCCTGGGGGACGCAGCCATGTACCTGTGTGCCACCAGCAGAGACCTAGCCGGCACAGATACGCAGTATTTTGGCCCA	CATSRDLAGTDTQYF	1	0.03005711	45	TCRBV15-01*01	TCRBV15	TCRBV15-01	1.0				TCRBD02-01	TCRBD02	TCRBD02-01				01,02	TCRBJ02-03*01	TCRBJ02	TCRBJ02-03	1.0				0	1	4	7	2	1	36	53	54	59	61	1	In	VDJ							0.0
1828	ACAGTGACCAGTGCCCATCCTGAAGACAGCAGCTTCTACATCTGCAGTGCCGGGGGGACAGGGACAGATACGCAGTATTTTGGCCCA	CSAGGTGTDTQYF	1	0.03005711	39	TCRBV20	TCRBV20	unresolved			TCRBV20-01,TCRBV20-or09_02		TCRBD01-01*01	TCRBD01	TCRBD01-01	1.0				TCRBJ02-03*01	TCRBJ02	TCRBJ02-03	1.0				6	4	0	3	0	3	42	50	54	-1	63	1	In	VDJ							0.0
1829	CTGAAGATCCAGCGCACACAGCAGGAGGACTCCGCCGTGTATCTCTGTGCCAGCAGCCAAAGGGCAGATACGCAGTATTTTGGCCCA	CASSQRADTQYF	1	0.03005711	36	TCRBV07-08*01	TCRBV07	TCRBV07-08	1.0				unresolved		unresolved		TCRBD01,TCRBD02	TCRBD01-01,TCRBD02-01		TCRBJ02-03*01	TCRBJ02	TCRBJ02-03	1.0				5	3	5	3	0	4	45	57	60	-1	64	1	In	VDJ							0.0
1830	ATTCAGCGCACAGAGCAGCGGGACTCAGCCATGTATCGCTGTGCTAGCAGCTTAGTTGGACTCCAAGAGACCCAGTACTTCGGGCCA	CASSLVGLQETQYF	1	0.03005711	42	TCRBV07-07*01	TCRBV07	TCRBV07-07	1.0				TCRBD02-01	TCRBD02	TCRBD02-01				01,02	TCRBJ02-05*01	TCRBJ02	TCRBJ02-05	1.0				1	2	1	10	0	1	39	55	57	-1	62	1	In	VDJ							0.0
1831	AGCTCTCTGGAGCTGGGGGACTCAGCTTTGTATTTCTGTGCCAGCAGCGTAGCCGACAGCCTAATAGAGACCCAGTACTTCGGGCCA	CASSVADSLIETQYF	1	0.03005711	45	TCRBV09-01	TCRBV09	TCRBV09-01				01,02	TCRBD01-01*01	TCRBD01	TCRBD01-01	1.0				TCRBJ02-05*01	TCRBJ02	TCRBJ02-05	1.0				0	2	2	5	6	4	36	52	54	59	65	1	In	VDJ							0.0
1832	GCCCAAAAGAACCCGACAGCTTTCTATCTCTGTGCCAGTAGTCCCCCCACAGGGCCTAGGGGCTACAATGAGCAGTTCTTCGGGCCA	CASSPPTGPRGYNEQFF	1	0.03005711	51	TCRBV19-01	TCRBV19	TCRBV19-01				01,02	TCRBD01-01*01	TCRBD01	TCRBD01-01	1.0				TCRBJ02-01*01	TCRBJ02	TCRBJ02-01	1.0				5	6	3	3	8	3	30	42	48	54	62	1	In	VDJ							0.0
1833	CCAGCGCACACAGCAGGAGGACTCGGCCGTGTATCTCTGTGCCAGCAGCTCTCTAGCGGGGAGTACAATGAGCAGTTCTTCGGGCCA		1	0.03005711	44	TCRBV07-02*01	TCRBV07	TCRBV07-02	1.0				TCRBD02-01*01	TCRBD02	TCRBD02-01	1.0				TCRBJ02-01*01	TCRBJ02	TCRBJ02-01	1.0				4	2	4	3	2	4	37	50	52	61	63	1	Out	VDJ							0.0
1834	TTGCTGGGGGACTCGGCCCTCTATCTCTGTGCCAGCAGCTCGCGGGACTAGCGGGGGGGCGGGTCCAATGAGCAGTTCTTCGGGCCA	CASSSRD*RGGGSNEQFF	1	0.03005711	54	TCRBV05-06*01	TCRBV05	TCRBV05-06	1.0				TCRBD02-01*01	TCRBD02	TCRBD02-01	1.0				TCRBJ02-01*01	TCRBJ02	TCRBJ02-01	1.0				3	3	0	0	6	6	27	40	43	59	65	1	Stop	VDJ							0.0
1835	CAGCCCTCAGAACCCAGGGACTCAGCTGTGTATTTTTGTGCTAGTGGTTTAGTGACTAGCGGGGTCGATGAGCAGTTCTTCGGGCCA	CASGLVTSGVDEQFF	1	0.03005711	45	TCRBV12-05*01	TCRBV12	TCRBV12-05	1.0				TCRBD02-01*01	TCRBD02	TCRBD02-01	1.0				TCRBJ02-01*01	TCRBJ02	TCRBJ02-01	1.0				3	3	2	3	3	8	36	50	53	64	67	1	In	VDJ							0.0
1836	CAGGAGGACTCGGCCGTGTATCTCTGTGCCAGCAGCTTATTCGGGTCGTGGGGACTAGCGGGTTCGGATGAGCAGTTCTTCGGGCCA	CASSLFGSWGLAGSDEQFF	1	0.03005711	57	TCRBV07-02*01	TCRBV07	TCRBV07-02	1.0				TCRBD02-01	TCRBD02	TCRBD02-01				01,02	TCRBJ02-01*01	TCRBJ02	TCRBJ02-01	1.0				2	11	0	4	5	8	24	39	50	62	67	1	In	VDJ							0.0
1837	GTAGTGCGAGGAGATTCGGCAGCTTATTTCTGTGCCAGCTCACCACGAGATGGACAGGGGGAAGGAAACACCATATATTTTGGAGAG	CASSPRDGQGEGNTIYF	1	0.03005711	51	TCRBV18-01*01	TCRBV18	TCRBV18-01	1.0				TCRBD01-01*01	TCRBD01	TCRBD01-01	1.0				TCRBJ01-03*01	TCRBJ01	TCRBJ01-03	1.0				1	5	1	1	2	4	30	46	51	61	63	1	In	VDJ							0.0
1838	CGCACACAGCAGGAGGACTCGGCCGTGTATCTCTGTGCCAGCAGCTTTAGCGGGGGGGGCCCCTCCTACGAGCAGTACTTCGGGCCG	CASSFSGGGPSYEQYF	1	0.03005711	48	TCRBV07-02*01	TCRBV07	TCRBV07-02	1.0				TCRBD02-01*01	TCRBD02	TCRBD02-01	1.0				TCRBJ02-07*01	TCRBJ02	TCRBJ02-07	1.0				3	0	5	0	4	0	33	-1	47	58	62	1	In	VDJ							0.0
1839	ACGACTTGTTGCTGGGGGACTCGGCCCTGTATCTCTGTGCCAGCTTTTGAGTGTTCGCGAAAGACCTATGGCTACACCTTCGGTTCG		1	0.03005711	46	TCRBV05-05*01	TCRBV05	TCRBV05-05	1.0				unresolved		unresolved		TCRBD01,TCRBD02	TCRBD01-01,TCRBD02-01		TCRBJ01-02*01	TCRBJ01	TCRBJ01-02	1.0				7	18	2	7	0	4	35	44	62	-1	65	1	Out	VDJ							0.0
1840	CAGCGCACACAGCAGGAGGACTCGGCCGTGTATCTCTGTGCCAGCAGCTTAAGGACGACGGGCAATCAGCCCCAGCATTTTGGTGAT	CASSLRTTGNQPQHF	1	0.03005711	45	TCRBV07-02*01	TCRBV07	TCRBV07-02	1.0				unresolved		unresolved		TCRBD01,TCRBD02	TCRBD01-01,TCRBD02-01		TCRBJ01-05*01	TCRBJ01	TCRBJ01-05	1.0				2	1	1	7	5	2	36	51	52	56	61	1	In	VDJ							0.0
1841	TCACCAGGCCTGGGGGACGCAGCCATGTACCTGTGTGCCACCAGCAGCGGAACCGGGACAGCGAATGAAAAACTGTTTTTTGGCAGT	CATSSGTGTANEKLFF	1	0.03005711	48	TCRBV15-01*01	TCRBV15	TCRBV15-01	1.0				TCRBD01-01*01	TCRBD01	TCRBD01-01	1.0				TCRBJ01-04*01	TCRBJ01	TCRBJ01-04	1.0				3	7	0	5	2	5	33	47	54	61	63	1	In	VDJ							0.0
1842	CTCAGGCTGCTGTCGGCTGCTCCCTCCCAGACATCTGTGTACTTCTGTGCCAGCAGTACCGACAGGTTCGAAGCTTTCTTTGGACAA	CASSTDRFEAFF	1	0.03005711	36	TCRBV06-05*01	TCRBV06	TCRBV06-05	1.0				TCRBD01-01*01	TCRBD01	TCRBD01-01	1.0				TCRBJ01-01*01	TCRBJ01	TCRBJ01-01	1.0				5	3	2	4	3	8	45	57	60	66	69	1	In	VDJ							0.0
1843	CTGGAGTCGCCCAGCCCCAACCAGACCTCTCTGTACTTCTGTGCCAGCAGTTTAGGGCCGGCCAACACTGAAGCTTTCTTTGGACAA	CASSLGPANTEAFF	1	0.03005711	42	TCRBV27-01*01	TCRBV27	TCRBV27-01	1.0				TCRBD01-01*01	TCRBD01	TCRBD01-01	1.0				TCRBJ01-01*01	TCRBJ01	TCRBJ01-01	1.0				2	0	8	0	5	2	39	-1	54	58	63	1	In	VDJ							0.0
1844	GCCCAAAAGAACCCGACAGCTTTCTATCTCTGTGCCAGTAGTATAGATCCCAGGGGTATAGTGAACACTGAAGCTTTCTTTGGACAA	CASSIDPRGIVNTEAFF	1	0.03005711	51	TCRBV19-01	TCRBV19	TCRBV19-01				01,02	TCRBD01-01*01	TCRBD01	TCRBD01-01	1.0				TCRBJ01-01*01	TCRBJ01	TCRBJ01-01	1.0				0	3	4	2	5	0	30	47	50	56	61	1	In	VDJ							0.0
1845	GCCCAAAAGAACCCGACAGCTTTCTATCTCTGTGCCAGTAGTAGCCCCCGACAGGGGGGGAAGGACACTGAAGCTTTCTTTGGACAA	CASSSPRQGGKDTEAFF	1	0.03005711	51	TCRBV19-01	TCRBV19	TCRBV19-01				01,02	TCRBD01-01*01	TCRBD01	TCRBD01-01	1.0				TCRBJ01-01*01	TCRBJ01	TCRBJ01-01	1.0				4	6	2	1	6	3	30	43	49	58	64	1	In	VDJ							0.0
1846	ACGATCCAGCGCACACAGCAGGAGGACTCGGCCGTGTATCTCTGTGCCAGCAGCGAACACAAGGGCACTGAAGCTTTCTTTGGACAA	CASSEHKGTEAFF	1	0.03005711	39	TCRBV07-02*01	TCRBV07	TCRBV07-02	1.0				unresolved		unresolved		TCRBD01,TCRBD02	TCRBD01-01,TCRBD02-01		TCRBJ01-01*01	TCRBJ01	TCRBJ01-01	1.0				5	7	5	3	0	4	42	54	61	-1	65	1	In	VDJ							0.0
1847	GCCCATCCTGAAGACAGCAGCTTCTACATCTGCAGTGCCGTCCCAACTTTAGCCTCAGGGATTTGGACTGAAGCTTTCTTTGGACAA	CSAVPTLASGIWTEAFF	1	0.03005711	51	TCRBV20	TCRBV20	unresolved			TCRBV20-01,TCRBV20-or09_02		TCRBD01-01*01	TCRBD01	TCRBD01-01	1.0				TCRBJ01-01*01	TCRBJ01	TCRBJ01-01	1.0				6	17	4	3	6	5	30	38	55	60	66	1	In	VDJ							0.0
1848	TCTGAACTGAACATGAGCTCCTTGGAGCTGGGGGACTCAGCCCTGTACTTCTGTGCCAGCGGAGGCGTGCGAGCTTTCTTTGGACAA	CASGGVRAFF	1	0.03005711	30	TCRBV13-01*01	TCRBV13	TCRBV13-01	1.0				TCRBD02-01*02	TCRBD02	TCRBD02-01	2.0				TCRBJ01-01*01	TCRBJ01	TCRBJ01-01	1.0				8	0	10	1	6	10	51	-1	60	65	71	1	In	VDJ							0.0
1849	CTCAAGATCCAGCCTGCAAAGCTTGAGGACTCGGCCGTGTATCTCTGTGCCAGCAGCCGCCCCCCCGGGACGGCTTTCTTTGGACAA	CASSRPPGTAFF	1	0.03005711	36	TCRBV11-02*02	TCRBV11	TCRBV11-02	2.0				unresolved		unresolved		TCRBD01,TCRBD02	TCRBD01-01,TCRBD02-01		TCRBJ01-01*01	TCRBJ01	TCRBJ01-01	1.0				5	9	0	7	1	11	45	57	66	71	72	1	In	VDJ							0.0
1850	ACTGTGACATCGGCCCAAAAGAACCCGACAGCTTTCTATCTCTGTGCCAGTAGAAACCTTGGCACCGGGGAGCTGTTTTTTGGAGAA	CASRNLGTGELFF	1	0.03005711	39	TCRBV19-01	TCRBV19	TCRBV19-01				01,02	unresolved		unresolved		TCRBD01,TCRBD02	TCRBD01-01,TCRBD02-01		TCRBJ02-02*01	TCRBJ02	TCRBJ02-02	1.0				6	7	0	10	0	4	42	53	60	-1	62	1	In	VDJ							0.0
1851	CCTTGGAGCTGGGGGACTCGGCCCTGTATCTCTGTGCCAGAACAGCTTATGGGGGTTCCCGGTCCCGGGGAGCTGTTTTTTGGAGAA		1	0.03005711	49	TCRBV05-03	TCRBV05	TCRBV05-03				01,02	unresolved		unresolved		TCRBD01,TCRBD02	TCRBD01-01,TCRBD02-01		TCRBJ02-02*01	TCRBJ02	TCRBJ02-02	1.0				6	8	6	1	9	6	32	42	50	55	64	1	Out	VDJ							0.0
1852	CCTCTCACTGTGACATCGGCCCAAAAGAACCCGACAGCTTTCTATCTCTGTGCCAGTAGGGCAGGCGGGGAGCTGTTTTTTGGAGAA	CASRAGGELFF	1	0.03005711	33	TCRBV19-01	TCRBV19	TCRBV19-01				01,02	TCRBD01-01*01	TCRBD01	TCRBD01-01	1.0				TCRBJ02-02*01	TCRBJ02	TCRBJ02-02	1.0				6	2	4	4	0	7	48	59	61	-1	65	1	In	VDJ							0.0
1853	TCTGGAGCTGGGGGACTCAGCTTTGTATTTCTGTGCCAGCAGCTCCGTAAGCTAGCGGGCAGCACAGATACGCAGTATTTTGGCCCA		1	0.03005711	50	TCRBV09-01	TCRBV09	TCRBV09-01				01,02	TCRBD02-01	TCRBD02	TCRBD02-01				01,02	TCRBJ02-03*01	TCRBJ02	TCRBJ02-03	1.0				4	8	4	4	1	0	31	43	51	59	60	1	Out	VDJ							0.0
1854	GTGCAGCCTGCAGAACTGGAGGATTCTGGAGTTTATTTCTGTGCCAGCAGCCATGACAGCCTCACAGATACGCAGTATTTTGGCCCA	CASSHDSLTDTQYF	1	0.03005711	42	TCRBV14-01*01	TCRBV14	TCRBV14-01	1.0				TCRBD01-01*01	TCRBD01	TCRBD01-01	1.0				TCRBJ02-03*01	TCRBJ02	TCRBJ02-03	1.0				3	1	2	5	3	2	39	53	54	59	62	1	In	VDJ							0.0
1855	CTGGAGTCTGCTGCCTCCTCCCAGACATCTGTATATTTCTGCGCCAGCAGTGAGGGAGGGGGCACAGAGACCCAGTACTTCGGGCCA	CASSEGGGTETQYF	1	0.03005711	42	TCRBV10-01	TCRBV10	TCRBV10-01				01,02	TCRBD01-01*01	TCRBD01	TCRBD01-01	1.0				TCRBJ02-05*01	TCRBJ02	TCRBJ02-05	1.0				2	2	5	0	2	4	39	54	56	63	65	1	In	VDJ							0.0
1856	GTGACCAGTGCCCATCCTGAAGACAGCAGCTTCTACATCTGCAGTGCTGCGTCCCGGGACAGGGTTGAGACCCAGTACTTCGGGCCA	CSAASRDRVETQYF	1	0.03005711	42	TCRBV20	TCRBV20	unresolved			TCRBV20-01,TCRBV20-or09_02		TCRBD01-01*01	TCRBD01	TCRBD01-01	1.0				TCRBJ02-05*01	TCRBJ02	TCRBJ02-05	1.0				5	7	0	3	2	5	39	48	55	64	66	1	In	VDJ							0.0
1857	ACAGAGCAGCGGGACTCGGCCATGTATCGCTGTGCCAGCAGCCGAAGATTTGGCCGGGGGCTTCACAATGAGCAGTTCTTCGGGCCA	CASSRRFGRGLHNEQFF	1	0.03005711	51	TCRBV07-06*01	TCRBV07	TCRBV07-06	1.0				unresolved		unresolved		TCRBD01,TCRBD02	TCRBD01-01,TCRBD02-01		TCRBJ02-01*01	TCRBJ02	TCRBJ02-01	1.0				5	13	6	0	3	5	30	42	55	61	64	1	In	VDJ							0.0
1858	ACCAGTGCCCATCCTGAAGACAGCAGCTTCTACATCTGCAGTGCTAGTGGAGTACTAGTGTTTGACAATGAGCAGTTCTTCGGGCCA	CSASGVLVFDNEQFF	1	0.03005711	45	TCRBV20	TCRBV20	unresolved			TCRBV20-01,TCRBV20-or09_02		TCRBD02-01	TCRBD02	TCRBD02-01				01,02	TCRBJ02-01*01	TCRBJ02	TCRBJ02-01	1.0				3	6	3	8	6	5	36	47	53	58	64	1	In	VDJ							0.0
1859	TCTGCCATCCCCAACCAGACAGCTCTTTACTTCTGTGCCACCAGTGATTCTGGGGACGGCTCCTACAATGAGCAGTTCTTCGGGCCA	CATSDSGDGSYNEQFF	1	0.03005711	48	TCRBV24	TCRBV24	unresolved			TCRBV24-01,TCRBV24-or09_02		unresolved		unresolved		TCRBD01,TCRBD02	TCRBD01-01,TCRBD02-01		TCRBJ02-01*01	TCRBJ02	TCRBJ02-01	1.0				2	3	0	7	2	0	33	49	52	57	59	1	In	VDJ							0.0
1860	AGCACCTTGGAGCTGGGGGACTCGGCCCTTTATCTTTGCGCCAGCAGCTCTGGACTAGCGTCCTACAATGAGCAGTTCTTCGGGCCA	CASSSGLASYNEQFF	1	0.03005711	45	TCRBV05-01*01	TCRBV05	TCRBV05-01	1.0				TCRBD02-01	TCRBD02	TCRBD02-01				01,02	TCRBJ02-01*01	TCRBJ02	TCRBJ02-01	1.0				3	2	1	6	0	1	36	49	51	-1	60	1	In	VDJ							0.0
1861	GAGCGGGGGGACTCAGCCGTGTATCTCTGTGCCAGCAGCTTAACGGGCCGGGGGGGCGTAGTGGCCAATGAGCAGTTCTTCGGGCCA	CASSLTGRGGVVANEQFF	1	0.03005711	54	TCRBV07-03*01	TCRBV07	TCRBV07-03	1.0				TCRBD02-01*01	TCRBD02	TCRBD02-01	1.0				TCRBJ02-01*01	TCRBJ02	TCRBJ02-01	1.0				0	4	8	0	9	6	27	44	48	56	65	1	In	VDJ							0.0
1862	CGCACACAGCAGGAGGACTCGGCCGTGTATCTCTGTGCCAGCAGCTTAGCAGGAGGGGGAAAGTGGAATGAGCAGTTCTTCGGGCCA	CASSLAGGGKWNEQFF	1	0.03005711	48	TCRBV07-02*01	TCRBV07	TCRBV07-02	1.0				unresolved		unresolved		TCRBD01,TCRBD02	TCRBD01-01,TCRBD02-01		TCRBJ02-01*01	TCRBJ02	TCRBJ02-01	1.0				0	3	5	1	7	7	33	50	53	59	66	1	In	VDJ							0.0
1863	GAGTCAGGGGACACAGCACTGTATTTCTGTGCCAGCAGCTAAAACTAGCGGGGGGCCCCCCGGGGGGATGAGCAGTTCTTCGGGCCA	CASS*N*RGAPRGDEQFF	1	0.03005711	54	TCRBV21-01*01	TCRBV21	TCRBV21-01	1.0				TCRBD02-01*01	TCRBD02	TCRBD02-01	1.0				TCRBJ02-01*01	TCRBJ02	TCRBJ02-01	1.0				5	4	3	1	12	8	27	39	43	55	67	1	Stop	VDJ							0.0
1864	ACTGTGACATCGGCCCAAAAGAACCCGACAGCTTTCTATCTCTGTGCCAGTAGTATGGTCACAGTGGATGAGCAGTTCTTCGGGCCA	CASSMVTVDEQFF	1	0.03005711	39	TCRBV19-01	TCRBV19	TCRBV19-01				01,02	TCRBD01-01*01	TCRBD01	TCRBD01-01	1.0				TCRBJ02-01*01	TCRBJ02	TCRBJ02-01	1.0				3	4	3	5	3	8	42	56	60	64	67	1	In	VDJ							0.0
1865	CAGAGCAGCGGGACTCAGCCATGTATCGCTGTGCTAGCAGCTTAGAAATGTGAGGGGGCGGGAATGATTGAGCAGTTCTTCGGGCCA		1	0.03005711	52	TCRBV07-07*01	TCRBV07	TCRBV07-07	1.0				TCRBD01-01*01	TCRBD01	TCRBD01-01	1.0				TCRBJ02-01*01	TCRBJ02	TCRBJ02-01	1.0				1	7	5	0	9	9	29	45	52	59	68	1	Out	VDJ							0.0
1866	CCTGCAGAACTGGAGGATTCTGGAGTTTATTTCTGTGTCAGCAGCCAAAATGGCACCCCAAAAGGAAACACCATATATTTTGGAGAG	CVSSQNGTPKGNTIYF	1	0.03005711	48	TCRBV14-01*01	TCRBV14	TCRBV14-01	1.0				TCRBD01-01*01	TCRBD01	TCRBD01-01	1.0				TCRBJ01-03*01	TCRBJ01	TCRBJ01-03	1.0				2	3	9	0	9	4	33	48	51	54	63	1	In	VDJ							0.0
1867	GTCAGGGGACACAGCACTGTATTTCTGTGCCAGCAGCAGCACAGGAACGACGGCGGGGTGCGTGGAAACACCATATATTTTGGAGAG		1	0.03005711	56	TCRBV21-01*01	TCRBV21	TCRBV21-01	1.0				TCRBD02-01*01	TCRBD02	TCRBD02-01	1.0				TCRBJ01-03*01	TCRBJ01	TCRBJ01-03	1.0				4	14	7	3	4	3	25	38	52	58	62	1	Out	VDJ							0.0
1868	ACTGTGACATCGGCCCAAAAGAACCCGACAGCTTTCTATCTCTGTGCCAGTAGTATAGCCGGCAACTACGAGCAGTACTTCGGGCCG	CASSIAGNYEQYF	1	0.03005711	39	TCRBV19-01	TCRBV19	TCRBV19-01				01,02	unresolved		unresolved		TCRBD01,TCRBD02	TCRBD01-01,TCRBD02-01		TCRBJ02-07*01	TCRBJ02	TCRBJ02-07	1.0				1	2	9	0	2	3	42	58	60	63	65	1	In	VDJ							0.0
1869	TCCGCTACCAGCTCCCAGACATCTGTGTACTTCTGTGCCATCAGTGAGGGGGGGGTAATCCCCTCCTACGAGCAGTACTTCGGGCCG	CAISEGGVIPSYEQYF	1	0.03005711	48	TCRBV10-03*01	TCRBV10	TCRBV10-03	1.0				TCRBD02-01*01	TCRBD02	TCRBD02-01	1.0				TCRBJ02-07*01	TCRBJ02	TCRBJ02-07	1.0				2	0	9	0	7	0	33	-1	48	55	62	1	In	VDJ							0.0
1870	CACTCTGAAGATCCAGCCCTCAGAACCCAGGGACTCAGCTGTGTACTTCTGTGCCAGCAGTCGACCCGGGACCTCCATTTTGGTGAT		1	0.03005711	32	TCRBV12	TCRBV12	unresolved			TCRBV12-03,TCRBV12-04		unresolved		unresolved		TCRBD01,TCRBD02	TCRBD01-01,TCRBD02-01		TCRBJ01-05*01	TCRBJ01	TCRBJ01-05	1.0				5	6	0	7	3	16	49	61	67	72	75	1	Out	VDJ							0.0
1871	GTGCGAGGAGATTCGGCAGCTTATTTCTGTGCCAGCTCTCAGGGGGGACAGGGGAGGGCTAGCAATCAGCCCCAGCATTTTGGTGAT	CASSQGGQGRASNQPQHF	1	0.03005711	54	TCRBV18-01*01	TCRBV18	TCRBV18-01	1.0				TCRBD01-01*01	TCRBD01	TCRBD01-01	1.0				TCRBJ01-05*01	TCRBJ01	TCRBJ01-05	1.0				6	6	0	2	5	0	27	38	44	54	59	1	In	VDJ							0.0
1872	GCCTTGTTGCTGGGGGACTCGGCCCTCTATCTCTGTGCCAGCAGCCGATACGGCCTGGGACAGAATCAGCCCCAGCATTTTGGTGAT	CASSRYGLGQNQPQHF	1	0.03005711	48	TCRBV05-06*01	TCRBV05	TCRBV05-06	1.0				TCRBD01-01*01	TCRBD01	TCRBD01-01	1.0				TCRBJ01-05*01	TCRBJ01	TCRBJ01-05	1.0				4	11	0	5	0	4	33	45	56	-1	63	1	In	VDJ							0.0
1873	GTGACCAGTGCCCATCCTGAAGACAGCAGCTTCTACATCTGCAGTGCTAGTCCTGGGGTGACTAATGAAAAACTGTTTTTTGGCAGT	CSASPGVTNEKLFF	1	0.03005711	42	TCRBV20	TCRBV20	unresolved			TCRBV20-01,TCRBV20-or09_02		unresolved		unresolved		TCRBD01,TCRBD02	TCRBD01-01,TCRBD02-01		TCRBJ01-04*01	TCRBJ01	TCRBJ01-04	1.0				3	4	6	2	2	2	39	50	54	58	60	1	In	VDJ							0.0
1874	CTGACAGTGACCAGTGCCCATCCTGAAGACAGCAGCTTCTACATCTGCAGTGCTAGAGGTGGGACAGACGAAGCTTTCTTTGGACAA	CSARGGTDEAFF	1	0.03005711	36	TCRBV20	TCRBV20	unresolved			TCRBV20-01,TCRBV20-or09_02		TCRBD01-01*01	TCRBD01	TCRBD01-01	1.0				TCRBJ01-01*01	TCRBJ01	TCRBJ01-01	1.0				1	2	0	5	2	8	45	58	60	67	69	1	In	VDJ							0.0
1875	TGGGGGACGCAGCCATGTACCTGTGTGCCACCGTCAAGGAACACGACAGGGGCCCCGCTCCGGAACACTGAAGCTTTCTTTGGACAA		1	0.03005711	58	TCRBV15-01*01	TCRBV15	TCRBV15-01	1.0				TCRBD01-01*01	TCRBD01	TCRBD01-01	1.0				TCRBJ01-01*01	TCRBJ01	TCRBJ01-01	1.0				8	12	2	2	10	1	23	32	44	52	62	1	Out	VDJ							0.0
1876	ACTGTGACATCGGCCCAAAAGAACCCGACAGCTTTCTATCTCTGTGCCAGTAGTTACATCGTGAACACTGAAGCTTTCTTTGGACAA	CASSYIVNTEAFF	1	0.03005711	39	TCRBV19-01	TCRBV19	TCRBV19-01				01,02	TCRBD01-01*01	TCRBD01	TCRBD01-01	1.0				TCRBJ01-01*01	TCRBJ01	TCRBJ01-01	1.0				5	1	3	6	3	0	42	54	55	58	61	1	In	VDJ							0.0
1877	TGAAGGTGCAGCCTGCAGAACTGGAGGATTCTGGAGTTTATTTCTGTGCCAGCAGCTAGTGCTGGTTCTGAAGCTTTCTTTGGACAA		1	0.03005711	37	TCRBV14-01*01	TCRBV14	TCRBV14-01	1.0				TCRBD02-01	TCRBD02	TCRBD02-01				01,02	TCRBJ01-01*01	TCRBJ01	TCRBJ01-01	1.0				5	0	5	8	8	6	44	-1	56	59	67	1	Out	VDJ							0.0
1878	CCAAAAGAACCCGACAGCTTTCTATCTCTGTGCCAGTAGTATCTTAGCCCCTTACATCGGTCTGTTTCTGGAGCTTTCTTTGGACAA		1	0.03005711	53	TCRBV19-01	TCRBV19	TCRBV19-01				01,02	TCRBD02-01	TCRBD02	TCRBD02-01				01,02	TCRBJ01-01*01	TCRBJ01	TCRBJ01-01	1.0				3	2	5	7	23	10	28	42	44	48	71	1	Out	VDJ							0.0
1879	ACATCGGCCCAAAAGAACCCGACAGCTTTCTATCTCTGTGCCAGTAGTATAGATCTATTAGGGGAAGATACGCAGTATTTTGGCCCA	CASSIDLLGEDTQYF	1	0.03005711	45	TCRBV19-01	TCRBV19	TCRBV19-01				01,02	TCRBD01-01*01	TCRBD01	TCRBD01-01	1.0				TCRBJ02-03*01	TCRBJ02	TCRBJ02-03	1.0				0	6	5	2	1	5	36	53	59	64	65	1	In	VDJ							0.0
1880	ACAGTGACCAGTGCCCATCCTGAAGACAGCAGCTTCTACATCTGCAGTGCCTCAGGGGGAAGCACAGATACGCAGTATTTTGGCCCA	CSASGGSTDTQYF	1	0.03005711	39	TCRBV20	TCRBV20	unresolved			TCRBV20-01,TCRBV20-or09_02		TCRBD01-01*01	TCRBD01	TCRBD01-01	1.0				TCRBJ02-03*01	TCRBJ02	TCRBJ02-03	1.0				6	2	4	1	1	0	42	50	52	59	60	1	In	VDJ							0.0
1881	CTCTGGAGTCTGCTGCCTCCTCCCAGACATCTGTATATTTCTGCGCCGGTATTAGGGGGGGGGACAGATACGCAGTATTTTGGCCCA		1	0.03005711	40	TCRBV10-01	TCRBV10	TCRBV10-01				01,02	TCRBD02-01*01	TCRBD02	TCRBD02-01	1.0				TCRBJ02-03*01	TCRBJ02	TCRBJ02-03	1.0				11	7	9	0	2	3	41	47	54	61	63	1	Out	VDJ							0.0
1882	GGAGCTGGGGGACTCGGCCCTTTATCTTTGCGCCAGCAGCTTGTTTAGGCAGGGTCTCCTACCCCAGATACGCAGTATTTTGGCCCA		1	0.03005711	53	TCRBV05-01*01	TCRBV05	TCRBV05-01	1.0				TCRBD01-01*01	TCRBD01	TCRBD01-01	1.0				TCRBJ02-03*01	TCRBJ02	TCRBJ02-03	1.0				1	6	4	3	10	4	28	43	49	54	64	1	Out	VDJ							0.0
1883	AATGTGAGCACCTTGGAGCTGGGGGACTCGGCCCTTTATCTTTGCGCCAGCAGCTTTACAGGGCAAGAGACCCAGTACTTCGGGCCA	CASSFTGQETQYF	1	0.03005711	39	TCRBV05-01*01	TCRBV05	TCRBV05-01	1.0				TCRBD01-01*01	TCRBD01	TCRBD01-01	1.0				TCRBJ02-05*01	TCRBJ02	TCRBJ02-05	1.0				2	1	3	3	0	2	42	56	57	-1	63	1	In	VDJ							0.0
1884	GAGCAGGGGGACTCGGCCATGTATCTCTGTGCCAGCAGCTCACCGATGGGACTAGCGGGGGGGCCTAAGGAGCAGTTCTTCGGGCCA	CASSSPMGLAGGPKEQFF	1	0.03005711	54	TCRBV07-09	TCRBV07	TCRBV07-09				01,03	TCRBD02-01*01	TCRBD02	TCRBD02-01	1.0				TCRBJ02-01*01	TCRBJ02	TCRBJ02-01	1.0				4	7	0	0	6	10	27	40	47	63	69	1	In	VDJ							0.0
1885	AGCTCTCTGGAGCTGGGGGACTCAGCTTTGTATTTCTGTGCCAGCAGCGTACCGGGGGGCGGATACAATGAGCAGTTCTTCGGGCCA	CASSVPGGGYNEQFF	1	0.03005711	45	TCRBV09-01	TCRBV09	TCRBV09-01				01,02	TCRBD02-01*01	TCRBD02	TCRBD02-01	1.0				TCRBJ02-01*01	TCRBJ02	TCRBJ02-01	1.0				1	1	8	1	4	4	36	51	52	59	63	1	In	VDJ							0.0
1886	CCCAGCCCCAACCAGACCTCTCTGTACTTCTGTGCCAGCAGTCCACCAATAGCGGGGGGGACCTACAATGAGCAGTTCTTCGGGCCA	CASSPPIAGGTYNEQFF	1	0.03005711	51	TCRBV27-01*01	TCRBV27	TCRBV27-01	1.0				TCRBD02-01*01	TCRBD02	TCRBD02-01	1.0				TCRBJ02-01*01	TCRBJ02	TCRBJ02-01	1.0				5	7	5	0	1	2	30	42	49	60	61	1	In	VDJ							0.0
1887	TCGCCCAGCCCCAACCAGACCTCTCTGTACTTCTGTGCCAGCAGTTTATTGGAGACTAGCGGGGTTAATGAGCAGTTCTTCGGGCCA	CASSLLETSGVNEQFF	1	0.03005711	48	TCRBV27-01*01	TCRBV27	TCRBV27-01	1.0				TCRBD02-01*01	TCRBD02	TCRBD02-01	1.0				TCRBJ02-01*01	TCRBJ02	TCRBJ02-01	1.0				1	4	2	3	2	7	33	49	53	64	66	1	In	VDJ							0.0
1888	ACGATCCAGCGCACACAGCAGGAGGACTCGGCCGTGTATCTCTGTGCCAGCAGGTGGGGGGAAATCTATGAGCAGTTCTTCGGGCCA	CASRWGEIYEQFF	1	0.03005711	39	TCRBV07-02*01	TCRBV07	TCRBV07-02	1.0				TCRBD02-01*01	TCRBD02	TCRBD02-01	1.0				TCRBJ02-01*01	TCRBJ02	TCRBJ02-01	1.0				6	2	9	1	6	8	42	53	55	61	67	1	In	VDJ							0.0
1889	ACGTTGGCGTCTGCTGTACCCTCTCAGACATCTGTGTACTTCTGTGCCAGCAGTGACTCGACAGAGGGTGAGCAGTTCTTCGGGCCA	CASSDSTEGEQFF	1	0.03005711	39	TCRBV06-04	TCRBV06	TCRBV06-04				01,02	unresolved		unresolved		TCRBD01,TCRBD02	TCRBD01-01,TCRBD02-01		TCRBJ02-01*01	TCRBJ02	TCRBJ02-01	1.0				0	0	2	5	4	9	42	-1	59	64	68	1	In	VDJ							0.0
1890	AACGCCTTGTTGCTGGGGGACTCGGCCCTGTATCTCTGTGCCAGCAGCCCAAGACAGGGACTTAATTCACCCCTCCACTTTGGGAAC	CASSPRQGLNSPLHF	1	0.03005711	45	TCRBV05-05*01	TCRBV05	TCRBV05-05	1.0				TCRBD01-01*01	TCRBD01	TCRBD01-01	1.0				TCRBJ01-06*01	TCRBJ01	TCRBJ01-06	1.0				4	4	2	3	3	6	36	48	52	59	62	1	In	VDJ							0.0
1891	CAGCCTGCAGAGCAGGGGGACTCGGCCGTGTATGTCTGTGCAAGTCGCTTAGGTCGGGGCTCTGGAAACACCATATATTTTGGAGAG	CASRLGRGSGNTIYF	1	0.03005711	45	TCRBV12-02*01	TCRBV12	TCRBV12-02	1.0				TCRBD02-01*01	TCRBD02	TCRBD02-01	1.0				TCRBJ01-03*01	TCRBJ01	TCRBJ01-03	1.0				1	2	8	3	0	0	36	52	54	-1	59	1	In	VDJ							0.0
1892	ACATCGGCCCAAAAGAACCCGACAGCTTTCTATCTCTGTGCCAGTAGTATAGGGACAGGGGTTTCTGACGAGCAGTACTTCGGGCCG	CASSIGTGVSDEQYF	1	0.03005711	45	TCRBV19-01	TCRBV19	TCRBV19-01				01,02	TCRBD01-01*01	TCRBD01	TCRBD01-01	1.0				TCRBJ02-07*01	TCRBJ02	TCRBJ02-07	1.0				1	0	1	2	6	5	36	-1	52	61	67	1	In	VDJ							0.0
1893	TCGGCCCAAAAGAACCCGACAGCTTTCTATCTCTGTGCCAGTAGTATTACGCCTCTCCTCAGCTCCTACGAGCAGTACTTCGGGCCG	CASSITPLLSSYEQYF	1	0.03005711	48	TCRBV19-01	TCRBV19	TCRBV19-01				01,02	TCRBD01-01*01	TCRBD01	TCRBD01-01	1.0				TCRBJ02-07*01	TCRBJ02	TCRBJ02-07	1.0				3	12	4	5	0	0	33	47	59	-1	62	1	In	VDJ							0.0
1894	CTCACTGTGACATCGGCCCAAAAGAACCCGACAGCTTTCTATCTCTGTGCCAGCCTTCAGGGGGCGGAGGGCTACACCTTCGGTTCG	CASLQGAEGYTF	1	0.03005711	36	TCRBV19-01	TCRBV19	TCRBV19-01				01,02	TCRBD01-01*01	TCRBD01	TCRBD01-01	1.0				TCRBJ01-02*01	TCRBJ01	TCRBJ01-02	1.0				9	4	4	0	4	8	45	53	57	65	69	1	In	VDJ							0.0
1895	TCTACTCTGAAGGTGCAGCCTGCAGAACTGGAGGATTCTGGAGTTTATTTCTGTGCCAGCAGTCGGGACGTATTACAGTTCGGTTCG	CASSRDVLQF	1	0.03005711	30	TCRBV14-01*01	TCRBV14	TCRBV14-01	1.0				unresolved		unresolved		TCRBD01,TCRBD02	TCRBD01-01,TCRBD02-01		TCRBJ01-02*01	TCRBJ01	TCRBJ01-02	1.0				6	2	0	7	9	17	51	62	64	69	78	1	In	VDJ							0.0
1896	CGCACACAGCAGGAGGACTCCGCCGTGTATCTCTGTGCCAGCAGCCCCCTAGATGGGACTAAAGGGGAAAAACTGTTTTTTGGCAGT	CASSPLDGTKGEKLFF	1	0.03005711	48	TCRBV07-08*01	TCRBV07	TCRBV07-08	1.0				TCRBD02-01	TCRBD02	TCRBD02-01				01,02	TCRBJ01-04*01	TCRBJ01	TCRBJ01-04	1.0				5	9	0	9	5	8	33	45	54	61	66	1	In	VDJ							0.0
1897	CTTGGAGCTGGGGGACTCAGCCCTGTACTTCTGTGCCAGCAGCTTAGAAGGGTGGGAACGGGGAATGAAAAACTGTTTTTTGGCAGT		1	0.03005711	50	TCRBV13-01*01	TCRBV13	TCRBV13-01	1.0				TCRBD02-01*01	TCRBD02	TCRBD02-01	1.0				TCRBJ01-04*01	TCRBJ01	TCRBJ01-04	1.0				1	11	8	3	0	5	31	47	58	-1	63	1	Out	VDJ							0.0
1898	AGGCTGCTGTCGGCTGCTCCCTCCCAGACATCTGTGTACTTCTGTGCCAGCAGTTACGCAACTAATGAAAAACTGTTTTTTGGCAGT	CASSYATNEKLFF	1	0.03005711	39	TCRBV06-05*01	TCRBV06	TCRBV06-05	1.0				unresolved		unresolved					TCRBJ01-04*01	TCRBJ01	TCRBJ01-04	1.0				2	0	0	0	1	0	42	-1	-1	57	58	1	In	VJ							0.0
1899	TCCGCTACCAGCTCCCAGACATCTGTGTACTTCTGTGCCATCAGTGAGCCCCAGGGCGCCGGTTATGAAAAACTGTTTTTTGGCAGT	CAISEPQGAGYEKLFF	1	0.03005711	48	TCRBV10-03*01	TCRBV10	TCRBV10-03	1.0				TCRBD01-01*01	TCRBD01	TCRBD01-01	1.0				TCRBJ01-04*01	TCRBJ01	TCRBJ01-04	1.0				2	3	4	3	8	6	33	48	51	56	64	1	In	VDJ							0.0
1900	ACGATCCAGCGCACACAGCAGGAGGACTCGGCCGTGTATCTCTGTGCCAGCAGCTTACGCATGAACACTGAAGCTTTCTTTGGACAA	CASSLRMNTEAFF	1	0.03005711	39	TCRBV07-02*01	TCRBV07	TCRBV07-02	1.0				unresolved		unresolved		TCRBD01,TCRBD02	TCRBD01-01,TCRBD02-01		TCRBJ01-01*01	TCRBJ01	TCRBJ01-01	1.0				2	2	4	6	0	0	42	57	59	-1	61	1	In	VDJ							0.0
1901	TTGGAGATCCAGCGCACAGAGCAGGGGGACTCGGCCATGTATCTCTGTGCCAGCAGCTTCGGGGGCACTGAAGCTTTCTTTGGACAA	CASSFGGTEAFF	1	0.03005711	36	TCRBV07-09	TCRBV07	TCRBV07-09				01,03	TCRBD02-01*01	TCRBD02	TCRBD02-01	1.0				TCRBJ01-01*01	TCRBJ01	TCRBJ01-01	1.0				3	0	8	2	0	4	45	-1	59	-1	65	1	In	VDJ							0.0
1902	CTGGGGGACTCAGCTTTGTATTTCTGTGCCAGCAGCCTCAGCGGGACTAGCGGGGGACCTAACACCGGGGAGCTGTTTTTTGGAGAA	CASSLSGTSGGPNTGELFF	1	0.03005711	57	TCRBV09-01	TCRBV09	TCRBV09-01				01,02	TCRBD02-01*01	TCRBD02	TCRBD02-01	1.0				TCRBJ02-02*01	TCRBJ02	TCRBJ02-02	1.0				4	6	0	2	4	2	24	36	42	56	60	1	In	VDJ							0.0
1903	ACAGAGCGGGGGGACTCAGCCGTGTATCTCTGTGCCAGCAGCTTAAGGACAGACTGACCTAGCACAGATACGCAGTATTTTGGCCCA	CASSLRTD*PSTDTQYF	1	0.03005711	51	TCRBV07-03*01	TCRBV07	TCRBV07-03	1.0				TCRBD01-01*01	TCRBD01	TCRBD01-01	1.0				TCRBJ02-03*01	TCRBJ02	TCRBJ02-03	1.0				1	0	1	5	8	0	30	-1	46	52	60	1	Stop	VDJ							0.0
1904	AGTGCCCATCCTGAAGACAGCAGCTTCTACATCTGCAGTGCTTCCACTAGCGGGGGGGCCGGCCCAGATACGCAGTATTTTGGCCCA	CSASTSGGAGPDTQYF	1	0.03005711	48	TCRBV20	TCRBV20	unresolved			TCRBV20-01,TCRBV20-or09_02		TCRBD02-01*01	TCRBD02	TCRBD02-01	1.0				TCRBJ02-03*01	TCRBJ02	TCRBJ02-03	1.0				5	3	3	0	6	4	33	42	45	58	64	1	In	VDJ							0.0
1905	AGCTCTCTGGAGCTGGGGGACTCAGCTTTGTATTTCTGTGCCAGCAGCGTAGCGGCGGGGCCCCGAGAGACCCAGTACTTCGGGCCA	CASSVAAGPRETQYF	1	0.03005711	45	TCRBV09-01	TCRBV09	TCRBV09-01				01,02	TCRBD02-01*01	TCRBD02	TCRBD02-01	1.0				TCRBJ02-05*01	TCRBJ02	TCRBJ02-05	1.0				0	2	7	3	5	4	36	52	54	60	65	1	In	VDJ							0.0
1906	AACGCCTTGGAGCTGGACGACTCGGCCCTGTATCTCTGTGCCAGCAGCTTGGTTGGCGGGGGGCGAGAGACCCAGTACTTCGGGCCA	CASSLVGGGRETQYF	1	0.03005711	45	TCRBV05-04*01	TCRBV05	TCRBV05-04	1.0				TCRBD02-01*01	TCRBD02	TCRBD02-01	1.0				TCRBJ02-05*01	TCRBJ02	TCRBJ02-05	1.0				0	3	7	1	2	4	36	52	55	63	65	1	In	VDJ							0.0
1907	GCCCTGCAGCCAGAAGACTCAGCCCTGTATCTCTGCGCCAGCAGCCAAGAATTAGCGGGGGTAGTAGAGACCCAGTACTTCGGGCCA	CASSQELAGVVETQYF	1	0.03005711	48	TCRBV04-01*01	TCRBV04	TCRBV04-01	1.0				TCRBD02-01*01	TCRBD02	TCRBD02-01	1.0				TCRBJ02-05*01	TCRBJ02	TCRBJ02-05	1.0				0	2	5	2	4	4	33	50	52	61	65	1	In	VDJ							0.0
1908	ACATCGGCCCAAAAGAACCCGACAGCTTTCTATCTCTGTGCCAGTAGTAATTTGTGGGGGGCGTGGGAGACCCAGTACTTCGGGCCA	CASSNLWGAWETQYF	1	0.03005711	45	TCRBV19-01	TCRBV19	TCRBV19-01				01,02	unresolved		unresolved		TCRBD01,TCRBD02	TCRBD01-01,TCRBD02-01		TCRBJ02-05*01	TCRBJ02	TCRBJ02-05	1.0				4	7	6	0	4	5	36	49	56	62	66	1	In	VDJ							0.0
1909	GAACTAAACCTGAGCTCTCTGGAGCTGGGGGACTCAGCTTTGTATTTCTGTGCCAGCAGCATTCGGGCGGAGCAGTTCTTCGGGCCA	CASSIRAEQFF	1	0.03005711	33	TCRBV09-01	TCRBV09	TCRBV09-01				01,02	unresolved		unresolved		TCRBD01,TCRBD02	TCRBD01-01,TCRBD02-01		TCRBJ02-01*01	TCRBJ02	TCRBJ02-01	1.0				4	4	8	0	1	10	48	60	64	68	69	1	In	VDJ							0.0
1910	AGGGGACACAGCACTGTATTTCTGTGCCAGCAGAAGGTGGCTAGCGGGGGGCCCCGAGGGGCATACAATGAGCAGTTCTTCGGGCCA		1	0.03005711	59	TCRBV21-01*01	TCRBV21	TCRBV21-01	1.0				TCRBD02-01*01	TCRBD02	TCRBD02-01	1.0				TCRBJ02-01*01	TCRBJ02	TCRBJ02-01	1.0				6	7	4	1	12	4	22	33	40	51	63	1	Out	VDJ							0.0
1911	CTACACACCCTGCAGCCAGAAGACTCGGCCCTGTATCTCTGCGCCAGCAGCCCTTCCGGGGGATACAATGAGCAGTTCTTCGGGCCA	CASSPSGGYNEQFF	1	0.03005711	42	TCRBV04-03*01	TCRBV04	TCRBV04-03	1.0				TCRBD02-01*01	TCRBD02	TCRBD02-01	1.0				TCRBJ02-01*01	TCRBJ02	TCRBJ02-01	1.0				4	4	8	2	1	4	39	52	56	62	63	1	In	VDJ							0.0
1912	AGTGCCCATCCTGAAGACAGCAGCTTCTACATCTGCAGTGCTCTTAGGACTAGCGGGGCTCCCTACAATGAGCAGTTCTTCGGGCCA	CSALRTSGAPYNEQFF	1	0.03005711	48	TCRBV20	TCRBV20	unresolved			TCRBV20-01,TCRBV20-or09_02		TCRBD02-01*01	TCRBD02	TCRBD02-01	1.0				TCRBJ02-01*01	TCRBJ02	TCRBJ02-01	1.0				5	4	1	3	3	2	33	42	46	58	61	1	In	VDJ							0.0
1913	ACCCTGCAGCCAGAAGACTCGGCCCTGTATCTCTGCGCCAGCAGCCAAGAGGTAGGGGGCCGTTTCTATGAGCAGTTCTTCGGGCCA	CASSQEVGGRFYEQFF	1	0.03005711	48	TCRBV04-03*01	TCRBV04	TCRBV04-03	1.0				TCRBD01-01*01	TCRBD01	TCRBD01-01	1.0				TCRBJ02-01*01	TCRBJ02	TCRBJ02-01	1.0				0	3	5	0	7	8	33	50	53	60	67	1	In	VDJ							0.0
1914	ACCTTGGAGCTGGGGGACTCGGCCCTTTATCTTTGCGCCAGCAGCTTGGAGTTAGGAGCGGGCCCCAGTGAGCAGTTCTTCGGGCCA	CASSLELGAGPSEQFF	1	0.03005711	48	TCRBV05-01*01	TCRBV05	TCRBV05-01	1.0				TCRBD02-01	TCRBD02	TCRBD02-01				01,02	TCRBJ02-01*01	TCRBJ02	TCRBJ02-01	1.0				0	7	6	4	6	9	33	49	56	62	68	1	In	VDJ							0.0
1915	GCCTTGTTGCTGGGGGACTCGGCCCTGTATCTCTGTGCCAGCAGCGGGGGAACCAGCTCCTATAATTCACCCCTCCACTTTGGGAAC	CASSGGTSSYNSPLHF	1	0.03005711	48	TCRBV05-05*01	TCRBV05	TCRBV05-05	1.0				unresolved		unresolved		TCRBD01,TCRBD02	TCRBD01-01,TCRBD02-01		TCRBJ01-06*01	TCRBJ01	TCRBJ01-06	1.0				4	0	6	1	6	0	33	-1	45	50	56	1	In	VDJ							0.0
1916	CAGCGCACAGAGCAGGGGGACTCGGCCATGTATCTCTGTGCCATATCATTCGACAGGGGAATTAATTCACCCCTCCACTTTGGGAAC	CAISFDRGINSPLHF	1	0.03005711	45	TCRBV07-09	TCRBV07	TCRBV07-09				01,03	TCRBD01-01*01	TCRBD01	TCRBD01-01	1.0				TCRBJ01-06*01	TCRBJ01	TCRBJ01-06	1.0				10	8	2	2	3	6	36	43	51	59	62	1	In	VDJ							0.0
1917	ACTGTGACATCGGCCCAAAAGAACCCGACAGCTTTCTATCTCTGTGCCAGTAGTATCCCCGGGTCCGGTGTTCAGTACTTCGGCGCC	CASSIPGSGVQYF	1	0.03005711	39	TCRBV19-01	TCRBV19	TCRBV19-01				01,02	TCRBD02-01	TCRBD02	TCRBD02-01				01,02	TCRBJ02-04*01	TCRBJ02	TCRBJ02-04	1.0				3	3	8	4	7	11	42	56	59	63	70	1	In	VDJ							0.0
1918	AACCTGAGCTCTCTGGAGCTGGGGGACTCAGCTTTGTATTTCTGTGCCAGCAGCGTGGGGGGTGGAAACACCATATATTTTGGAGAG	CASSVGGGNTIYF	1	0.03005711	39	TCRBV09-01	TCRBV09	TCRBV09-01				01,02	TCRBD02-01*01	TCRBD02	TCRBD02-01	1.0				TCRBJ01-03*01	TCRBJ01	TCRBJ01-03	1.0				2	0	9	1	0	3	42	-1	56	-1	62	1	In	VDJ							0.0
1919	GACCAGTGCCCATCCTGAAGACAGCAGCTTCTACATCTGCAGTGCTACAGGGACTAGCGGGGCTCCTACGAGCAGTACTTCGGGCCG		1	0.03005711	44	TCRBV20	TCRBV20	unresolved			TCRBV20-01,TCRBV20-or09_02		TCRBD02-01*01	TCRBD02	TCRBD02-01	1.0				TCRBJ02-07*01	TCRBJ02	TCRBJ02-07	1.0				4	2	0	3	0	0	37	47	49	-1	62	1	Out	VDJ							0.0
1920	CAAAAGAACCCGACAGCTTTCTATCTCTGTGCCAGTAGTGCCTCCGGGACAGGCAACGCAGGCAATCAGCCCCAGCATTTTGGTGAT	CASSASGTGNAGNQPQHF	1	0.03005711	54	TCRBV19-01	TCRBV19	TCRBV19-01				01,02	TCRBD01-01*01	TCRBD01	TCRBD01-01	1.0				TCRBJ01-05*01	TCRBJ01	TCRBJ01-05	1.0				5	6	0	4	8	2	27	39	45	53	61	1	In	VDJ							0.0
1921	ATCCAGCCCTCAGAACCCAGGGACTCAGCTGTGTACTTCTGTGCCAGCAGTTTAAGGACAGGGGAAACTGAAGCTTTCTTTGGACAA	CASSLRTGETEAFF	1	0.03005711	42	TCRBV12	TCRBV12	unresolved			TCRBV12-03,TCRBV12-04		TCRBD01-01*01	TCRBD01	TCRBD01-01	1.0				TCRBJ01-01*01	TCRBJ01	TCRBJ01-01	1.0				2	1	1	2	2	5	39	54	55	64	66	1	In	VDJ							0.0
1922	ATCCTGAGTTCTAAGAAGCTCCTTCTCAGTGACTCTGGCTCCTATCTCTGTGCCTGCGAAGAGAACACTGAAGCTTTCTTTGGACAA	CACEENTEAFF	1	0.03005711	33	TCRBV30-01*01	TCRBV30	TCRBV30-01	1.0				unresolved		unresolved		TCRBD01,TCRBD02	TCRBD01-01,TCRBD02-01		TCRBJ01-01*01	TCRBJ01	TCRBJ01-01	1.0				6	1	2	8	3	1	48	56	57	59	62	1	In	VDJ							0.0
1923	GGAGTCAGGGGACACAGCACTGTATTTCTGTGCCAGCAGCAAAAACTTCGAGCCGGAGTTACGAACACTGAAGCTTTCTTTGGACAA		1	0.03005711	53	TCRBV21-01*01	TCRBV21	TCRBV21-01	1.0				TCRBD02-01*02	TCRBD02	TCRBD02-01	2.0				TCRBJ01-01*01	TCRBJ01	TCRBJ01-01	1.0				2	11	10	2	4	1	28	43	54	58	62	1	Out	VDJ							0.0
1924	AGAGCAGCGGGACTCAGCCATGTATCGCTGTGCTAGCAGCTTGAACCCGGACAGGGGTGGGGGGCCACTGAAGCTTTCTTTGGACAA		1	0.03005711	53	TCRBV07-07*01	TCRBV07	TCRBV07-07	1.0				TCRBD01-01*01	TCRBD01	TCRBD01-01	1.0				TCRBJ01-01*01	TCRBJ01	TCRBJ01-01	1.0				3	6	1	2	8	4	28	42	48	57	65	1	Out	VDJ							0.0
1925	CTGGAGTCCGCTACCAGCTCCCAGACATCTGTGTACTTCTGTGCCATCAGTAACGAGGGTCCGGGCACTGAAGCTTTCTTTGGACAA	CAISNEGPGTEAFF	1	0.03005711	42	TCRBV10-03*01	TCRBV10	TCRBV10-03	1.0				TCRBD02-01*02	TCRBD02	TCRBD02-01	2.0				TCRBJ01-01*01	TCRBJ01	TCRBJ01-01	1.0				5	3	11	0	6	4	39	51	54	59	65	1	In	VDJ							0.0
1926	CTGTCGGCTGCTCCCTCCCAGACATCTGTGTACTTCTGTGCCAGCAGTTATCGGGGACAGGGGGGGACTGAAGCTTTCTTTGGACAA	CASSYRGQGGTEAFF	1	0.03005711	45	TCRBV06-05*01	TCRBV06	TCRBV06-05	1.0				TCRBD01-01*01	TCRBD01	TCRBD01-01	1.0				TCRBJ01-01*01	TCRBJ01	TCRBJ01-01	1.0				3	3	0	1	2	5	36	50	53	64	66	1	In	VDJ							0.0
1927	CCCAGCCCCAACCAGACCTCTCTGTACTTCTGTGCCAGCAGTCTTTCGAGGGGAGGAGGGTACACCGGGGAGCTGTTTTTTGGAGAA	CASSLSRGGGYTGELFF	1	0.03005711	51	TCRBV27-01*01	TCRBV27	TCRBV27-01	1.0				TCRBD02-01*02	TCRBD02	TCRBD02-01	2.0				TCRBJ02-02*01	TCRBJ02	TCRBJ02-02	1.0				5	8	9	1	5	3	30	42	50	56	61	1	In	VDJ							0.0
1928	CTGAAGATCCAGCCCTCAGAACCCAGGGACTCAGCTGTGTACTTCTGTGCCAGCACCAGAGGGGGTTATACGCAGTATTTTGGCCCA	CASTRGGYTQYF	1	0.03005711	36	TCRBV12	TCRBV12	unresolved			TCRBV12-03,TCRBV12-04		TCRBD01-01*01	TCRBD01	TCRBD01-01	1.0				TCRBJ02-03*01	TCRBJ02	TCRBJ02-03	1.0				7	4	5	1	2	7	45	55	59	65	67	1	In	VDJ							0.0
1929	GCTCTCTGGAGCTGGGGGACTCAGCTTTGTATTTCTGTGCCAGCAGCGTTTCCTAGCGGGTCAAAAGAGACCCAGTACTTCGGGCCA		1	0.03005711	46	TCRBV09-01	TCRBV09	TCRBV09-01				01,02	TCRBD02-01	TCRBD02	TCRBD02-01				01,02	TCRBJ02-05*01	TCRBJ02	TCRBJ02-05	1.0				2	3	4	4	4	3	35	49	52	60	64	1	Out	VDJ							0.0
1930	GCCCATCCTGAAGACAGCAGCTTCTACATCTGCAGTGCAAGGGTCATCCTAGCGGGGGCACACCAAGAGACCCAGTACTTCGGGCCA	CSARVILAGAHQETQYF	1	0.03005711	51	TCRBV20	TCRBV20	unresolved			TCRBV20-01,TCRBV20-or09_02		TCRBD02-01*01	TCRBD02	TCRBD02-01	1.0				TCRBJ02-05*01	TCRBJ02	TCRBJ02-05	1.0				6	10	4	2	3	0	30	38	48	58	61	1	In	VDJ							0.0
1931	AACGCCTTGGAGCTGGACGACTCGGCCCTGTATCTCTGTGCCAGCAGCTTCGGCAGGGAGTACCAAGAGACCCAGTACTTCGGGCCA	CASSFGREYQETQYF	1	0.03005711	45	TCRBV05-04*01	TCRBV05	TCRBV05-04	1.0				unresolved		unresolved		TCRBD01,TCRBD02	TCRBD01-01,TCRBD02-01		TCRBJ02-05*01	TCRBJ02	TCRBJ02-05	1.0				2	3	4	3	3	0	36	50	53	58	61	1	In	VDJ							0.0
1932	ATCCAGCGCACAGAGCGGGGGGACTCAGCCGTGTATCTCTGTGCCAGCAGCTTAGGCAGGGAGCAAGAGACCCAGTACTTCGGGCCA	CASSLGREQETQYF	1	0.03005711	42	TCRBV07-03*01	TCRBV07	TCRBV07-03	1.0				unresolved		unresolved		TCRBD01,TCRBD02	TCRBD01-01,TCRBD02-01		TCRBJ02-05*01	TCRBJ02	TCRBJ02-05	1.0				2	2	4	3	2	2	39	54	56	61	63	1	In	VDJ							0.0
1933	GTGACCAGTGCCCATCCTGAAGACAGCAGCTTCTACATCTGCAGTGCGGAGGTGACTAGCGGGGGAGAGACCCAGTACTTCGGGCCA	CSAEVTSGGETQYF	1	0.03005711	42	TCRBV20	TCRBV20	unresolved			TCRBV20-01,TCRBV20-or09_02		TCRBD02-01*01	TCRBD02	TCRBD02-01	1.0				TCRBJ02-05*01	TCRBJ02	TCRBJ02-05	1.0				6	6	2	2	0	4	39	47	53	-1	65	1	In	VDJ							0.0
1934	CACGCCCTGCAGCCAGAAGACTCAGCCCTGTATCTCTGCGCCAGCAGCCTCCGGGACTTAGACAACAATGAGCAGTTCTTCGGGCCA	CASSLRDLDNNEQFF	1	0.03005711	45	TCRBV04-01*01	TCRBV04	TCRBV04-01	1.0				TCRBD02-01	TCRBD02	TCRBD02-01				01,02	TCRBJ02-01*01	TCRBJ02	TCRBJ02-01	1.0				4	3	0	10	6	5	36	49	52	58	64	1	In	VDJ							0.0
1935	CAGCGCACAGAGCAGGGGGACTCGGCCATGTATCTCTGTGCCAGCAGCCCAGGGACAGGGATCTACAATGAGCAGTTCTTCGGGCCA	CASSPGTGIYNEQFF	1	0.03005711	45	TCRBV07-09	TCRBV07	TCRBV07-09				01,03	TCRBD01-01*01	TCRBD01	TCRBD01-01	1.0				TCRBJ02-01*01	TCRBJ02	TCRBJ02-01	1.0				5	3	0	3	2	3	36	48	51	60	62	1	In	VDJ							0.0
1936	CGCACACAGCAGGAGGACTCGGCCGTGTATCTCTGTGCCAGCAGCCCCCAGGGGGCGGGGGGGTACAATGAGCAGTTCTTCGGGCCA	CASSPQGAGGYNEQFF	1	0.03005711	48	TCRBV07-02*01	TCRBV07	TCRBV07-02	1.0				TCRBD02-01*01	TCRBD02	TCRBD02-01	1.0				TCRBJ02-01*01	TCRBJ02	TCRBJ02-01	1.0				5	9	7	0	0	4	33	45	54	-1	63	1	In	VDJ							0.0
1937	TCGGCCATGTATCTCTGTGCCAGCAGCTTAAAGAAATTAGTACTTGGGACTAGCGGGGGAAGAGCCAATGAGCAGTTCTTCGGGCCA	CASSLKKLVLGTSGGRANEQFF	1	0.03005711	66	unresolved		unresolved		TCRBV07,TCRBV11	TCRBV07-09,TCRBV11-01		TCRBD02-01*01	TCRBD02	TCRBD02-01	1.0				TCRBJ02-01*01	TCRBJ02	TCRBJ02-01	1.0				2	15	0	2	6	6	15	30	45	59	65	1	In	VDJ							0.0
1938	CTGGGGTTGGAGTCGGCTGCTCCCTCCCAAACATCTGTGTACTTCTGTGCCAGCAGTTACTCGATTACTAGCCTGTTCTTCGGGCCA	CASSYSITSLFF	1	0.03005711	36	TCRBV06	TCRBV06	unresolved			TCRBV06-02,TCRBV06-03		TCRBD02-01	TCRBD02	TCRBD02-01				01,02	TCRBJ02-01*01	TCRBJ02	TCRBJ02-01	1.0				0	4	3	7	2	15	45	62	66	72	74	1	In	VDJ							0.0
1939	CAGAGCGGGGGGACTCAGCCGTGTATCTCTGTGCCAGCAGCTTAGTGCGGGGCTAGCTCCTATAATTCACCCCTCCACTTTGGGAAC		1	0.03005711	52	TCRBV07-03*01	TCRBV07	TCRBV07-03	1.0				TCRBD02-01*01	TCRBD02	TCRBD02-01	1.0				TCRBJ01-06*01	TCRBJ01	TCRBJ01-06	1.0				2	2	7	3	4	0	29	44	46	52	56	1	Out	VDJ							0.0
1940	TCAGAACCGGGAGACACGGCACTGTATCTCTGCGCCAGCAGTCTGGAGACGGGGCGGCGGTATAATTCACCCCTCCACTTTGGGAAC	CASSLETGRRYNSPLHF	1	0.03005711	51	TCRBV23-01*01	TCRBV23	TCRBV23-01	1.0				unresolved		unresolved		TCRBD01,TCRBD02	TCRBD01-01,TCRBD02-01		TCRBJ01-06*01	TCRBJ01	TCRBJ01-06	1.0				4	7	7	0	5	4	30	43	50	55	60	1	In	VDJ							0.0
1941	GCCAGCACCAACCAGACATCTATGTACCTCTGTGCCAGCAAAGAGGGGGGACCCATGAATGAGGGAAACACCATATATTTTGGAGAG	CASKEGGPMNEGNTIYF	1	0.03005711	51	TCRBV28-01*01	TCRBV28	TCRBV28-01	1.0				unresolved		unresolved		TCRBD01,TCRBD02	TCRBD01-01,TCRBD02-01		TCRBJ01-03*01	TCRBJ01	TCRBJ01-03	1.0				7	3	5	1	14	4	30	40	43	49	63	1	In	VDJ							0.0
1942	CCTCTCACTGTGACATCGGCCCAAAAGAACCCGACAGCTTTCTATCTCTGTGCCAGTAGATCTGGAAACACCATATATTTTGGAGAG	CASRSGNTIYF	1	0.03005711	33	TCRBV19-01	TCRBV19	TCRBV19-01				01,02	unresolved		unresolved					TCRBJ01-03*01	TCRBJ01	TCRBJ01-03	1.0				6	0	0	0	1	1	48	-1	-1	59	60	1	In	VJ							0.0
1943	CCCTCAGAACCCAGGGACTCAGCTGTGTACTTCTGTGCCAGCAGTCCTCAGGCCCCAAGCTCTGGAAACACCATATATTTTGGAGAG	CASSPQAPSSGNTIYF	1	0.03005711	48	TCRBV12	TCRBV12	unresolved			TCRBV12-03,TCRBV12-04		TCRBD01-01*01	TCRBD01	TCRBD01-01	1.0				TCRBJ01-03*01	TCRBJ01	TCRBJ01-03	1.0				5	3	4	4	7	0	33	45	48	52	59	1	In	VDJ							0.0
1944	GTGACATCGGCCCAAAAGAACCCGACAGCTTTCTATCTCTGTGCCAGTAGTAGCCGTGGCCCGGACCACGAGCAGTACTTCGGGCCG	CASSSRGPDHEQYF	1	0.03005711	42	TCRBV19-01	TCRBV19	TCRBV19-01				01,02	unresolved		unresolved		TCRBD01,TCRBD02	TCRBD01-01,TCRBD02-01		TCRBJ02-07*01	TCRBJ02	TCRBJ02-07	1.0				4	10	1	7	1	5	39	52	62	66	67	1	In	VDJ							0.0
1945	TCTAAGAAGCTCCTTCTCAGTGACTCTGGCTTCTATCTCTGTGCCTGGGGGGACACAACAATTCCCTACGAGCAGTACTTCGGGCCG	CAWGDTTIPYEQYF	1	0.03005711	42	TCRBV30-01*01	TCRBV30	TCRBV30-01	1.0				TCRBD01-01*01	TCRBD01	TCRBD01-01	1.0				TCRBJ02-07*01	TCRBJ02	TCRBJ02-07	1.0				5	1	0	6	9	2	39	48	49	55	64	1	In	VDJ							0.0
1946	AATTCCCTGGAGCTTGGTGACTCTGCTGTGTATTTCTGTGCCAGCAGCCACATTCGGGGAGGGCTTTACGAGCAGTACTTCGGGCCG	CASSHIRGGLYEQYF	1	0.03005711	45	TCRBV03	TCRBV03	unresolved			TCRBV03-01,TCRBV03-02		TCRBD02-01*02	TCRBD02	TCRBD02-01	2.0				TCRBJ02-07*01	TCRBJ02	TCRBJ02-07	1.0				3	6	9	0	3	4	36	50	56	63	66	1	In	VDJ							0.0
1947	TCGGCCCAAAAGAACCCGACAGCTTTCTATCTCTGTGCCAGTAGTATTAGACGGATCGGCATATTCTATGGCTACACCTTCGGTTCG	CASSIRRIGIFYGYTF	1	0.03005711	48	TCRBV19-01	TCRBV19	TCRBV19-01				01,02	unresolved		unresolved		TCRBD01,TCRBD02	TCRBD01-01,TCRBD02-01		TCRBJ01-02*01	TCRBJ01	TCRBJ01-02	1.0				3	5	1	8	10	4	33	47	52	55	65	1	In	VDJ							0.0
1948	GAGTCGGCTGCTCCCTCCCAGACATCTGTGTACTTCTGTGCCAGCAGTGACGCGGCGGGGGGCAATCAGCCCCAGCATTTTGGTGAT	CASSDAAGGNQPQHF	1	0.03005711	45	TCRBV06-01*01	TCRBV06	TCRBV06-01	1.0				TCRBD02-01*01	TCRBD02	TCRBD02-01	1.0				TCRBJ01-05*01	TCRBJ01	TCRBJ01-05	1.0				3	4	7	2	0	2	36	50	54	-1	61	1	In	VDJ							0.0
1949	GTGCCTTGGAGCTGGGGGACTCGGCCCTGTATCTCTGTGCCAGAAGCTTGAAAGGGGAGCCCCAACACTGAAGCTTTCTTTGGACAA		1	0.03005711	46	TCRBV05-03	TCRBV05	TCRBV05-03				01,02	unresolved		unresolved		TCRBD01,TCRBD02	TCRBD01-01,TCRBD02-01		TCRBJ01-01*01	TCRBJ01	TCRBJ01-01	1.0				1	2	5	2	6	2	35	50	52	57	63	1	Out	VDJ							0.0
1950	TTGGAGCTGGGGGACTCGGCCCTTTATCTTTGCGCCAGCAGCTTGGGGACAGGGAACCAGATGAACACTGAAGCTTTCTTTGGACAA	CASSLGTGNQMNTEAFF	1	0.03005711	51	TCRBV05-01*01	TCRBV05	TCRBV05-01	1.0				TCRBD01-01*01	TCRBD01	TCRBD01-01	1.0				TCRBJ01-01*01	TCRBJ01	TCRBJ01-01	1.0				0	0	1	3	7	0	30	-1	46	54	61	1	In	VDJ							0.0
1951	GCGTCTGCTGTACCCTCTCAGACATCTGTGTACTTCTGTGCCAGCAGGAGAGCGGACAGGGCAGACACTGAAGCTTTCTTTGGACAA	CASRRADRADTEAFF	1	0.03005711	45	TCRBV06-04	TCRBV06	TCRBV06-04				01,02	TCRBD01-01*01	TCRBD01	TCRBD01-01	1.0				TCRBJ01-01*01	TCRBJ01	TCRBJ01-01	1.0				6	6	1	3	3	3	36	47	53	61	64	1	In	VDJ							0.0
1952	TCCTGTCCTCAGAACCGGGAGACACGGCACTGTATCTCTGCGCCAGCAGTCTCCGGGACAGGGGACACTGAAGCTTTCTTTGGACAA		1	0.03005711	43	TCRBV23-01*01	TCRBV23	TCRBV23-01	1.0				TCRBD01-01*01	TCRBD01	TCRBD01-01	1.0				TCRBJ01-01*01	TCRBJ01	TCRBJ01-01	1.0				4	3	0	2	0	3	38	51	54	-1	64	1	Out	VDJ							0.0
1953	ATCCAGCGCACAGAGCGGGGGGACTCAGCCGTGTATCTCTGTGCCAGCAGCTTATACAGGGGTCTCACTGAAGCTTTCTTTGGACAA	CASSLYRGLTEAFF	1	0.03005711	42	TCRBV07-03*01	TCRBV07	TCRBV07-03	1.0				TCRBD01-01*01	TCRBD01	TCRBD01-01	1.0				TCRBJ01-01*01	TCRBJ01	TCRBJ01-01	1.0				2	1	3	2	3	4	39	54	55	62	65	1	In	VDJ							0.0
1954	CTGGAGTCGGCTGCTCCCTCCCAGACATCTGTGTACTTCTGTGCCAGCAGTGGTCTACAGGGGGCGAGTGAAGCTTTCTTTGGACAA	CASSGLQGASEAFF	1	0.03005711	42	TCRBV06-01*01	TCRBV06	TCRBV06-01	1.0				TCRBD01-01*01	TCRBD01	TCRBD01-01	1.0				TCRBJ01-01*01	TCRBJ01	TCRBJ01-01	1.0				4	4	3	0	3	7	39	52	56	65	68	1	In	VDJ							0.0
1955	GCAGCCTGCAGAACTGGAGGATTCTGGAGTTTATTTCTGTGCCAGCAGCCCGCGGACGGGAACACCGGGGAGCTGTTTTTTGGAGAA		1	0.03005711	44	TCRBV14-01*01	TCRBV14	TCRBV14-01	1.0				unresolved		unresolved		TCRBD01,TCRBD02	TCRBD01-01,TCRBD02-01		TCRBJ02-02*01	TCRBJ02	TCRBJ02-02	1.0				4	3	1	7	2	1	37	50	53	57	59	1	Out	VDJ							0.0
1956	CTGAGCTCTCTGGAGCTGGGGGACTCAGCTTTGTATTTCTGTGCCAGCAGCGTAAGGACGGGGGAAGATACGCAGTATTTTGGCCCA	CASSVRTGEDTQYF	1	0.03005711	42	TCRBV09-01	TCRBV09	TCRBV09-01				01,02	TCRBD02-01*01	TCRBD02	TCRBD02-01	1.0				TCRBJ02-03*01	TCRBJ02	TCRBJ02-03	1.0				1	4	8	2	1	5	39	54	58	64	65	1	In	VDJ							0.0
1957	GCGTCTGCTGTACCCTCTCAGACATCTGTGTACTTCTGTGCCAGCAGTGAAGGAGCGGGGGAAACAGATACGCAGTATTTTGGCCCA	CASSEGAGETDTQYF	1	0.03005711	45	TCRBV06-04	TCRBV06	TCRBV06-04				01,02	TCRBD02-01*01	TCRBD02	TCRBD02-01	1.0				TCRBJ02-03*01	TCRBJ02	TCRBJ02-03	1.0				3	3	6	2	2	3	36	50	53	61	63	1	In	VDJ							0.0
1958	GAGTTGGCTGCTCCCTCCCAGACATCTGTGTACTTCTGTGCCAGCAGTCCGACAGGTCCCTACACAGATACGCAGTATTTTGGCCCA	CASSPTGPYTDTQYF	1	0.03005711	45	TCRBV06-06	TCRBV06	TCRBV06-06				01,02	TCRBD01-01*01	TCRBD01	TCRBD01-01	1.0				TCRBJ02-03*01	TCRBJ02	TCRBJ02-03	1.0				5	2	2	4	6	2	36	48	50	56	62	1	In	VDJ							0.0
1959	GTCCTCAGAACCGGGAGACACGGCACTGTATCTCTGCGCCAGCAGTCGCCGACTAGCGGGAGCACAGATACGCAGTATTTTGGCCCA		1	0.03005711	47	TCRBV23-01*01	TCRBV23	TCRBV23-01	1.0				TCRBD02-01	TCRBD02	TCRBD02-01				01,02	TCRBJ02-03*01	TCRBJ02	TCRBJ02-03	1.0				4	3	2	4	0	0	34	47	50	-1	60	1	Out	VDJ							0.0
1960	GAGTCCGCCAGCACCAACCAGACATCTATGTACCTCTGTGCCAGCAGCCTCAGGTTCCGCGGCACAGATACGCAGTATTTTGGCCCA	CASSLRFRGTDTQYF	1	0.03005711	45	TCRBV28-01*01	TCRBV28	TCRBV28-01	1.0				TCRBD01-01*01	TCRBD01	TCRBD01-01	1.0				TCRBJ02-03*01	TCRBJ02	TCRBJ02-03	1.0				6	3	4	4	7	1	36	47	50	54	61	1	In	VDJ							0.0
1961	CTGACGATCCAGCGCACACAGCAGGAGGACTCGGCCGTGTATCTCTGTGCCAGCAGCCTAAAGACAGATACGCAGTATTTTGGCCCA	CASSLKTDTQYF	1	0.03005711	36	TCRBV07-02*01	TCRBV07	TCRBV07-02	1.0				TCRBD02-01	TCRBD02	TCRBD02-01				01,02	TCRBJ02-03*01	TCRBJ02	TCRBJ02-03	1.0				5	0	4	9	3	3	45	-1	57	60	63	1	In	VDJ							0.0
1962	AGTGCCCATCCTGAAGACAGCAGCTTCTACATCTGCAGTGCTAGAGATTGGGGACTAGCGGGGACAGATACGCAGTATTTTGGCCCA	CSARDWGLAGTDTQYF	1	0.03005711	48	TCRBV20	TCRBV20	unresolved			TCRBV20-01,TCRBV20-or09_02		TCRBD02-01*01	TCRBD02	TCRBD02-01	1.0				TCRBJ02-03*01	TCRBJ02	TCRBJ02-03	1.0				0	3	0	3	0	3	33	47	50	-1	63	1	In	VDJ							0.0
1963	AACGCCTTGGAGCTGGACGACTCGGCCCTGTATCTCTGTGCCAGCAGCTCCGGGACAGGGGTCCAAGAGACCCAGTACTTCGGGCCA	CASSSGTGVQETQYF	1	0.03005711	45	TCRBV05-04*01	TCRBV05	TCRBV05-04	1.0				TCRBD01-01*01	TCRBD01	TCRBD01-01	1.0				TCRBJ02-05*01	TCRBJ02	TCRBJ02-05	1.0				3	2	0	2	1	1	36	49	51	61	62	1	In	VDJ							0.0
1964	CAGCCCTCAGAACCCAGGGACTCAGCTGTGTACTTCTGTGCCAGCAGACTCATCGGGGCAGGGCAAGAGACCCAGTACTTCGGGCCA	CASRLIGAGQETQYF	1	0.03005711	45	TCRBV12	TCRBV12	unresolved			TCRBV12-03,TCRBV12-04		unresolved		unresolved		TCRBD01,TCRBD02	TCRBD01-01,TCRBD02-01		TCRBJ02-05*01	TCRBJ02	TCRBJ02-05	1.0				6	11	4	3	0	2	36	47	58	-1	63	1	In	VDJ							0.0
1965	TTGGAGCTGGGGGACTCGGCCCTTTATCTTTGCGCCAGCAGCTTGCTGACTAGCACCCTCTCTCAAGAGACCCAGTACTTCGGGCCA	CASSLLTSTLSQETQYF	1	0.03005711	51	TCRBV05-01*01	TCRBV05	TCRBV05-01	1.0				TCRBD02-01	TCRBD02	TCRBD02-01				01,02	TCRBJ02-05*01	TCRBJ02	TCRBJ02-05	1.0				1	2	2	7	9	2	30	45	47	54	63	1	In	VDJ							0.0
1966	ACCTTGGAGATCCAGCGCACAGAGCAGGGGGACTCGGCCATGTATCTCTGTGCCAGCAGCTTAGAGGAGACCCAGTACTTCGGGCCA	CASSLEETQYF	1	0.03005711	33	TCRBV07-09	TCRBV07	TCRBV07-09				01,03	unresolved		unresolved		TCRBD01,TCRBD02	TCRBD01-01,TCRBD02-01		TCRBJ02-05*01	TCRBJ02	TCRBJ02-05	1.0				1	0	5	5	0	5	48	-1	64	-1	66	1	In	VDJ							0.0
1967	CAAAAGAACCCGACAGCTTTCTATCTCTGTGCCAGTAGTATAGAGGGGGCCGGCGGACAGGTGGTGAGGGCCCAGTACTTCGGGCCA	CASSIEGAGGQVVRAQYF	1	0.03005711	54	TCRBV19-01	TCRBV19	TCRBV19-01				01,02	TCRBD01-01*01	TCRBD01	TCRBD01-01	1.0				TCRBJ02-05*01	TCRBJ02	TCRBJ02-05	1.0				0	10	1	4	9	9	27	44	54	61	70	1	In	VDJ							0.0
1968	ATCCTGAAGACAGCAGCTTCTACATCTGCAGTGCTAGTAGGCCGGGTTTGGTACAGGGGGAACTACAATGAGCAGTTCTTCGGGCCA		1	0.03005711	55	TCRBV20	TCRBV20	unresolved			TCRBV20-01,TCRBV20-or09_02		TCRBD01-01*01	TCRBD01	TCRBD01-01	1.0				TCRBJ02-01*01	TCRBJ02	TCRBJ02-01	1.0				3	15	3	1	2	3	26	37	52	60	62	1	Out	VDJ							0.0
1969	TCCGCTACCAGCTCCCAGACATCTGTGTACTTCTGTGCCATCAGTAAGAGACAGGGGGGAACCTACAATGAGCAGTTCTTCGGGCCA	CAISKRQGGTYNEQFF	1	0.03005711	48	TCRBV10-03*01	TCRBV10	TCRBV10-03	1.0				TCRBD01-01*01	TCRBD01	TCRBD01-01	1.0				TCRBJ02-01*01	TCRBJ02	TCRBJ02-01	1.0				5	4	2	1	3	2	33	45	49	58	61	1	In	VDJ							0.0
1970	TCGGCTGCTCCCTCCCAGACATCTGTGTACTTCTGTGCCAGCAGTTACCCGAATCCGGGGGGCTACAATGAGCAGTTCTTCGGGCCA	CASSYPNPGGYNEQFF	1	0.03005711	48	TCRBV06-05*01	TCRBV06	TCRBV06-05	1.0				TCRBD02-01*01	TCRBD02	TCRBD02-01	1.0				TCRBJ02-01*01	TCRBJ02	TCRBJ02-01	1.0				2	7	8	1	0	3	33	48	55	-1	62	1	In	VDJ							0.0
1971	TCACCAGGCCTGGGGGACGCAGCCATGTACCTGTGTGCCACCAGCAGAGATTTTTATCTACATAATTCACCCCTCCACTTTGGGAAC	CATSRDFYLHNSPLHF	1	0.03005711	48	TCRBV15-01*01	TCRBV15	TCRBV15-01	1.0				TCRBD02-01	TCRBD02	TCRBD02-01				01,02	TCRBJ01-06*01	TCRBJ01	TCRBJ01-06	1.0				0	7	4	9	1	5	33	50	57	60	61	1	In	VDJ							0.0
1972	CTGTCGGCTGCTCCCTCCCAGACATCTGTGTACTTCTGTGCCAGCAGTTACCGTGGGGGACAAAGAAACATTCAGTACTTCGGCGCC	CASSYRGGQRNIQYF	1	0.03005711	45	TCRBV06-05*01	TCRBV06	TCRBV06-05	1.0				TCRBD01-01*01	TCRBD01	TCRBD01-01	1.0				TCRBJ02-04*01	TCRBJ02	TCRBJ02-04	1.0				2	5	0	6	3	6	36	51	56	62	65	1	In	VDJ							0.0
1973	ACAGAGCAGCGGGACTCGGCCATGTATCGCTGTGCCAGCAGCTTAGCGCCTAGCGGGGGGGCGACCTACGAGCAGTACTTCGGGCCG	CASSLAPSGGATYEQYF	1	0.03005711	51	TCRBV07-06*01	TCRBV07	TCRBV07-06	1.0				TCRBD02-01*01	TCRBD02	TCRBD02-01	1.0				TCRBJ02-07*01	TCRBJ02	TCRBJ02-07	1.0				0	2	4	0	3	2	30	47	49	61	64	1	In	VDJ							0.0
1974	GCCCAAAAGAACCCGACAGCTTTCTATCTCTGTGCCAGTAGTGTGCCCGCTACATCATATAGCAATCAGCCCCAGCATTTTGGTGAT	CASSVPATSYSNQPQHF	1	0.03005711	51	TCRBV19-01	TCRBV19	TCRBV19-01				01,02	unresolved		unresolved		TCRBD01,TCRBD02	TCRBD01-01,TCRBD02-01		TCRBJ01-05*01	TCRBJ01	TCRBJ01-05	1.0				5	9	3	6	5	0	30	42	51	54	59	1	In	VDJ							0.0
1975	CCAGGCCTGGGGGACGCAGCCATGTACCTGTGTGCCACCAGCAGAGATATGGAATCTTTCGAGAATCAGCCCCAGCATTTTGGTGAT	CATSRDMESFENQPQHF	1	0.03005711	51	TCRBV15-01*01	TCRBV15	TCRBV15-01	1.0				unresolved		unresolved		TCRBD01,TCRBD02	TCRBD01-01,TCRBD02-01		TCRBJ01-05*01	TCRBJ01	TCRBJ01-05	1.0				0	3	1	8	10	4	30	47	50	53	63	1	In	VDJ							0.0
1976	GTGACATCGGCCCAAAAGAACCCGACAGCTTTCTATCTCTGTGCCAGTAGATATGGGACAGACGGTCAGCCCCAGCATTTTGGTGAT	CASRYGTDGQPQHF	1	0.03005711	42	TCRBV19-01	TCRBV19	TCRBV19-01				01,02	TCRBD01-01*01	TCRBD01	TCRBD01-01	1.0				TCRBJ01-05*01	TCRBJ01	TCRBJ01-05	1.0				6	4	0	5	4	6	39	50	54	61	65	1	In	VDJ							0.0
1977	TTGGCGTCTGCTGTACCCTCTCAGACATCTGTGTACTTCTGTGCCAGCAGTGTTGAGGGCGGGGTTCAGCCCCAGCATTTTGGTGAT	CASSVEGGVQPQHF	1	0.03005711	42	TCRBV06-04	TCRBV06	TCRBV06-04				01,02	TCRBD02-01*01	TCRBD02	TCRBD02-01	1.0				TCRBJ01-05*01	TCRBJ01	TCRBJ01-05	1.0				4	6	7	3	1	6	39	52	58	64	65	1	In	VDJ							0.0
1978	TGTGACATCGGCCCAAAAGAACCCGACAGCTTTCTATCTCTGTGCCAGTATAGGGACAGGGACAATGAAAAACTGTTTTTTGGCAGT		1	0.03005711	41	TCRBV19-01	TCRBV19	TCRBV19-01				01,02	TCRBD01-01*01	TCRBD01	TCRBD01-01	1.0				TCRBJ01-04*01	TCRBJ01	TCRBJ01-04	1.0				7	2	0	3	2	5	40	50	52	61	63	1	Out	VDJ							0.0
1979	GTGAACGCCTTGGAGCTGGACGACTCGGCCCTGTATCTCTGTGCCAGCAGTCCAGCAGTAACTAATGAAAAACTGTTTTTTGGCAGT	CASSPAVTNEKLFF	1	0.03005711	42	TCRBV05-04*01	TCRBV05	TCRBV05-04	1.0				unresolved		unresolved		TCRBD01,TCRBD02	TCRBD01-01,TCRBD02-01		TCRBJ01-04*01	TCRBJ01	TCRBJ01-04	1.0				5	2	4	5	4	1	39	50	52	55	59	1	In	VDJ							0.0
1980	CTGAGCTCTCTGGAGCTGGGGGACTCAGCTTTGTATTTCTGTGCCAGCAGCTCCCAAACCGGGGGCACGAAACTGTTTTTTGGCAGT	CASSSQTGGTKLFF	1	0.03005711	42	TCRBV09-01	TCRBV09	TCRBV09-01				01,02	unresolved		unresolved		TCRBD01,TCRBD02	TCRBD01-01,TCRBD02-01		TCRBJ01-04*01	TCRBJ01	TCRBJ01-04	1.0				4	9	6	0	3	11	39	51	60	66	69	1	In	VDJ							0.0
1981	GCCTTGGAGCTGGACGACTCGGCCCTGTATCTCTGTGCCAGCAGCCCCCGGACAGGGAGAGTGAACACTGAAGCTTTCTTTGGACAA	CASSPRTGRVNTEAFF	1	0.03005711	48	TCRBV05-04*01	TCRBV05	TCRBV05-04	1.0				TCRBD01-01*01	TCRBD01	TCRBD01-01	1.0				TCRBJ01-01*01	TCRBJ01	TCRBJ01-01	1.0				4	4	1	3	4	0	33	45	49	57	61	1	In	VDJ							0.0
1982	GTGACATCGGCCCAAAAGAACCCGACAGCTTTCTATCTCTGTGCCAGTAGTATAGGTGGGTTGAACACTGAAGCTTTCTTTGGACAA	CASSIGGLNTEAFF	1	0.03005711	42	TCRBV19-01	TCRBV19	TCRBV19-01				01,02	unresolved		unresolved		TCRBD01,TCRBD02	TCRBD01-01,TCRBD02-01		TCRBJ01-01*01	TCRBJ01	TCRBJ01-01	1.0				1	2	0	9	1	0	39	55	57	60	61	1	In	VDJ							0.0
1983	GCTGCTCCCTCCCAGACATCTGTGTACTTCTGTGCCAGCAGTTACTCCCTTGGAGGGGGGCTGGGCACTGAAGCTTTCTTTGGACAA	CASSYSLGGGLGTEAFF	1	0.03005711	51	TCRBV06	TCRBV06	unresolved			TCRBV06-05,TCRBV06-06		unresolved		unresolved		TCRBD01,TCRBD02	TCRBD01-01,TCRBD02-01		TCRBJ01-01*01	TCRBJ01	TCRBJ01-01	1.0				0	6	5	1	6	4	30	47	53	59	65	1	In	VDJ							0.0
1984	GTGACATCGGCCCAAAAGAACCCGACAGCTTTCTATCTCTGTGCCAGTAGTATGACAGGGCCTGGGACTGAAGCTTTCTTTGGACAA	CASSMTGPGTEAFF	1	0.03005711	42	TCRBV19-01	TCRBV19	TCRBV19-01				01,02	TCRBD01-01*01	TCRBD01	TCRBD01-01	1.0				TCRBJ01-01*01	TCRBJ01	TCRBJ01-01	1.0				3	0	2	3	6	5	39	-1	53	60	66	1	In	VDJ							0.0
1985	CGCACAGAGCAGGGGGACTCGGCCATGTATCTCTGTGCCAGCAGCGACTCCCTCAGTTCGGGTTTTCCTGGAGCTTTCTTTGGACAA	CASSDSLSSGFPGAFF	1	0.03005711	48	TCRBV07-09	TCRBV07	TCRBV07-09				01,03	TCRBD02-01	TCRBD02	TCRBD02-01				01,02	TCRBJ01-01*01	TCRBJ01	TCRBJ01-01	1.0				5	0	2	10	22	10	33	-1	45	49	71	1	In	VDJ							0.0
1986	CCCTCCCAGACATCTGTGTACTTCTGTGCCAGCAGTGATCCGGGACAGGGGCGTTTTGGGGTCTCCGGGGAGCTGTTTTTTGGAGAA	CASSDPGQGRFGVSGELFF	1	0.03005711	57	TCRBV06-01*01	TCRBV06	TCRBV06-01	1.0				TCRBD01-01*01	TCRBD01	TCRBD01-01	1.0				TCRBJ02-02*01	TCRBJ02	TCRBJ02-02	1.0				3	3	0	2	13	6	24	38	41	51	64	1	In	VDJ							0.0
1987	ATCCAGCCCTCAGAACCCAGGGACTCAGCTGTGTACTTCTGTGCCAGCACCCCCGGGGGGCAGGTCGGGGAGCTGTTTTTTGGAGAA	CASTPGGQVGELFF	1	0.03005711	42	TCRBV12	TCRBV12	unresolved			TCRBV12-03,TCRBV12-04		TCRBD02-01*01	TCRBD02	TCRBD02-01	1.0				TCRBJ02-02*01	TCRBJ02	TCRBJ02-02	1.0				7	4	8	1	5	7	39	49	53	60	65	1	In	VDJ							0.0
1988	AATGTGAACGCCTTGGAGCTGGACGACTCGGCCCTGTATCTCTGTGCCAGCAGCTGGGTGGACACAGATACGCAGTATTTTGGCCCA	CASSWVDTDTQYF	1	0.03005711	39	TCRBV05-04*01	TCRBV05	TCRBV05-04	1.0				unresolved		unresolved		TCRBD01,TCRBD02	TCRBD01-01,TCRBD02-01		TCRBJ02-03*01	TCRBJ02	TCRBJ02-03	1.0				3	0	0	9	4	2	42	-1	55	58	62	1	In	VDJ							0.0
1989	TGGCTGCTCCCTCCCAGACATCTGTGTACTTCTGTGCCAGCTCGAAACCGGGACAATTCCTGCACAGATACGCAGTATTTTGGCCCA		1	0.03005711	49	TCRBV06-06	TCRBV06	TCRBV06-06				01,02	TCRBD01-01*01	TCRBD01	TCRBD01-01	1.0				TCRBJ02-03*01	TCRBJ02	TCRBJ02-03	1.0				8	8	0	6	6	1	32	41	49	55	61	1	Out	VDJ							0.0
1990	ACCAGTGCCCATCCTGAAGACAGCAGCTTCTACATCTGCAGTGCTAGAGAATCGAGCGGTAGGCCAGATACGCAGTATTTTGGCCCA	CSARESSGRPDTQYF	1	0.03005711	45	TCRBV20	TCRBV20	unresolved			TCRBV20-01,TCRBV20-or09_02		TCRBD02-01	TCRBD02	TCRBD02-01				01,02	TCRBJ02-03*01	TCRBJ02	TCRBJ02-03	1.0				0	4	6	5	5	4	36	50	54	59	64	1	In	VDJ							0.0
1991	CCGCTACCAGCTCCCAGACATCTGTGTACTTCTGTGCCATCAGTGAGTCGACTGTGCCGGGTAGGAGATACGCAGTATTTTGGCCCA		1	0.03005711	49	TCRBV10-03*01	TCRBV10	TCRBV10-03	1.0				TCRBD02-01	TCRBD02	TCRBD02-01				01,02	TCRBJ02-03*01	TCRBJ02	TCRBJ02-03	1.0				0	0	2	10	12	5	32	-1	49	53	65	1	Out	VDJ							0.0
1992	ATCCAGCAGGTAGTGCGAGGAGATTCGGCAGCTTATTTCTGTGCCAGCTCACTAGGACTAACCATAGATACGCAGTATTTTGGCCCA	CASSLGLTIDTQYF	1	0.03005711	42	TCRBV18-01*01	TCRBV18	TCRBV18-01	1.0				TCRBD02-01	TCRBD02	TCRBD02-01				01,02	TCRBJ02-03*01	TCRBJ02	TCRBJ02-03	1.0				4	2	1	9	5	5	39	52	54	60	65	1	In	VDJ							0.0
1993	ATCCAGCGCACAGAGCAGCGGGACTCGGCCATGTATCGCTGTGCCAGCAGCCAACTAGCGGGGGGGGAAACCCAGTACTTCGGGCCA	CASSQLAGGETQYF	1	0.03005711	42	TCRBV07-06*01	TCRBV07	TCRBV07-06	1.0				TCRBD02-01*01	TCRBD02	TCRBD02-01	1.0				TCRBJ02-05*01	TCRBJ02	TCRBJ02-05	1.0				5	2	3	0	3	8	39	51	53	66	69	1	In	VDJ							0.0
1994	CACACCCTGCAGCCAGAAGACTCGGCCCTGTATCTCTGTGCCAGCAGCCAAGATGAGCGGGAAAAAGAGACCCAGTACTTCGGGCCA	CASSQDEREKETQYF	1	0.03005711	45	TCRBV04-02*01	TCRBV04	TCRBV04-02	1.0				TCRBD02-01*02	TCRBD02	TCRBD02-01	2.0				TCRBJ02-05*01	TCRBJ02	TCRBJ02-05	1.0				0	2	6	3	2	3	36	53	55	62	64	1	In	VDJ							0.0
1995	GTGACCAGTGCCCATCCTGAAGACAGCAGCTTCTACATCTGCAGTGCTAGTTTACTAGCGGGGCAAGAGACCCAGTACTTCGGGCCA	CSASLLAGQETQYF	1	0.03005711	42	TCRBV20	TCRBV20	unresolved			TCRBV20-01,TCRBV20-or09_02		TCRBD02-01*01	TCRBD02	TCRBD02-01	1.0				TCRBJ02-05*01	TCRBJ02	TCRBJ02-05	1.0				3	3	3	3	0	2	39	50	53	-1	63	1	In	VDJ							0.0
1996	CTGAGCTCTCTGGAGCTGGGGGACTCAGCTTTGTATTTCTGTGCCAGCAGCGGATCCTATCTGGGAGAGACCCAGTACTTCGGGCCA	CASSGSYLGETQYF	1	0.03005711	42	TCRBV09-01	TCRBV09	TCRBV09-01				01,02	unresolved		unresolved		TCRBD01,TCRBD02	TCRBD01-01,TCRBD02-01		TCRBJ02-05*01	TCRBJ02	TCRBJ02-05	1.0				3	10	0	9	0	4	39	52	62	-1	65	1	In	VDJ							0.0
1997	ACGATTCAGCGCACAGAGCAGCGGGACTCAGCCATGTATCGCTGTGCTAGCAGCGCTGACGGGGTGGGGACCCAGTACTTCGGGCCA	CASSADGVGTQYF	1	0.03005711	39	TCRBV07-07*01	TCRBV07	TCRBV07-07	1.0				TCRBD02-01*01	TCRBD02	TCRBD02-01	1.0				TCRBJ02-05*01	TCRBJ02	TCRBJ02-05	1.0				5	5	8	3	4	7	42	54	59	64	68	1	In	VDJ							0.0
1998	ACGTTGGCGTCTGCTGTACCCTCTCAGACATCTGTGTACTTCTGTGCCAGCAGTGACCCAGGGACTCAAGAGCAGTTCTTCGGGCCA	CASSDPGTQEQFF	1	0.03005711	39	TCRBV06-04	TCRBV06	TCRBV06-04				01,02	TCRBD02-01	TCRBD02	TCRBD02-01				01,02	TCRBJ02-01*01	TCRBJ02	TCRBJ02-01	1.0				2	3	0	10	3	10	42	57	60	66	69	1	In	VDJ							0.0
1999	GTGACCAGTGCCCATCCTGAAGACAGCAGCTTCTACATCTGCAGTGCTAGAATTACCGGGACGCCAGGGGAGCAGTTCTTCGGGCCA	CSARITGTPGEQFF	1	0.03005711	42	TCRBV20	TCRBV20	unresolved			TCRBV20-01,TCRBV20-or09_02		unresolved		unresolved		TCRBD01,TCRBD02	TCRBD01-01,TCRBD02-01		TCRBJ02-01*01	TCRBJ02	TCRBJ02-01	1.0				2	6	0	7	7	10	39	51	57	62	69	1	In	VDJ							0.0
2000	CACGGAGTCAGGGGACACAGCACTGTATTTCTGTGCCACAATAACCGGACTAGCGGGGGACCCTACAATGAGCAGTTCTTCGGGCCA		1	0.03005711	50	TCRBV21-01*01	TCRBV21	TCRBV21-01	1.0				TCRBD02-01*01	TCRBD02	TCRBD02-01	1.0				TCRBJ02-01*01	TCRBJ02	TCRBJ02-01	1.0				10	8	1	2	2	2	31	38	46	59	61	1	Out	VDJ							0.0
2001	ACATCGGCCCAAAAGAACCCGACAGCTTTCTATCTCTGTGCCAGTAGTATTTTACTTAGCTCCTACAATGAGCAGTTCTTCGGGCCA	CASSILLSSYNEQFF	1	0.03005711	45	TCRBV19-01	TCRBV19	TCRBV19-01				01,02	TCRBD02-01	TCRBD02	TCRBD02-01				01,02	TCRBJ02-01*01	TCRBJ02	TCRBJ02-01	1.0				3	3	3	10	3	0	36	50	53	56	59	1	In	VDJ							0.0
2002	TGACATCGGCCCAAAAGAACCCGACAGCTTTCTATCTCTGTGCCGAGGAGGCGGGACAGGGGGCTGAATGAGCAGTTCTTCGGGCCA		1	0.03005711	43	TCRBV19-01	TCRBV19	TCRBV19-01				01,02	TCRBD01-01*01	TCRBD01	TCRBD01-01	1.0				TCRBJ02-01*01	TCRBJ02	TCRBJ02-01	1.0				11	8	0	0	2	7	38	44	52	64	66	1	Out	VDJ							0.0
2003	ACCAGTGCCCATCCTGAAGACAGCAGCTTCTACATCTGCAGTGCTAACTATCCCGGGGCCTACAACGATGAGCAGTTCTTCGGGCCA	CSANYPGAYNDEQFF	1	0.03005711	45	TCRBV20	TCRBV20	unresolved			TCRBV20-01,TCRBV20-or09_02		unresolved		unresolved		TCRBD01,TCRBD02	TCRBD01-01,TCRBD02-01		TCRBJ02-01*01	TCRBJ02	TCRBJ02-01	1.0				4	8	7	0	8	8	36	46	54	59	67	1	In	VDJ							0.0
2004	AATTCCCTGGAGCTTGGTGACTCTGCTGTGTATTTCTGTGCCAGCAGCACCACAGGGGACCCGGCCCACGAGCAGTACTTCGGGCCG	CASSTTGDPAHEQYF	1	0.03005711	45	TCRBV03	TCRBV03	unresolved			TCRBV03-01,TCRBV03-02		TCRBD01-01*01	TCRBD01	TCRBD01-01	1.0				TCRBJ02-07*01	TCRBJ02	TCRBJ02-07	1.0				5	3	3	2	9	5	36	48	51	58	67	1	In	VDJ							0.0
2005	GCCTGCAGAGCTTGGGGACTCGGCCGTGTATCTCTGTGCCAGCAGCTTTGGGCTGACAGGTGGAGGTCCGAGCAGTACTTCGGGCCG		1	0.03005711	47	TCRBV11-03*01	TCRBV11	TCRBV11-03	1.0				TCRBD01-01*01	TCRBD01	TCRBD01-01	1.0				TCRBJ02-07*01	TCRBJ02	TCRBJ02-07	1.0				3	6	2	4	8	6	34	48	54	60	68	1	Out	VDJ							0.0
2006	CAGCGCACAGAGCGGGGGGACTCAGCCGTGTATCTCTGTGCCAGCAGCTCTAACCCGGTAGGGTTAGAGGGCTACACCTTCGGTTCG	CASSSNPVGLEGYTF	1	0.03005711	45	TCRBV07-03*01	TCRBV07	TCRBV07-03	1.0				unresolved		unresolved		TCRBD01,TCRBD02	TCRBD01-01,TCRBD02-01		TCRBJ01-02*01	TCRBJ01	TCRBJ01-02	1.0				4	10	5	3	6	8	36	49	59	63	69	1	In	VDJ							0.0
2007	ACGTTGGCGTCTGCTGTACCCTCTCAGACATCTGTGTACTTCTGTGCCAGCAGTGTGTTTAGCAATCAGCCCCAGCATTTTGGTGAT	CASSVFSNQPQHF	1	0.03005711	39	TCRBV06-04	TCRBV06	TCRBV06-04				01,02	unresolved		unresolved					TCRBJ01-05*01	TCRBJ01	TCRBJ01-05	1.0				4	0	0	0	4	0	42	-1	-1	55	59	1	In	VJ							0.0
2008	CTGGAGTCCGCTACCAGCTCCCAGACATCTGTGTACTTCTGTGCCATCGGAGGGGCAGGGGTTGGAGAAAAACTGTTTTTTGGCAGT	CAIGGAGVGEKLFF	1	0.03005711	42	TCRBV10-03*01	TCRBV10	TCRBV10-03	1.0				unresolved		unresolved		TCRBD01,TCRBD02	TCRBD01-01,TCRBD02-01		TCRBJ01-04*01	TCRBJ01	TCRBJ01-04	1.0				8	7	4	2	5	8	39	48	55	61	66	1	In	VDJ							0.0
2009	GCCTTGTTGCTGGGGGACTCGGCCCTGTATCTCTGTGCCAGCAGCTTGATCAGGGTCCGGGGGAACACTGAAGCTTTCTTTGGACAA	CASSLIRVRGNTEAFF	1	0.03005711	48	TCRBV05-05*01	TCRBV05	TCRBV05-05	1.0				unresolved		unresolved		TCRBD01,TCRBD02	TCRBD01-01,TCRBD02-01		TCRBJ01-01*01	TCRBJ01	TCRBJ01-01	1.0				1	2	4	3	7	1	33	48	50	55	62	1	In	VDJ							0.0
2010	TCGGCCCAAAAGAACCCGACAGCTTTCTATCTCTGTGCCAGTAGTATAGGACAGGGACAAATGAACACTGAAGCTTTCTTTGGACAA	CASSIGQGQMNTEAFF	1	0.03005711	48	TCRBV19-01	TCRBV19	TCRBV19-01				01,02	TCRBD01-01*01	TCRBD01	TCRBD01-01	1.0				TCRBJ01-01*01	TCRBJ01	TCRBJ01-01	1.0				1	0	2	3	5	0	33	-1	49	56	61	1	In	VDJ							0.0
2011	ATCCAGTCCACGGAGTCAGGGGACACAGCACTGTATTTCTGTGCCAGCAGCAAAGTGTGGTCATATAGTGAAGCTTTCTTTGGACAA	CASSKVWSYSEAFF	1	0.03005711	42	TCRBV21-01*01	TCRBV21	TCRBV21-01	1.0				TCRBD02-01	TCRBD02	TCRBD02-01				01,02	TCRBJ01-01*01	TCRBJ01	TCRBJ01-01	1.0				1	10	5	8	0	7	39	55	65	-1	68	1	In	VDJ							0.0
2012	CGGTCCACAAAGCTGGAGGACTCAGCCATGTACTTCTGTGCCAGCAGTGAATGGTTACCGAACACCGGGGAGCTGTTTTTTGGAGAA	CASSEWLPNTGELFF	1	0.03005711	45	TCRBV02-01*01	TCRBV02	TCRBV02-01	1.0				unresolved		unresolved		TCRBD01,TCRBD02	TCRBD01-01,TCRBD02-01		TCRBJ02-02*01	TCRBJ02	TCRBJ02-02	1.0				2	1	0	10	4	0	36	51	52	54	58	1	In	VDJ							0.0
2013	AGCACCTTGGAGCTGGGGGACTCGGCCCTTTATCTTTGCGCCAGCAGGCCCACCGGGACATACACCGGGGAGCTGTTTTTTGGAGAA	CASRPTGTYTGELFF	1	0.03005711	45	TCRBV05-01*01	TCRBV05	TCRBV05-01	1.0				TCRBD01-01*01	TCRBD01	TCRBD01-01	1.0				TCRBJ02-02*01	TCRBJ02	TCRBJ02-02	1.0				5	7	0	6	1	3	36	47	54	60	61	1	In	VDJ							0.0
2014	CAGCGCACAGAGCAGGGGGACTCGGCCATGTATCTCTGTGCCAGCAGTCGACGGGGAGTTAGCACAGATACGCAGTATTTTGGCCCA	CASSRRGVSTDTQYF	1	0.03005711	45	TCRBV07-09	TCRBV07	TCRBV07-09				01,03	TCRBD02-01	TCRBD02	TCRBD02-01				01,02	TCRBJ02-03*01	TCRBJ02	TCRBJ02-03	1.0				6	4	8	3	4	0	36	47	51	56	60	1	In	VDJ							0.0
2015	GTGAGCACCTTGGAGCTGGGGGACTCGGCCCTTTATCTTTGCGCCAGCAGCTTGGGCGTTCGCACAGATACGCAGTATTTTGGCCCA	CASSLGVRTDTQYF	1	0.03005711	42	TCRBV05-01*01	TCRBV05	TCRBV05-01	1.0				TCRBD02-01	TCRBD02	TCRBD02-01				01,02	TCRBJ02-03*01	TCRBJ02	TCRBJ02-03	1.0				0	0	7	6	3	1	39	-1	55	58	61	1	In	VDJ							0.0
2016	CACCTTGGAGCTGGGGGACTCGGCCCTTTATCTTTGCGCCAGCAGCTTGGACGACTGGAACTCACAGATACGCAGTATTTTGGCCCA		1	0.03005711	47	TCRBV05-01*01	TCRBV05	TCRBV05-01	1.0				TCRBD02-01	TCRBD02	TCRBD02-01				01,02	TCRBJ02-03*01	TCRBJ02	TCRBJ02-03	1.0				0	2	2	10	6	2	34	50	52	56	62	1	Out	VDJ							0.0
2017	CTCAGGCTGCTGTCGGCTGCTCCCTCCCAGACATCTGTGTACTTCTGTGCCAGCAGTGCAGGGTTAGATACGCAGTATTTTGGCCCA	CASSAGLDTQYF	1	0.03005711	36	TCRBV06-05*01	TCRBV06	TCRBV06-05	1.0				TCRBD01-01*01	TCRBD01	TCRBD01-01	1.0				TCRBJ02-03*01	TCRBJ02	TCRBJ02-03	1.0				5	1	4	3	2	5	45	57	58	63	65	1	In	VDJ							0.0
2018	CTCACTGTGACATCGGCCCAAAAGAACCCGACAGCTTTCTATCTCTGTGCCAGTAGTATGGGTCAAGAGACCCAGTACTTCGGGCCA	CASSMGQETQYF	1	0.03005711	36	TCRBV19-01	TCRBV19	TCRBV19-01				01,02	unresolved		unresolved		TCRBD01,TCRBD02	TCRBD01-01,TCRBD02-01		TCRBJ02-05*01	TCRBJ02	TCRBJ02-05	1.0				3	0	0	9	1	2	45	-1	59	62	63	1	In	VDJ							0.0
2019	CAGCGCACACAGCAGGAGGACTCGGCCGTGTATCTCTGTGCCAGCAGCTTAGGCCGGAGCTCCTACAATGAGCAGTTCTTCGGGCCA	CASSLGRSSYNEQFF	1	0.03005711	45	TCRBV07-02*01	TCRBV07	TCRBV07-02	1.0				TCRBD02-01*02	TCRBD02	TCRBD02-01	2.0				TCRBJ02-01*01	TCRBJ02	TCRBJ02-01	1.0				1	3	10	2	0	0	36	52	55	-1	59	1	In	VDJ							0.0
2020	TGCAGCCAGAAGACTCGGCCCTGTATCTCTGCGCCAGCAGCCAAGCCCCGGACTTACCAGTCCTACAATGAGCAGTTCTTCGGGCCA		1	0.03005711	52	TCRBV04-03*01	TCRBV04	TCRBV04-03	1.0				TCRBD02-01	TCRBD02	TCRBD02-01				01,02	TCRBJ02-01*01	TCRBJ02	TCRBJ02-01	1.0				1	4	1	10	6	1	29	45	49	54	60	1	Out	VDJ							0.0
2021	TCACCAGGCCTGGGGGACGCAGCCATGTACCTGTGTGCCACCAGCAGAACTCCTAGCGGGGCTTACAATGAGCAGTTCTTCGGGCCA	CATSRTPSGAYNEQFF	1	0.03005711	48	TCRBV15-01*01	TCRBV15	TCRBV15-01	1.0				TCRBD02-01*01	TCRBD02	TCRBD02-01	1.0				TCRBJ02-01*01	TCRBJ02	TCRBJ02-01	1.0				2	4	4	3	2	4	33	48	52	61	63	1	In	VDJ							0.0
2022	CAGCCCTCAGAACCCAGGGACTCAGCTGTGTACTTCTGTGCCAGCAGCCCCACTAGCGGAGTTTACAATGAGCAGTTCTTCGGGCCA	CASSPTSGVYNEQFF	1	0.03005711	45	TCRBV12	TCRBV12	unresolved			TCRBV12-03,TCRBV12-04		TCRBD02-01	TCRBD02	TCRBD02-01				01,02	TCRBJ02-01*01	TCRBJ02	TCRBJ02-01	1.0				6	4	3	5	4	4	36	47	51	59	63	1	In	VDJ							0.0
2023	CAGCCCTCAGAACCCAGGGACTCAGCTGTGTACTTCTGTGCCAGCAGTCGGGGGGGACGAGTGGGGAATGAGCAGTTCTTCGGGCCA	CASSRGGRVGNEQFF	1	0.03005711	45	TCRBV12	TCRBV12	unresolved			TCRBV12-03,TCRBV12-04		TCRBD02-01*01	TCRBD02	TCRBD02-01	1.0				TCRBJ02-01*01	TCRBJ02	TCRBJ02-01	1.0				5	0	8	0	10	7	36	-1	48	56	66	1	In	VDJ							0.0
2024	AGCTCTCTGGAGCTGGGGGACTCAGCTTTGTATTTCTGTGCCAGCAGCGCTACTCGAGGGGCTGGGGCACCCCTCCACTTTGGGAAC	CASSATRGAGAPLHF	1	0.03005711	45	TCRBV09-01	TCRBV09	TCRBV09-01				01,02	unresolved		unresolved		TCRBD01,TCRBD02	TCRBD01-01,TCRBD02-01		TCRBJ01-06*01	TCRBJ01	TCRBJ01-06	1.0				3	7	5	2	6	11	36	49	56	61	67	1	In	VDJ							0.0
2025	ACATCGGCCCAAAAGAACCCGACAGCTTTCTATCTCTGTGCCAGTAGTTTAAGACAGGGGGGGAATTCACCCCTCCACTTTGGGAAC	CASSLRQGGNSPLHF	1	0.03005711	45	TCRBV19-01	TCRBV19	TCRBV19-01				01,02	TCRBD01-01*01	TCRBD01	TCRBD01-01	1.0				TCRBJ01-06*01	TCRBJ01	TCRBJ01-06	1.0				5	4	2	1	2	7	36	48	52	61	63	1	In	VDJ							0.0
2026	CCAGAAGACTCGGCCCTGTATCTCTGCGCCAGCAGCTCCAAGATTTGTAGGACTAGCGGGGGGGTGGGCATTCAGTACTTCGGCGCC	CASSSKICRTSGGVGIQYF	1	0.03005711	57	TCRBV04-03*01	TCRBV04	TCRBV04-03	1.0				TCRBD02-01*01	TCRBD02	TCRBD02-01	1.0				TCRBJ02-04*01	TCRBJ02	TCRBJ02-04	1.0				5	13	1	0	4	9	24	36	49	64	68	1	In	VDJ							0.0
2027	AGTGCCTTGGAGCTGGGGGACTCGGCCCTGTATCTCTGTGCCAGAAGCCTCGGACAGGACCGAGGAAACACCATATATTTTGGAGAG	CARSLGQDRGNTIYF	1	0.03005711	45	TCRBV05-03	TCRBV05	TCRBV05-03				01,02	TCRBD01-01*01	TCRBD01	TCRBD01-01	1.0				TCRBJ01-03*01	TCRBJ01	TCRBJ01-03	1.0				4	3	1	4	5	4	36	48	51	58	63	1	In	VDJ							0.0
2028	CCAGTCCACGGAGTCAGGGGACACAGCACTGTATTTCTGTGCCAGCAACAGGATCTGCGGACAGACAACGAGCAGTACTTCGGGCCG		1	0.03005711	44	TCRBV21-01*01	TCRBV21	TCRBV21-01	1.0				TCRBD01-01*01	TCRBD01	TCRBD01-01	1.0				TCRBJ02-07*01	TCRBJ02	TCRBJ02-07	1.0				7	11	1	5	3	5	37	47	58	64	67	1	Out	VDJ							0.0
2029	ACACAGCAGGAGGACTCCGCCGTGTATCTCTGTGCCAGCAGCTTAGCCTGGTCGACATTGAACTCCTACGAGCAGTACTTCGGGCCG	CASSLAWSTLNSYEQYF	1	0.03005711	51	TCRBV07-08*01	TCRBV07	TCRBV07-08	1.0				TCRBD01-01*01	TCRBD01	TCRBD01-01	1.0				TCRBJ02-07*01	TCRBJ02	TCRBJ02-07	1.0				0	6	2	6	5	0	30	47	53	57	62	1	In	VDJ							0.0
2030	ACCCTGCGGCCAGAAGACTCGGCCCTGTATCTCTGCGCCAGCAGCCAAGATCGAGGCCTAGCGGGTGGCGAGCAGTACTTCGGGCCG	CASSQDRGLAGGEQYF	1	0.03005711	48	TCRBV04-03*01	TCRBV04	TCRBV04-03	1.0				TCRBD02-01	TCRBD02	TCRBD02-01				01,02	TCRBJ02-07*01	TCRBJ02	TCRBJ02-07	1.0				0	7	4	4	3	6	33	50	57	65	68	1	In	VDJ							0.0
2031	ATCAATTCCCTGGAGCTTGGTGACTCTGCTGTGTATTTCTGTGCCAGCAGCCAGAGGGGGCGGCACTATGGCTACACCTTCGGTTCG	CASSQRGRHYGYTF	1	0.03005711	42	TCRBV03	TCRBV03	unresolved			TCRBV03-01,TCRBV03-02		TCRBD01-01*01	TCRBD01	TCRBD01-01	1.0				TCRBJ01-02*01	TCRBJ01	TCRBJ01-02	1.0				3	1	5	0	3	3	39	53	54	61	64	1	In	VDJ							0.0
2032	GTGACATCGGCCCAAAAGAACCCGACAGCTTTCTATCTCTGTGCCAGTAGTCCCGAGGGGTTGTACTATGGCTACACCTTCGGTTCG	CASSPEGLYYGYTF	1	0.03005711	42	TCRBV19-01	TCRBV19	TCRBV19-01				01,02	unresolved		unresolved		TCRBD01,TCRBD02	TCRBD01-01,TCRBD02-01		TCRBJ01-02*01	TCRBJ01	TCRBJ01-02	1.0				5	4	5	2	4	3	39	51	55	60	64	1	In	VDJ							0.0
2033	GTGACATCGGCCCAAAAGAACCCGACAGCTTTCTATCTCTGTGCCAGGGGGGACAGGGGGTTCAATCAGCCCCAGCATTTTGGTGAT	CARGDRGFNQPQHF	1	0.03005711	42	TCRBV19-01	TCRBV19	TCRBV19-01				01,02	TCRBD01-01*01	TCRBD01	TCRBD01-01	1.0				TCRBJ01-05*01	TCRBJ01	TCRBJ01-05	1.0				9	2	0	1	2	3	39	47	49	60	62	1	In	VDJ							0.0
2034	TGGAGCTGGGGGACTCAGCTTTGTATTTCTGTGCCAGCAGCGTAGGCCCGATCTCGGGGGGCGAACACTGAAGCTTTCTTTGGACAA		1	0.03005711	52	TCRBV09-01	TCRBV09	TCRBV09-01				01,02	TCRBD02-01*01	TCRBD02	TCRBD02-01	1.0				TCRBJ01-01*01	TCRBJ01	TCRBJ01-01	1.0				0	9	8	1	1	1	29	45	54	61	62	1	Out	VDJ							0.0
2035	ACCTTGGAGCTGGGGGACTCGGCCCTTTATCTTTGCGCCAGCAGCTTGGGTTTGGGACAAAGGAACACTGAAGCTTTCTTTGGACAA	CASSLGLGQRNTEAFF	1	0.03005711	48	TCRBV05-01*01	TCRBV05	TCRBV05-01	1.0				TCRBD01-01*01	TCRBD01	TCRBD01-01	1.0				TCRBJ01-01*01	TCRBJ01	TCRBJ01-01	1.0				0	4	0	6	3	1	33	49	53	59	62	1	In	VDJ							0.0
2036	ATCCAGCGCACAGAGCAGGGGGACTCGGCCATGTATCTCTGTGCCAGCAGCTTAGTGGGGTTAGACACTGAAGCTTTCTTTGGACAA	CASSLVGLDTEAFF	1	0.03005711	42	TCRBV07-09	TCRBV07	TCRBV07-09				01,03	unresolved		unresolved		TCRBD01,TCRBD02	TCRBD01-01,TCRBD02-01		TCRBJ01-01*01	TCRBJ01	TCRBJ01-01	1.0				1	1	6	2	4	3	39	55	56	60	64	1	In	VDJ							0.0
2037	CACATCAATTCCCTGGAGCTTGGTGACTCTGCTGTGTATTTCTGTGCCAGCAGCCAAAGGAGGATAGCTGAAGCTTTCTTTGGACAA	CASSQRRIAEAFF	1	0.03005711	39	TCRBV03	TCRBV03	unresolved			TCRBV03-01,TCRBV03-02		TCRBD02-01*02	TCRBD02	TCRBD02-01	2.0				TCRBJ01-01*01	TCRBJ01	TCRBJ01-01	1.0				2	1	10	1	4	6	42	57	58	63	67	1	In	VDJ							0.0
2038	AGATCCAGCGCACAGAGCAGGGGGACTCAGCTGTGTATCTCTGTGCCAGCAGCTTAGGGGACAGGGGCTGAAGCTTTCTTTGGACAA		1	0.03005711	40	TCRBV07-04*01	TCRBV07	TCRBV07-04	1.0				TCRBD01-01*01	TCRBD01	TCRBD01-01	1.0				TCRBJ01-01*01	TCRBJ01	TCRBJ01-01	1.0				1	0	0	2	0	6	41	-1	57	-1	67	1	Out	VDJ							0.0
2039	TCGGCTGCTCCCTCCCAGACATCTGTGTACTTCTGTGCCAGCAGTGAAAGAACAGGGAGAAACACCGGGGAGCTGTTTTTTGGAGAA	CASSERTGRNTGELFF	1	0.03005711	48	TCRBV06-01*01	TCRBV06	TCRBV06-01	1.0				TCRBD01-01*01	TCRBD01	TCRBD01-01	1.0				TCRBJ02-02*01	TCRBJ02	TCRBJ02-02	1.0				2	3	3	3	3	2	33	48	51	57	60	1	In	VDJ							0.0
2040	ATCCGGTCCACAAAGCTGGAGGACTCAGCCATGTACTTCTGTGCCAGCAGGGGGACAGGGTTGACCGGGGAGCTGTTTTTTGGAGAA	CASRGTGLTGELFF	1	0.03005711	42	TCRBV02-01*01	TCRBV02	TCRBV02-01	1.0				TCRBD01-01*01	TCRBD01	TCRBD01-01	1.0				TCRBJ02-02*01	TCRBJ02	TCRBJ02-02	1.0				6	1	0	3	3	5	39	50	51	60	63	1	In	VDJ							0.0
2041	ATCCAGCCTGCAAAGCTTGAGGACTCGGCCGTGTATCTCTGTGCCAGCAGCCCCTGGGGGGGCACAGATACGCAGTATTTTGGCCCA	CASSPWGGTDTQYF	1	0.03005711	42	TCRBV11-02*02	TCRBV11	TCRBV11-02	2.0				TCRBD02-01*01	TCRBD02	TCRBD02-01	1.0				TCRBJ02-03*01	TCRBJ02	TCRBJ02-03	1.0				5	4	9	1	0	1	39	51	55	-1	61	1	In	VDJ							0.0
2042	TCCACTCTGACAGTGACCAGTGCCCATCCTGAAGACAGCAGCTTCTACATCTGCAGTGCTAAAGCAGATACGCAGTATTTTGGCCCA	CSAKADTQYF	1	0.03005711	30	TCRBV20-01*01	TCRBV20	TCRBV20-01	1.0				unresolved		unresolved		TCRBD01,TCRBD02	TCRBD01-01,TCRBD02-01		TCRBJ02-03*01	TCRBJ02	TCRBJ02-03	1.0				4	1	5	5	0	4	51	61	62	-1	64	1	In	VDJ							0.0
2043	CCAGTGCCCATCCTGAAGACAGCAGCTTCTACATCTGCAGTTCCCACTTTGGGCGGGGGAATCCAAATAGGGCAGTATTTTGGCCCA		1	0.03005711	46	TCRBV20	TCRBV20	unresolved			TCRBV20-01,TCRBV20-or09_02		TCRBD02-01*01	TCRBD02	TCRBD02-01	1.0				TCRBJ02-03*01	TCRBJ02	TCRBJ02-03	1.0				8	11	7	2	12	11	35	41	52	59	71	1	Out	VDJ							0.0
2044	TGCAGAACTGGAGGATTCTGGAGTTTATTTCTGTGCCAGCAGCCAAGATTGGGGGAAACACCCCAAGAGACCCAGTACTTCGGGCCA		1	0.03005711	50	TCRBV14-01*01	TCRBV14	TCRBV14-01	1.0				unresolved		unresolved		TCRBD01,TCRBD02	TCRBD01-01,TCRBD02-01		TCRBJ02-05*01	TCRBJ02	TCRBJ02-05	1.0				0	2	6	1	7	1	31	48	50	55	62	1	Out	VDJ							0.0
2045	CTGAGCTCTCTGGAGCTGGGGGACTCAGCTTTGTATTTCTGTGCCAGCAGCATAGGGGTAGCGGAAGAGACCCAGTACTTCGGGCCA	CASSIGVAEETQYF	1	0.03005711	42	TCRBV09-01	TCRBV09	TCRBV09-01				01,02	TCRBD02-01	TCRBD02	TCRBD02-01				01,02	TCRBJ02-05*01	TCRBJ02	TCRBJ02-05	1.0				0	3	5	5	0	3	39	55	58	-1	64	1	In	VDJ							0.0
2046	ATCCTGGAGTCGCCCAGCCCCAACCAGACCTCTCTGTACTTCTGTGCCAGCAGTTTCCGCAGGGGCGAGACCCAGTACTTCGGGCCA	CASSFRRGETQYF	1	0.03005711	39	TCRBV27-01*01	TCRBV27	TCRBV27-01	1.0				TCRBD01-01*01	TCRBD01	TCRBD01-01	1.0				TCRBJ02-05*01	TCRBJ02	TCRBJ02-05	1.0				3	3	4	2	1	5	42	56	59	65	66	1	In	VDJ							0.0
2047	ATCCAGCCTGCAAAGCTTGAGGACTCGGCCGTGTATCTCTGTGCCAGCAGCTCGGGGCCCGGGGGGGAGACCCAGTACTTCGGGCCA	CASSSGPGGETQYF	1	0.03005711	42	TCRBV11-02*02	TCRBV11	TCRBV11-02	2.0				TCRBD02-01*01	TCRBD02	TCRBD02-01	1.0				TCRBJ02-05*01	TCRBJ02	TCRBJ02-05	1.0				4	7	8	1	0	5	39	52	59	-1	66	1	In	VDJ							0.0
2048	TCTAAGAAGCTCCTTCTCAGTGACTCTGGCTTCTATCTCTGTGCCTGGAGCCTATGGGCCGAAGGGAGCGCCCAGTACTTCGGGCCA	CAWSLWAEGSAQYF	1	0.03005711	42	TCRBV30-01*01	TCRBV30	TCRBV30-01	1.0				TCRBD02-01*02	TCRBD02	TCRBD02-01	2.0				TCRBJ02-05*01	TCRBJ02	TCRBJ02-05	1.0				3	13	9	2	2	9	39	50	63	68	70	1	In	VDJ							0.0
2049	CAGCAAGAAGACTCAGCTGCGTATCTCTGCACCAGCAGCCAAAAAAGACGCGCCGGGGGGCCATACAATGAGCAGTTCTTCGGGCCA	CTSSQKRRAGGPYNEQFF	1	0.03005711	54	TCRBV01-01*01	TCRBV01	TCRBV01-01	1.0				TCRBD02-01*01	TCRBD02	TCRBD02-01	1.0				TCRBJ02-01*01	TCRBJ02	TCRBJ02-01	1.0				2	11	8	1	3	4	27	42	53	60	63	1	In	VDJ							0.0
2050	GGCCTGGGGGACGCAGCCATGTACCTGTGTGCCACCAGCCAGGTGGGGACTAAAGGCGGGCCTAGCAATGAGCAGTTCTTCGGGCCA	CATSQVGTKGGPSNEQFF	1	0.03005711	54	TCRBV15-01*01	TCRBV15	TCRBV15-01	1.0				TCRBD02-01	TCRBD02	TCRBD02-01				01,02	TCRBJ02-01*01	TCRBJ02	TCRBJ02-01	1.0				5	6	0	9	13	6	27	39	45	52	65	1	In	VDJ							0.0
2051	TCGCCCAGCCCCAACCAGACCTCTCTGTACTTCTGTGCCAGCAGTTTAAATGGGTCGGGGGGACGCTCACCCCTCCACTTTGGGAAC	CASSLNGSGGRSPLHF	1	0.03005711	48	TCRBV27-01*01	TCRBV27	TCRBV27-01	1.0				TCRBD02-01*01	TCRBD02	TCRBD02-01	1.0				TCRBJ01-06*01	TCRBJ01	TCRBJ01-06	1.0				2	7	8	1	4	10	33	48	55	62	66	1	In	VDJ							0.0
2052	GAGCTTGGGGACTCGGCCGTGTATCTCTGTGCCAGCAGCACCCGGGACAGGGGGCGCGGTGGGGCCAACGTCCTGACTTTCGGGGCC	CASSTRDRGRGGANVLTF	1	0.03005711	54	TCRBV11-03*01	TCRBV11	TCRBV11-03	1.0				TCRBD01-01*01	TCRBD01	TCRBD01-01	1.0				TCRBJ02-06*01	TCRBJ02	TCRBJ02-06	1.0				5	4	0	0	4	3	27	39	43	55	59	1	In	VDJ							0.0
2053	ATCCAGCCTGCAAAGCTTGAGGACTCGGCCGTGTATCTCTGTGCCAGCAACCTAGGGGGGTCTGGAAACACCATATATTTTGGAGAG	CASNLGGSGNTIYF	1	0.03005711	42	TCRBV11-02*02	TCRBV11	TCRBV11-02	2.0				unresolved		unresolved		TCRBD01,TCRBD02	TCRBD01-01,TCRBD02-01		TCRBJ01-03*01	TCRBJ01	TCRBJ01-03	1.0				7	4	5	1	1	1	39	49	53	59	60	1	In	VDJ							0.0
2054	ACATCGGCCCAAAAGAACCCGACAGCTTTCTATCTCTGTGCCAGTAGTTACAGCGGGGAAAGCTCCTACGAGCAGTACTTCGGGCCG	CASSYSGESSYEQYF	1	0.03005711	45	TCRBV19-01	TCRBV19	TCRBV19-01				01,02	TCRBD02-01*01	TCRBD02	TCRBD02-01	1.0				TCRBJ02-07*01	TCRBJ02	TCRBJ02-07	1.0				5	3	6	3	4	0	36	48	51	58	62	1	In	VDJ							0.0
2055	CCAGTCCACGGAGTCAGGGGACACAGCACTGTATTTCTGTGCCAGCGGCCCGGACTAGCGGTGTCCTACGAGCAGTACTTCGGGCCG		1	0.03005711	44	TCRBV21-01*01	TCRBV21	TCRBV21-01	1.0				TCRBD02-01	TCRBD02	TCRBD02-01				01,02	TCRBJ02-07*01	TCRBJ02	TCRBJ02-07	1.0				8	5	1	5	2	1	37	46	51	61	63	1	Out	VDJ							0.0
2056	AGGATCCAGCAGGTAGTGCGAGGAGATTCGGCAGCTTATTTCTGTGCCAGCCTGATCCCAGGGGGCTACGAGCAGTACTTCGGGCCG	CASLIPGGYEQYF	1	0.03005711	39	TCRBV18-01*01	TCRBV18	TCRBV18-01	1.0				TCRBD01-01*01	TCRBD01	TCRBD01-01	1.0				TCRBJ02-07*01	TCRBJ02	TCRBJ02-07	1.0				8	7	4	1	0	3	42	51	58	-1	65	1	In	VDJ							0.0
2057	CTGGAGTCGCCCAGCCCCAACCAGACCTCTCTGTACTTCTGTGCCAGCAGTTTATCAGGGACAGGAGTAGGCTACACCTTCGGTTCG	CASSLSGTGVGYTF	1	0.03005711	42	TCRBV27-01*01	TCRBV27	TCRBV27-01	1.0				TCRBD01-01*01	TCRBD01	TCRBD01-01	1.0				TCRBJ01-02*01	TCRBJ01	TCRBJ01-02	1.0				0	1	0	4	4	8	39	56	57	65	69	1	In	VDJ							0.0
2058	GTGACATCGGCCCAAAAGAACCCGACAGCTTTCTATCTCTGTGCCAGTAGCGCTGGACAGGGCGGCTATGGCTACACCTTCGGTTCG	CASSAGQGGYGYTF	1	0.03005711	42	TCRBV19-01	TCRBV19	TCRBV19-01				01,02	TCRBD01-01*01	TCRBD01	TCRBD01-01	1.0				TCRBJ01-02*01	TCRBJ01	TCRBJ01-02	1.0				6	4	1	3	3	4	39	50	54	62	65	1	In	VDJ							0.0
2059	ATCCAGCAGGTAGTGCGAGGAGATTCGGCAGCTTATTTCTGTGCCAGCTCACCATTCGCCTCGAACACTGAAGCTTTCTTTGGACAA	CASSPFASNTEAFF	1	0.03005711	42	TCRBV18-01*01	TCRBV18	TCRBV18-01	1.0				unresolved		unresolved		TCRBD01,TCRBD02	TCRBD01-01,TCRBD02-01		TCRBJ01-01*01	TCRBJ01	TCRBJ01-01	1.0				2	3	10	0	3	1	39	54	57	59	62	1	In	VDJ							0.0
2060	GTGACTCTGCTGTGTATTTCTGTGCCAGCAGCCAAGGGGTCGACAGGGGGGTTGAAACCTTTGAACACTGAAGCTTTCTTTGGACAA		1	0.03005711	61	TCRBV03	TCRBV03	unresolved			TCRBV03-01,TCRBV03-02		TCRBD01-01*01	TCRBD01	TCRBD01-01	1.0				TCRBJ01-01*01	TCRBJ01	TCRBJ01-01	1.0				1	5	2	1	11	0	20	36	41	50	61	1	Out	VDJ							0.0
2061	ATCAATTCCCTGGAGCTTGGTGACTCTGCTGTGTATTTCTGTGCCAGCAGCCAATTACAGGGAGGGACTGAAGCTTTCTTTGGACAA	CASSQLQGGTEAFF	1	0.03005711	42	TCRBV03	TCRBV03	unresolved			TCRBV03-01,TCRBV03-02		TCRBD02-01*02	TCRBD02	TCRBD02-01	2.0				TCRBJ01-01*01	TCRBJ01	TCRBJ01-01	1.0				2	5	9	0	0	5	39	54	59	-1	66	1	In	VDJ							0.0
2062	GAGTCGCCCAGCCCCAACCAGACCTCTCTGTACTTCTGTGCCAGCAGCCGCCGTGCCCCGCGGACCGGGGAGCTGTTTTTTGGAGAA	CASSRRAPRTGELFF	1	0.03005711	45	TCRBV27-01*01	TCRBV27	TCRBV27-01	1.0				TCRBD02-01	TCRBD02	TCRBD02-01				01,02	TCRBJ02-02*01	TCRBJ02	TCRBJ02-02	1.0				6	12	7	5	0	5	36	47	59	-1	63	1	In	VDJ							0.0
2063	GCCTTGTTGCTGGGGGACTCGGCCCTCTATCTCTGTGCCAGCAGCTTGGGTGGACAGGGGGCCGAAGATACGCAGTATTTTGGCCCA	CASSLGGQGAEDTQYF	1	0.03005711	48	TCRBV05-06*01	TCRBV05	TCRBV05-06	1.0				TCRBD01-01*01	TCRBD01	TCRBD01-01	1.0				TCRBJ02-03*01	TCRBJ02	TCRBJ02-03	1.0				0	2	1	0	3	5	33	49	51	62	65	1	In	VDJ							0.0
2064	GAGTCGGCTGCTCCCTCCCAAACATCTGTGTACTTCTGTGCCAGCAGTTACAGACAGGGTGGAACAGATACGCAGTATTTTGGCCCA	CASSYRQGGTDTQYF	1	0.03005711	45	TCRBV06	TCRBV06	unresolved			TCRBV06-02,TCRBV06-03		TCRBD01-01*01	TCRBD01	TCRBD01-01	1.0				TCRBJ02-03*01	TCRBJ02	TCRBJ02-03	1.0				2	1	2	3	4	3	36	51	52	59	63	1	In	VDJ							0.0
2065	CCCAGCCCCAACCAGACCTCTCTGTACTTCTGTGCCAGCAGTTTAAGGGTACGGACCCCTTTCACAGATACGCAGTATTTTGGCCCA	CASSLRVRTPFTDTQYF	1	0.03005711	51	TCRBV27-01*01	TCRBV27	TCRBV27-01	1.0				unresolved		unresolved		TCRBD01,TCRBD02	TCRBD01-01,TCRBD02-01		TCRBJ02-03*01	TCRBJ02	TCRBJ02-03	1.0				2	7	1	7	6	2	30	45	52	56	62	1	In	VDJ							0.0
2066	ATCCAGCGCACACAGCAGGAGGACTCCGCCGTGTATCTCTGTGCCAGCAGCTTCCGGGACCGCGGGAAGACCCAGTACTTCGGGCCA	CASSFRDRGKTQYF	1	0.03005711	42	TCRBV07-08*01	TCRBV07	TCRBV07-08	1.0				TCRBD02-01*02	TCRBD02	TCRBD02-01	2.0				TCRBJ02-05*01	TCRBJ02	TCRBJ02-05	1.0				3	8	7	3	0	6	39	53	61	-1	67	1	In	VDJ							0.0
2067	AATTCCCTGGAGCTTGGTGACTCTGCTGTGTATTTCTGTGCCAGCAGCCAAGATCGGCGGATTAAAGAGACCCAGTACTTCGGGCCA	CASSQDRRIKETQYF	1	0.03005711	45	TCRBV03	TCRBV03	unresolved			TCRBV03-01,TCRBV03-02		TCRBD02-01	TCRBD02	TCRBD02-01				01,02	TCRBJ02-05*01	TCRBJ02	TCRBJ02-05	1.0				0	3	7	5	4	3	36	53	56	60	64	1	In	VDJ							0.0
2068	GGAGTCGCCCAGCCCCAACCAGACCTCTCTGTACTTCTGTGCCAGCAGTTTAGCCGGGACTACCAAGAGACCCAGTACTTCGGGCCA		1	0.03005711	44	TCRBV27-01*01	TCRBV27	TCRBV27-01	1.0				TCRBD02-01	TCRBD02	TCRBD02-01				01,02	TCRBJ02-05*01	TCRBJ02	TCRBJ02-05	1.0				2	3	0	10	0	0	37	52	55	-1	61	1	Out	VDJ							0.0
2069	ATTCTGGAGTCCGCCAGCACCAACCAGACATCTATGTACCTCTGTGCCAGCAGAAGCGTGTACCAAGAGACCCAGTACTTCGGGCCA	CASRSVYQETQYF	1	0.03005711	39	TCRBV28-01*01	TCRBV28	TCRBV28-01	1.0				TCRBD02-01	TCRBD02	TCRBD02-01				01,02	TCRBJ02-05*01	TCRBJ02	TCRBJ02-05	1.0				6	1	6	6	3	0	42	53	54	58	61	1	In	VDJ							0.0
2070	ATCCAGCGCACACAGCAGGAGGACTCGGCCGTGTATCTCTGTGCCAGCAGCTTAGTATCAGGGGAAGAGACCCAGTACTTCGGGCCA	CASSLVSGEETQYF	1	0.03005711	42	TCRBV07-02*01	TCRBV07	TCRBV07-02	1.0				TCRBD01-01*01	TCRBD01	TCRBD01-01	1.0				TCRBJ02-05*01	TCRBJ02	TCRBJ02-05	1.0				1	3	4	2	0	3	39	55	58	-1	64	1	In	VDJ							0.0
2071	CTGAAGATCCAGCGCACAGAGCGGGGGGACTCAGCCGTGTATCTCTGTGCCAGCAGCTTAACTGAGGAGACCCAGTACTTCGGGCCA	CASSLTEETQYF	1	0.03005711	36	TCRBV07-03*01	TCRBV07	TCRBV07-03	1.0				TCRBD02-01*02	TCRBD02	TCRBD02-01	2.0				TCRBJ02-05*01	TCRBJ02	TCRBJ02-05	1.0				0	1	11	2	0	5	45	62	63	-1	66	1	In	VDJ							0.0
2072	CAGCGCACAGAGCAGCGGGACTCGGCCATGTATCGCTGTGCCAGCAGCTTAGTGGCACGGGAAAGGGAGACCCAGTACTTCGGGCCA	CASSLVARERETQYF	1	0.03005711	45	TCRBV07-06*01	TCRBV07	TCRBV07-06	1.0				TCRBD02-01*02	TCRBD02	TCRBD02-01	2.0				TCRBJ02-05*01	TCRBJ02	TCRBJ02-05	1.0				1	5	8	3	4	5	36	52	57	62	66	1	In	VDJ							0.0
2073	CAGCGCACAGAGCGGGGGGACTCAGCCGTGTATCTCTGTGCCAGCAGCTTTGCGGGGGAATTTTACAATGAGCAGTTCTTCGGGCCA	CASSFAGEFYNEQFF	1	0.03005711	45	TCRBV07-03*01	TCRBV07	TCRBV07-03	1.0				TCRBD02-01*01	TCRBD02	TCRBD02-01	1.0				TCRBJ02-01*01	TCRBJ02	TCRBJ02-01	1.0				3	1	7	2	5	4	36	50	51	58	63	1	In	VDJ							0.0
2074	ACTCTGACAGTGACCAGTGCCCATCCTGAAGACAGCAGCTTCTACATCTGCAGTGCTAGACGCCAAGGTGAGCAGTTCTTCGGGCCA	CSARRQGEQFF	1	0.03005711	33	TCRBV20-01*01	TCRBV20	TCRBV20-01	1.0				unresolved		unresolved		TCRBD01,TCRBD02	TCRBD01-01,TCRBD02-01		TCRBJ02-01*01	TCRBJ02	TCRBJ02-01	1.0				2	5	5	4	0	9	48	60	65	-1	68	1	In	VDJ							0.0
2075	CGCACACAGCAGGAGGACTCGGCCGTGTATCTCTGTGCCAGCAGCCAAAGAGGACTAGCCCAAGTGGGTGAGCAGTTCTTCGGGCCA	CASSQRGLAQVGEQFF	1	0.03005711	48	TCRBV07-02*01	TCRBV07	TCRBV07-02	1.0				TCRBD02-01	TCRBD02	TCRBD02-01				01,02	TCRBJ02-01*01	TCRBJ02	TCRBJ02-01	1.0				5	6	1	7	9	9	33	45	51	59	68	1	In	VDJ							0.0
2076	TCCCTGGAGCTTGGTGACTCTGCTGTGTATTTCTGTGCCAGCAGCTCAGACAGGGGTGACTATAATTCACCCCTCCACTTTGGGAAC	CASSSDRGDYNSPLHF	1	0.03005711	48	TCRBV03	TCRBV03	unresolved			TCRBV03-01,TCRBV03-02		TCRBD01-01*01	TCRBD01	TCRBD01-01	1.0				TCRBJ01-06*01	TCRBJ01	TCRBJ01-06	1.0				5	3	2	2	3	3	33	45	48	56	59	1	In	VDJ							0.0
2077	GTGAACGCCTTGTTGCTGGGGGACTCGGCCCTCTATCTCTGTGCCAGCAGCTTGGGGTGGGGATCGGACATTCAGTACTTCGGCGCC	CASSLGWGSDIQYF	1	0.03005711	42	TCRBV05-06*01	TCRBV05	TCRBV05-06	1.0				unresolved		unresolved		TCRBD01,TCRBD02	TCRBD01-01,TCRBD02-01		TCRBJ02-04*01	TCRBJ02	TCRBJ02-04	1.0				0	4	0	8	4	8	39	55	59	63	67	1	In	VDJ							0.0
2078	ACGGAGTCAGGGGACACAGCACTGTATTTCTGTGCCAGCAGCAAAGAGTCCCCCGGGTCTGGGGCCAACGTCCTGACTTTCGGGGCC	CASSKESPGSGANVLTF	1	0.03005711	51	TCRBV21-01*01	TCRBV21	TCRBV21-01	1.0				TCRBD02-01	TCRBD02	TCRBD02-01				01,02	TCRBJ02-06*01	TCRBJ02	TCRBJ02-06	1.0				1	7	8	4	0	1	30	46	53	-1	57	1	In	VDJ							0.0
2079	CCTGCAGAACTGGAGGATTCTGGAGTTTATTTCTGTGCCAGCAGCCAAGATTACCAGGGCGGTGGAAACACCATATATTTTGGAGAG	CASSQDYQGGGNTIYF	1	0.03005711	48	TCRBV14-01*01	TCRBV14	TCRBV14-01	1.0				TCRBD01-01*01	TCRBD01	TCRBD01-01	1.0				TCRBJ01-03*01	TCRBJ01	TCRBJ01-03	1.0				0	4	4	3	3	3	33	50	54	59	62	1	In	VDJ							0.0
2080	AGTGCCCATCCTGAAGACAGCAGCTTCTACATCTGCAGTGCTAGGGGACAGGGAGGCAGAAGCTCCTACGAGCAGTACTTCGGGCCG	CSARGQGGRSSYEQYF	1	0.03005711	48	TCRBV20	TCRBV20	unresolved			TCRBV20-01,TCRBV20-or09_02		TCRBD01-01*01	TCRBD01	TCRBD01-01	1.0				TCRBJ02-07*01	TCRBJ02	TCRBJ02-07	1.0				3	0	0	3	9	0	33	-1	44	53	62	1	In	VDJ							0.0
2081	CAGTCCACGGAGTCAGGGGACACAGCACTGTATTTCTGTGCCAGCAGCAAAGTTTGGGGGCTGGGGGACGGCTACACCTTCGGTTCG	CASSKVWGLGDGYTF	1	0.03005711	45	TCRBV21-01*01	TCRBV21	TCRBV21-01	1.0				TCRBD01-01*01	TCRBD01	TCRBD01-01	1.0				TCRBJ01-02*01	TCRBJ01	TCRBJ01-02	1.0				1	3	6	0	8	8	36	52	55	61	69	1	In	VDJ							0.0
2082	GAGCTGGGGGACTCAGCCCTGTACTTCTGTGCCAGCAGTTGATGTATGACGCGTGAGTGAAAGACCTATGGCTACACCTTCGGTTCG	CASS*CMTRE*KTYGYTF	1	0.03005711	54	TCRBV13-01*01	TCRBV13	TCRBV13-01	1.0				unresolved		unresolved		TCRBD01,TCRBD02	TCRBD01-01,TCRBD02-01		TCRBJ01-02*01	TCRBJ01	TCRBJ01-02	1.0				6	9	2	7	15	4	27	38	47	50	65	1	Stop	VDJ							0.0
2083	AGAACTGGAGGATTCTGGAGTTTATTTCTGTGCCAGCAGCCAAGGGGAAGGACAGGCCGGAGCAATCAGCCCCAGCATTTTGGTGAT		1	0.03005711	53	TCRBV14-01*01	TCRBV14	TCRBV14-01	1.0				TCRBD01-01*01	TCRBD01	TCRBD01-01	1.0				TCRBJ01-05*01	TCRBJ01	TCRBJ01-05	1.0				1	5	1	4	4	1	28	44	49	56	60	1	Out	VDJ							0.0
2084	GGAGATTCGGCAGCTTATTTCTGTGCCAGCTCACCTAGGACAGGGTATCGCCAGGAGACAACTAATGAAAAACTGTTTTTTGGCAGT	CASSPRTGYRQETTNEKLFF	1	0.03005711	60	TCRBV18-01*01	TCRBV18	TCRBV18-01	1.0				TCRBD01-01*01	TCRBD01	TCRBD01-01	1.0				TCRBJ01-04*01	TCRBJ01	TCRBJ01-04	1.0				3	2	1	3	13	0	21	35	37	45	58	1	In	VDJ							0.0
2085	CTTGACATCCGCTCACCAGGCCTGGGGGACGCAGCCATGTACCTGTGTGCCACCAGCAGAGAGAACACTGAAGCTTTCTTTGGACAA	CATSRENTEAFF	1	0.03005711	36	TCRBV15-01*01	TCRBV15	TCRBV15-01	1.0				unresolved		unresolved					TCRBJ01-01*01	TCRBJ01	TCRBJ01-01	1.0				0	0	0	0	0	1	45	-1	-1	-1	62	1	In	VJ							0.0
2086	CTGAGCTCTCTGGAGCTGGGGGACTCAGCTTTGTATTTCTGTGCCAGCAGCGTAGCACCCTGGGGCACTGAAGCTTTCTTTGGACAA	CASSVAPWGTEAFF	1	0.03005711	42	TCRBV09-01	TCRBV09	TCRBV09-01				01,02	unresolved		unresolved		TCRBD01,TCRBD02	TCRBD01-01,TCRBD02-01		TCRBJ01-01*01	TCRBJ01	TCRBJ01-01	1.0				0	6	6	2	0	4	39	55	61	-1	65	1	In	VDJ							0.0
2087	ACCTTGGAGCTGGGGGACTCGGCCCTTTATCTTTGCGCCAGCAGCCCGCCGGGACTAGGAAACACCGGGGAGCTGTTTTTTGGAGAA	CASSPPGLGNTGELFF	1	0.03005711	48	TCRBV05-01*01	TCRBV05	TCRBV05-01	1.0				TCRBD02-01	TCRBD02	TCRBD02-01				01,02	TCRBJ02-02*01	TCRBJ02	TCRBJ02-02	1.0				4	5	0	8	2	2	33	45	50	58	60	1	In	VDJ							0.0
2088	AATTCCCTGGAGCTTGGTGACTCTGCTGTGTATTTCTGTGCCAGCAGCCCAGGGGGGGGCCGGTCCGGGGAGCTGTTTTTTGGAGAA	CASSPGGGRSGELFF	1	0.03005711	45	TCRBV03	TCRBV03	unresolved			TCRBV03-01,TCRBV03-02		unresolved		unresolved		TCRBD01,TCRBD02	TCRBD01-01,TCRBD02-01		TCRBJ02-02*01	TCRBJ02	TCRBJ02-02	1.0				4	0	4	1	8	6	36	-1	49	56	64	1	In	VDJ							0.0
2089	CCAGCCTGCAAAGCTTGAGGACTCGGCCGTGTATCTCTGTGCCAGCAGCTTGGGGCAGGGGTCACAGATACGCAGTATTTTGGCCCA		1	0.03005711	44	TCRBV11-02*02	TCRBV11	TCRBV11-02	2.0				TCRBD01-01*01	TCRBD01	TCRBD01-01	1.0				TCRBJ02-03*01	TCRBJ02	TCRBJ02-03	1.0				3	4	4	2	1	2	37	51	55	61	62	1	Out	VDJ							0.0
2090	CTTGGTGACTCTGCTGTGTATTTCTGTGCCAGCAGCCCGCGATGGGGCGGGACTAGCGGGGTTACAGATACGCAGTATTTTGGCCCA	CASSPRWGGTSGVTDTQYF	1	0.03005711	57	TCRBV03	TCRBV03	unresolved			TCRBV03-01,TCRBV03-02		TCRBD02-01*01	TCRBD02	TCRBD02-01	1.0				TCRBJ02-03*01	TCRBJ02	TCRBJ02-03	1.0				4	11	0	3	2	3	24	37	48	61	63	1	In	VDJ							0.0
2091	AACCTGAGCTCTCTGGAGCTGGGGGACTCAGCTTTGTATTTCTGTGCCAGCTCGTTCCGCCCCCCAGATACGCAGTATTTTGGCCCA	CASSFRPPDTQYF	1	0.03005711	39	TCRBV09-01	TCRBV09	TCRBV09-01				01,02	unresolved		unresolved		TCRBD01,TCRBD02	TCRBD01-01,TCRBD02-01		TCRBJ02-03*01	TCRBJ02	TCRBJ02-03	1.0				7	7	10	0	4	4	42	51	58	60	64	1	In	VDJ							0.0
2092	CGCACAGAGCAGCGGGACTCAGCCATGTATCGCTGTGCTAGCACCCCGGGTTCCAGCAACCTCCAAGAGACCCAGTACTTCGGGCCA	CASTPGSSNLQETQYF	1	0.03005711	48	TCRBV07-07*01	TCRBV07	TCRBV07-07	1.0				TCRBD02-01	TCRBD02	TCRBD02-01				01,02	TCRBJ02-05*01	TCRBJ02	TCRBJ02-05	1.0				7	3	8	4	12	1	33	43	46	50	62	1	In	VDJ							0.0
2093	GCCTTGGAGCTGGACGACTCGGCCCTGTATCTCTGTGCCAGCAGCTTGGTGGGGGGGGTGGGTCAAGAGACCCAGTACTTCGGGCCA	CASSLVGGVGQETQYF	1	0.03005711	48	TCRBV05-04*01	TCRBV05	TCRBV05-04	1.0				TCRBD02-01*01	TCRBD02	TCRBD02-01	1.0				TCRBJ02-05*01	TCRBJ02	TCRBJ02-05	1.0				0	1	9	0	6	2	33	49	50	57	63	1	In	VDJ							0.0
2094	CAGCCTGCAAAGCTTGAGGACTCGGCCGTGTATCTCTGTGCCAGCAGCTTAGTTGGCGGGGGAGAAGAGACCCAGTACTTCGGGCCA	CASSLVGGGEETQYF	1	0.03005711	45	TCRBV11-02*02	TCRBV11	TCRBV11-02	2.0				TCRBD02-01*01	TCRBD02	TCRBD02-01	1.0				TCRBJ02-05*01	TCRBJ02	TCRBJ02-05	1.0				1	3	7	2	2	3	36	52	55	62	64	1	In	VDJ							0.0
2095	ACCAGTGCCCATCCTGAAGACAGCAGCTTCTACATCTGCAGTGCTAGACGCCAGGGGCCAACTATGGAGACCCAGTACTTCGGGCCA	CSARRQGPTMETQYF	1	0.03005711	45	TCRBV20	TCRBV20	unresolved			TCRBV20-01,TCRBV20-or09_02		TCRBD01-01*01	TCRBD01	TCRBD01-01	1.0				TCRBJ02-05*01	TCRBJ02	TCRBJ02-05	1.0				2	3	4	2	9	5	36	48	51	57	66	1	In	VDJ							0.0
2096	TGTGAGCACCTTGGAGCTGGGGGACTCGGCCCTTTATCTTTGCGCCAGCAGTATGGACTAATTAGAGTGACCCAGTACTTCGGGCCA		1	0.03005711	41	TCRBV05-01*01	TCRBV05	TCRBV05-01	1.0				TCRBD02-01	TCRBD02	TCRBD02-01				01,02	TCRBJ02-05*01	TCRBJ02	TCRBJ02-05	1.0				5	3	1	9	8	7	40	51	54	60	68	1	Out	VDJ							0.0
2097	CAGCGCACAGAGCAGCGGGACTCGGCCATGTATCGCTGTGCCAGCAGCTTAGCATCTAGCGGCTACAATGAGCAGTTCTTCGGGCCA	CASSLASSGYNEQFF	1	0.03005711	45	TCRBV07-06*01	TCRBV07	TCRBV07-06	1.0				TCRBD02-01	TCRBD02	TCRBD02-01				01,02	TCRBJ02-01*01	TCRBJ02	TCRBJ02-01	1.0				0	2	4	5	0	3	36	53	55	-1	62	1	In	VDJ							0.0
2098	ATCCTGGAGTCGCCCAGCCCCAACCAGACCTCTCTGTACTTCTGTGCCAGCAGTTGGGGACAGTACAATGAGCAGTTCTTCGGGCCA	CASSWGQYNEQFF	1	0.03005711	39	TCRBV27-01*01	TCRBV27	TCRBV27-01	1.0				TCRBD01-01*01	TCRBD01	TCRBD01-01	1.0				TCRBJ02-01*01	TCRBJ02	TCRBJ02-01	1.0				4	1	0	5	0	4	42	55	56	-1	63	1	In	VDJ							0.0
2099	AACCTGAGCTCTCTGGAGCTGGGGGACTCAGCTTTGTATTTCTGTGCCAGCAGCGGTAGACCGTTCAATGAGCAGTTCTTCGGGCCA	CASSGRPFNEQFF	1	0.03005711	39	TCRBV09-01	TCRBV09	TCRBV09-01				01,02	unresolved		unresolved		TCRBD01,TCRBD02	TCRBD01-01,TCRBD02-01		TCRBJ02-01*01	TCRBJ02	TCRBJ02-01	1.0				3	3	2	7	4	6	42	55	58	61	65	1	In	VDJ							0.0
2100	GTGACCAGTGCCCATCCTGAAGACAGCAGCTTCTACATCTGCAGTGCTTCTCGGGGGGGGGAGTCTAATGAGCAGTTCTTCGGGCCA	CSASRGGESNEQFF	1	0.03005711	42	TCRBV20	TCRBV20	unresolved			TCRBV20-01,TCRBV20-or09_02		TCRBD02-01*01	TCRBD02	TCRBD02-01	1.0				TCRBJ02-01*01	TCRBJ02	TCRBJ02-01	1.0				5	3	8	0	7	7	39	48	51	59	66	1	In	VDJ							0.0
2101	AACGCCTTGGAGCTGGACGACTCGGCCCTGTATCTCTGTGCCAGCAGCTCGACTAGCGGGGGTGAGGGTGAGCAGTTCTTCGGGCCA	CASSSTSGGEGEQFF	1	0.03005711	45	TCRBV05-04*01	TCRBV05	TCRBV05-04	1.0				TCRBD02-01*01	TCRBD02	TCRBD02-01	1.0				TCRBJ02-01*01	TCRBJ02	TCRBJ02-01	1.0				3	1	2	2	6	9	36	49	50	62	68	1	In	VDJ							0.0
2102	CCTTCTCAGTGACTCTGGCTTCTATCTCTGTGCCTGGAGTGCCCCGCCGGGACAGGGCGGTCTGGAAACACCATATATTTTGGAGAG		1	0.03005711	53	TCRBV30-01*01	TCRBV30	TCRBV30-01	1.0				TCRBD01-01*01	TCRBD01	TCRBD01-01	1.0				TCRBJ01-03*01	TCRBJ01	TCRBJ01-03	1.0				1	7	0	3	3	1	28	41	48	57	60	1	Out	VDJ							0.0
2103	ACATCGGCCCAAAAGAACCCGACAGCTTTCTATCTCTGTGCCAGTACCTTGGATGGACAGGGAACCTACGAGCAGTACTTCGGGCCG	CASTLDGQGTYEQYF	1	0.03005711	45	TCRBV19-01	TCRBV19	TCRBV19-01				01,02	TCRBD01-01*01	TCRBD01	TCRBD01-01	1.0				TCRBJ02-07*01	TCRBJ02	TCRBJ02-07	1.0				7	8	1	3	2	2	36	46	54	62	64	1	In	VDJ							0.0
2104	CAGAGCGGGGGGACTCAGCCGTGTATCTCTGTGCCAGCAGCCCCCCGTGGGGACTAGCGATAACCCTACGAGCAGTACTTCGGGCCG		1	0.03005711	52	TCRBV07-03*01	TCRBV07	TCRBV07-03	1.0				TCRBD02-01	TCRBD02	TCRBD02-01				01,02	TCRBJ02-07*01	TCRBJ02	TCRBJ02-07	1.0				5	8	0	6	5	2	29	41	49	59	64	1	Out	VDJ							0.0
2105	GTGAGCACCTTGGAGCTGGGGGACTCGGCCCTTTATCTTTGCGCCAGCAGCTTGGAGGGGCTCCCCTACGAGCAGTACTTCGGGCCG	CASSLEGLPYEQYF	1	0.03005711	42	TCRBV05-01*01	TCRBV05	TCRBV05-01	1.0				TCRBD01-01*01	TCRBD01	TCRBD01-01	1.0				TCRBJ02-07*01	TCRBJ02	TCRBJ02-07	1.0				0	0	5	2	4	2	39	-1	55	60	64	1	In	VDJ							0.0
2106	GAGCTGGAGGACTCGGCCCTGTATCTCTGTGCCAGCAGCTTGGGGACGGGACAGGGGGCAGCAGACTATGGCTACACCTTCGGTTCG	CASSLGTGQGAADYGYTF	1	0.03005711	54	TCRBV05-08*01	TCRBV05	TCRBV05-08	1.0				TCRBD01-01*01	TCRBD01	TCRBD01-01	1.0				TCRBJ01-02*01	TCRBJ01	TCRBJ01-02	1.0				0	4	0	0	5	3	27	43	47	59	64	1	In	VDJ							0.0
2107	CAGCGCACAGAGCAGCGGGACTCGGCCATGTATCGCTGTGCCAGCAGCTTAGTCGAGGGGGGCGACTATGGCTACACCTTCGGTTCG	CASSLVEGGDYGYTF	1	0.03005711	45	TCRBV07-06*01	TCRBV07	TCRBV07-06	1.0				unresolved		unresolved		TCRBD01,TCRBD02	TCRBD01-01,TCRBD02-01		TCRBJ01-02*01	TCRBJ01	TCRBJ01-02	1.0				1	3	5	1	3	3	36	52	55	61	64	1	In	VDJ							0.0
2108	GACATCCGCTCACCAGGCCTGGGGGACGCAGCCATGTACCTGTGTGCCACCAGCACACAGGAGGCCTATGGCTACACCTTCGGTTCG	CATSTQEAYGYTF	1	0.03005711	39	TCRBV15-01*01	TCRBV15	TCRBV15-01	1.0				unresolved		unresolved		TCRBD01,TCRBD02	TCRBD01-01,TCRBD02-01		TCRBJ01-02*01	TCRBJ01	TCRBJ01-02	1.0				4	1	3	4	4	4	42	55	56	61	65	1	In	VDJ							0.0
2109	CGCACACAGCAGGAGGACTCCGCCGTGTATCTCTGTGCCAGCAGCTTAGACGGGACAGGTTCCCTGGGCATCTACACCTTCGGTTCG	CASSLDGTGSLGIYTF	1	0.03005711	48	TCRBV07-08*01	TCRBV07	TCRBV07-08	1.0				TCRBD01-01*01	TCRBD01	TCRBD01-01	1.0				TCRBJ01-02*01	TCRBJ01	TCRBJ01-02	1.0				1	2	0	4	12	10	33	49	51	59	71	1	In	VDJ							0.0
2110	GTGACATCGGCCCAAAAGAACCCGACAGCTTTCTATCTCTGTGCCAGTAGTAACACGGTTAGCAATCAGCCCCAGCATTTTGGTGAT	CASSNTVSNQPQHF	1	0.03005711	42	TCRBV19-01	TCRBV19	TCRBV19-01				01,02	unresolved		unresolved		TCRBD01,TCRBD02	TCRBD01-01,TCRBD02-01		TCRBJ01-05*01	TCRBJ01	TCRBJ01-05	1.0				4	0	3	6	4	0	39	-1	52	55	59	1	In	VDJ							0.0
2111	TCCACAAAGCTGGAGGACTCAGCCATGTACTTCTGTGCCAGCAGTCCCCGATCAGTGGGGGGCAATCAGCCCCAGCATTTTGGTGAT	CASSPRSVGGNQPQHF	1	0.03005711	48	TCRBV02-01*01	TCRBV02	TCRBV02-01	1.0				unresolved		unresolved		TCRBD01,TCRBD02	TCRBD01-01,TCRBD02-01		TCRBJ01-05*01	TCRBJ01	TCRBJ01-05	1.0				5	11	6	1	0	2	33	45	56	-1	61	1	In	VDJ							0.0
2112	ATCCAGCAGGTAGTGCGAGGAGATTCGGCAGCTTATTTCTGTGCCAGCTCATGGGGCACCCTCAATCAGCCCCAGCATTTTGGTGAT	CASSWGTLNQPQHF	1	0.03005711	42	TCRBV18-01*01	TCRBV18	TCRBV18-01	1.0				TCRBD01-01*01	TCRBD01	TCRBD01-01	1.0				TCRBJ01-05*01	TCRBJ01	TCRBJ01-05	1.0				5	1	7	0	5	3	39	51	52	57	62	1	In	VDJ							0.0
2113	CTTGGAGCTGGGGGACTCGGCCCTGTATCTCTGTGCCAGAAGCTGGCGACAGGCCCAGTGAGACAAGAAAAACTGTTTTTTGGCAGT		1	0.03005711	50	TCRBV05-03	TCRBV05	TCRBV05-03				01,02	TCRBD01-01*01	TCRBD01	TCRBD01-01	1.0				TCRBJ01-04*01	TCRBJ01	TCRBJ01-04	1.0				3	3	2	4	13	8	31	44	47	53	66	1	Out	VDJ							0.0
2114	CGCCTTGGAGCTGGACGACTCGGCCCTGTATCTCTGTGCCAGCAGCTCGCGTACACAACAACTAATGAAAAACTGTTTTTTGGCAGT		1	0.03005711	47	TCRBV05-04*01	TCRBV05	TCRBV05-04	1.0				unresolved		unresolved		TCRBD01,TCRBD02	TCRBD01-01,TCRBD02-01		TCRBJ01-04*01	TCRBJ01	TCRBJ01-04	1.0				3	5	3	6	3	0	34	47	52	55	58	1	Out	VDJ							0.0
2115	ATCCAGCGCACAGAGCAGGGGGACTCGGCCATGTATCTCTGTGCCAGCAGCTTACAGGGCAGGGAAACTGAAGCTTTCTTTGGACAA	CASSLQGRETEAFF	1	0.03005711	42	TCRBV07-09	TCRBV07	TCRBV07-09				01,03	TCRBD01-01*01	TCRBD01	TCRBD01-01	1.0				TCRBJ01-01*01	TCRBJ01	TCRBJ01-01	1.0				2	0	4	3	7	5	39	-1	54	59	66	1	In	VDJ							0.0
2116	CTGGAGTCGCCCAGCCCCAACCAGACCTCTCTGTACTTCTGTGCCAGCAGTAGGGACAGGGGAAACACTGAAGCTTTCTTTGGACAA	CASSRDRGNTEAFF	1	0.03005711	42	TCRBV27-01*01	TCRBV27	TCRBV27-01	1.0				TCRBD01-01*01	TCRBD01	TCRBD01-01	1.0				TCRBJ01-01*01	TCRBJ01	TCRBJ01-01	1.0				5	1	0	2	1	2	39	51	52	62	63	1	In	VDJ							0.0
2117	GACATCCGCTCACCAGGCCTGGGGGACGCAGCCATGTACCTGTGTGCCACCCGACAGGGGATGAACACTGAAGCTTTCTTTGGACAA	CATRQGMNTEAFF	1	0.03005711	39	TCRBV15-01*01	TCRBV15	TCRBV15-01	1.0				TCRBD01-01*01	TCRBD01	TCRBD01-01	1.0				TCRBJ01-01*01	TCRBJ01	TCRBJ01-01	1.0				8	1	2	2	1	0	42	51	52	60	61	1	In	VDJ							0.0
2118	AAGATCCAGCCTGCAGAGCTTGGGGACTCGGCCGTGTATCTCTGTGCCAGCAGCCCAGGAAGCCACACTGAAGCTTTCTTTGGACAA	CASSPGSHTEAFF	1	0.03005711	39	TCRBV11-03*01	TCRBV11	TCRBV11-03	1.0				TCRBD01-01*01	TCRBD01	TCRBD01-01	1.0				TCRBJ01-01*01	TCRBJ01	TCRBJ01-01	1.0				5	1	4	4	5	3	42	54	55	59	64	1	In	VDJ							0.0
2119	GTGACCAGTGCCCATCCTGAAGACAGCAGCTTCTACATCTGCAGTGCTAGAGATCCTCGGGGCACGACTGAAGCTTTCTTTGGACAA	CSARDPRGTTEAFF	1	0.03005711	42	TCRBV20	TCRBV20	unresolved			TCRBV20-01,TCRBV20-or09_02		unresolved		unresolved		TCRBD01,TCRBD02	TCRBD01-01,TCRBD02-01		TCRBJ01-01*01	TCRBJ01	TCRBJ01-01	1.0				0	5	7	0	3	5	39	53	58	63	66	1	In	VDJ							0.0
2120	AATGTGAACGCCTTGGAGCTGGAGGACTCGGCCCTGTATCTCTGTGCCAGCAGCTCTCGGAACACCGGGGAGCTGTTTTTTGGAGAA	CASSSRNTGELFF	1	0.03005711	39	TCRBV05-08*01	TCRBV05	TCRBV05-08	1.0				TCRBD02-01	TCRBD02	TCRBD02-01				01,02	TCRBJ02-02*01	TCRBJ02	TCRBJ02-02	1.0				3	0	4	10	2	1	42	-1	55	57	59	1	In	VDJ							0.0
2121	GCCTTGGAGCTGGAGGACTCGGCCCTGTATCTCTGTGCCAGCAGCTGGGCCCATGGATATAACACCGGGGAGCTGTTTTTTGGAGAA	CASSWAHGYNTGELFF	1	0.03005711	48	TCRBV05-08*01	TCRBV05	TCRBV05-08	1.0				TCRBD01-01*01	TCRBD01	TCRBD01-01	1.0				TCRBJ02-02*01	TCRBJ02	TCRBJ02-02	1.0				3	0	8	0	10	2	33	-1	46	50	60	1	In	VDJ							0.0
2122	TCTCTGGAGCTGGGGGACTCAGCTTTGTATTTCTGTGCCAGCAGCGCACCAGGACAGCGCCCCACCGGGGAGCTGTTTTTTGGAGAA	CASSAPGQRPTGELFF	1	0.03005711	48	TCRBV09-01	TCRBV09	TCRBV09-01				01,02	TCRBD01-01*01	TCRBD01	TCRBD01-01	1.0				TCRBJ02-02*01	TCRBJ02	TCRBJ02-02	1.0				3	5	1	5	5	4	33	46	51	57	62	1	In	VDJ							0.0
2123	GAGTCTGCTGCCTCCTCCCAGACATCTGTATATTTCTGCGCCAGCAGTGAGGCCCGGGGCCCCACCGGGGAGCTGTTTTTTGGAGAA	CASSEARGPTGELFF	1	0.03005711	45	TCRBV10-01	TCRBV10	TCRBV10-01				01,02	unresolved		unresolved		TCRBD01,TCRBD02	TCRBD01-01,TCRBD02-01		TCRBJ02-02*01	TCRBJ02	TCRBJ02-02	1.0				2	4	7	0	2	4	36	51	55	60	62	1	In	VDJ							0.0
2124	ACCTTGGAGCTGGGGGACTCGGCCCTTTATCTTTGCGCCAGCAGCTTGGAGGGACTAGCGAGCACAGATACGCAGTATTTTGGCCCA	CASSLEGLASTDTQYF	1	0.03005711	48	TCRBV05-01*01	TCRBV05	TCRBV05-01	1.0				TCRBD02-01	TCRBD02	TCRBD02-01				01,02	TCRBJ02-03*01	TCRBJ02	TCRBJ02-03	1.0				0	1	0	6	0	0	33	49	50	-1	60	1	In	VDJ							0.0
2125	GAGGACTCCGCCGTGTATCTCTGTGCCAGCAGCTCCCGGGGACTAGCGCTAATATCGCCTCGCACAGATACGCAGTATTTTGGCCCA	CASSSRGLALISPRTDTQYF	1	0.03005711	60	TCRBV07-08	TCRBV07	TCRBV07-08				01,02	TCRBD02-01	TCRBD02	TCRBD02-01				01,02	TCRBJ02-03*01	TCRBJ02	TCRBJ02-03	1.0				4	4	0	6	13	1	21	34	38	48	61	1	In	VDJ							0.0
2126	TTGGCTGCTCCCTCCCAGACATCTGTGTACTTCTGTGCCGCCCGCGGTGGCGCTAGCGGGGGCACAGATACGCAGTATTTTGGCCCA	CAARGGASGGTDTQYF	1	0.03005711	48	TCRBV06-06	TCRBV06	TCRBV06-06				01,02	TCRBD02-01*01	TCRBD02	TCRBD02-01	1.0				TCRBJ02-03*01	TCRBJ02	TCRBJ02-03	1.0				11	13	4	3	0	1	33	39	52	-1	61	1	In	VDJ							0.0
2127	GGAGCTGGGGGACTCGGCCCTTTATCTTTGCGCCAGCAGCTCCCGCGTAAGGGGGCCAGTTAAGGGGATACGCAGTATTTTGGCCCA		1	0.03005711	53	TCRBV05-01*01	TCRBV05	TCRBV05-01	1.0				TCRBD01-01*01	TCRBD01	TCRBD01-01	1.0				TCRBJ02-03*01	TCRBJ02	TCRBJ02-03	1.0				3	8	5	0	10	6	28	41	49	56	66	1	Out	VDJ							0.0
2128	ATCCGGTCCACAAAGCTGGAGGACTCAGCCATGTACTTCTGTGCCAGCAGTGTATCCCCCACAGGGGTTACGCAGTATTTTGGCCCA	CASSVSPTGVTQYF	1	0.03005711	42	TCRBV02-01*01	TCRBV02	TCRBV02-01	1.0				TCRBD01-01*01	TCRBD01	TCRBD01-01	1.0				TCRBJ02-03*01	TCRBJ02	TCRBJ02-03	1.0				4	8	3	2	1	8	39	52	60	67	68	1	In	VDJ							0.0
2129	ACCAGTGCCCATCCTGAAGACAGCAGCTTCTACATCTGCAGTGCCCCCCCTAGCGGGGGGGGCCAAGAGACCCAGTACTTCGGGCCA	CSAPPSGGGQETQYF	1	0.03005711	45	TCRBV20	TCRBV20	unresolved			TCRBV20-01,TCRBV20-or09_02		TCRBD02-01*01	TCRBD02	TCRBD02-01	1.0				TCRBJ02-05*01	TCRBJ02	TCRBJ02-05	1.0				6	5	4	0	1	1	36	44	49	61	62	1	In	VDJ							0.0
2130	TTCATCCTGAGTTCTAAGAAGCTCCTTCTCAGTGACTCTGGCTTCTATCTCTGTGCCTGGGGGAGAGAGACCCAGTACTTCGGGCCA	CAWGRETQYF	1	0.03005711	30	TCRBV30-01*01	TCRBV30	TCRBV30-01	1.0				TCRBD02-01*02	TCRBD02	TCRBD02-01	2.0				TCRBJ02-05*01	TCRBJ02	TCRBJ02-05	1.0				5	0	9	2	0	4	51	-1	60	-1	65	1	In	VDJ							0.0
2131	CAGCGCACAGAGCAGGGGGACTCGGCCATGTATCTCTGTGCCAGCAGCCTGACTAGCGGCTCCTACAATGAGCAGTTCTTCGGGCCA	CASSLTSGSYNEQFF	1	0.03005711	45	TCRBV07-09	TCRBV07	TCRBV07-09				01,03	TCRBD02-01	TCRBD02	TCRBD02-01				01,02	TCRBJ02-01*01	TCRBJ02	TCRBJ02-01	1.0				5	2	2	5	0	0	36	48	50	-1	59	1	In	VDJ							0.0
2132	CGGCTGCTCCCTCCCAGACATCTGTGTACTTCTGTGCCAGCAGTGAACCGCGACTAGCGTGATTACAATGAGCAGTTCTTCGGGCCA		1	0.03005711	49	TCRBV06-01*01	TCRBV06	TCRBV06-01	1.0				TCRBD02-01	TCRBD02	TCRBD02-01				01,02	TCRBJ02-01*01	TCRBJ02	TCRBJ02-01	1.0				2	4	2	6	4	4	32	47	51	59	63	1	Out	VDJ							0.0
2133	CAGCCCTCAGAACCCAGGGACTCAGCTGTGTATTTTTGTGCTAGTGGTTTCGCCGGGAGGGGCGGCGATGAGCAGTTCTTCGGGCCA	CASGFAGRGGDEQFF	1	0.03005711	45	TCRBV12-05*01	TCRBV12	TCRBV12-05	1.0				TCRBD02-01*02	TCRBD02	TCRBD02-01	2.0				TCRBJ02-01*01	TCRBJ02	TCRBJ02-01	1.0				3	3	8	0	6	8	36	50	53	61	67	1	In	VDJ							0.0
2134	CTGACAGTGACCAGTGCCCATCCTGAAGACAGCAGCTTCTACATCTGCAGCGTTGGACAGGGCGGAGGTGAGCAGTTCTTCGGGCCA	CSVGQGGGEQFF	1	0.03005711	36	TCRBV20	TCRBV20	unresolved			TCRBV20-01,TCRBV20-or09_02		TCRBD01-01*01	TCRBD01	TCRBD01-01	1.0				TCRBJ02-01*01	TCRBJ02	TCRBJ02-01	1.0				9	4	1	3	6	9	45	50	54	62	68	1	In	VDJ							0.0
2135	CAGCGCACAGAGCAGCGGGACTCGGCCATGTATCGCTGTGCCAGCAGCCTCGGACTAGCGGGGGGGGGTGAGCAGTTCTTCGGGCCA	CASSLGLAGGGEQFF	1	0.03005711	45	TCRBV07-06*01	TCRBV07	TCRBV07-06	1.0				TCRBD02-01*01	TCRBD02	TCRBD02-01	1.0				TCRBJ02-01*01	TCRBJ02	TCRBJ02-01	1.0				5	3	1	0	2	9	36	48	51	66	68	1	In	VDJ							0.0
2136	CAGCGCACACAGCAGGAGGACTCGGCCGTGTATCTCTGTGCCAGCAGCCCTGGACAGGGCCTCACCTACGAGCAGTACTTCGGGCCG	CASSPGQGLTYEQYF	1	0.03005711	45	TCRBV07-02*01	TCRBV07	TCRBV07-02	1.0				TCRBD01-01*01	TCRBD01	TCRBD01-01	1.0				TCRBJ02-07*01	TCRBJ02	TCRBJ02-07	1.0				5	3	1	3	5	2	36	48	51	59	64	1	In	VDJ							0.0
2137	CAGCGCACACAGCAGGAGGACTCGGCCGTGTATCTCTGTGCCAGCAGCTGGGGACAGGGTTTTTCCTACGAGCAGTACTTCGGGCCG	CASSWGQGFSYEQYF	1	0.03005711	45	TCRBV07-02*01	TCRBV07	TCRBV07-02	1.0				TCRBD01-01*01	TCRBD01	TCRBD01-01	1.0				TCRBJ02-07*01	TCRBJ02	TCRBJ02-07	1.0				4	1	0	3	4	1	36	49	50	59	63	1	In	VDJ							0.0
2138	GAGTCTGCCAGGCCCTCACATACCTCTCAGTACCTCTGTGCCAGCAGTGAATACGGGAGGGAAACGGGCGAGCAGTACTTCGGGCCG	CASSEYGRETGEQYF	1	0.03005711	45	TCRBV25-01*01	TCRBV25	TCRBV25-01	1.0				TCRBD02-01*02	TCRBD02	TCRBD02-01	2.0				TCRBJ02-07*01	TCRBJ02	TCRBJ02-07	1.0				0	0	8	0	7	6	36	-1	53	61	68	1	In	VDJ							0.0
2139	ATCCTGAGTTCTAAGAAGCTCCTTCTCAGTGACTCTGGCTTCTATCTCTGTGCCTGGAGTGGGGGGGGAGCTATGACCTTCGGTTCG	CAWSGGGAMTF	1	0.03005711	33	TCRBV30-01*01	TCRBV30	TCRBV30-01	1.0				TCRBD02-01*01	TCRBD02	TCRBD02-01	1.0				TCRBJ01-02*01	TCRBJ01	TCRBJ01-02	1.0				1	0	9	0	7	14	48	-1	61	68	75	1	In	VDJ							0.0
2140	GTGACTCTGCTGTGTATTTCTGTGCCAGCAGCCAAGATGATGGGCGACAAATGTGTTTATAGCAATCAGCCCCAGCATTTTGGTGAT		1	0.03005711	61	TCRBV03	TCRBV03	unresolved			TCRBV03-01,TCRBV03-02		TCRBD01-01*01	TCRBD01	TCRBD01-01	1.0				TCRBJ01-05*01	TCRBJ01	TCRBJ01-05	1.0				0	8	2	6	10	0	20	37	45	49	59	1	Out	VDJ							0.0
2141	CTGGAGTCGCCCAGCCCCAACCAGACCTCTCTGTACTTCTGTGCCAGCAGTTTATCCAGGGGGCAGGAAAAACTGTTTTTTGGCAGT	CASSLSRGQEKLFF	1	0.03005711	42	TCRBV27-01*01	TCRBV27	TCRBV27-01	1.0				TCRBD01-01*01	TCRBD01	TCRBD01-01	1.0				TCRBJ01-04*01	TCRBJ01	TCRBJ01-04	1.0				0	0	4	0	2	8	39	-1	56	64	66	1	In	VDJ							0.0
2142	TCTCTGGAGCTGGGGGACTCAGCTTTGTATTTCTGTGCCAGCAGCGCCCCGGGACAGGGAGCTAATGAAAAACTGTTTTTTGGCAGT	CASSAPGQGANEKLFF	1	0.03005711	48	TCRBV09-01	TCRBV09	TCRBV09-01				01,02	TCRBD01-01*01	TCRBD01	TCRBD01-01	1.0				TCRBJ01-04*01	TCRBJ01	TCRBJ01-04	1.0				3	4	0	3	2	3	33	46	50	59	61	1	In	VDJ							0.0
2143	CGCACACAGCAGGAGGACTCCGCCGTGTATCTCTGTGCCAGCAGCTTATATGGGCAGTTAAACACCGGGGAGCTGTTTTTTGGAGAA	CASSLYGQLNTGELFF	1	0.03005711	48	TCRBV07-08*01	TCRBV07	TCRBV07-08	1.0				TCRBD01-01*01	TCRBD01	TCRBD01-01	1.0				TCRBJ02-02*01	TCRBJ02	TCRBJ02-02	1.0				2	3	8	0	5	2	33	48	51	55	60	1	In	VDJ							0.0
2144	GAGTCAGGGGACACAGCACTGTATTTCTGTGCCAGCAGCAAAACCCGTTGGGACACTCGAGGCACCGGGGAGCTGTTTTTTGGAGAA	CASSKTRWDTRGTGELFF	1	0.03005711	54	TCRBV21-01*01	TCRBV21	TCRBV21-01	1.0				TCRBD01-01*01	TCRBD01	TCRBD01-01	1.0				TCRBJ02-02*01	TCRBJ02	TCRBJ02-02	1.0				2	7	0	6	7	4	27	42	49	55	62	1	In	VDJ							0.0
2145	CGCACACAGCAGGAGGACTCGGCCGTGTATCTCTGTGCCAGCAGGGGCGGACTAGGTTTCGGCACAGATACGCAGTATTTTGGCCCA	CASRGGLGFGTDTQYF	1	0.03005711	48	TCRBV07-02*01	TCRBV07	TCRBV07-02	1.0				TCRBD02-01	TCRBD02	TCRBD02-01				01,02	TCRBJ02-03*01	TCRBJ02	TCRBJ02-03	1.0				6	4	1	8	6	1	33	44	48	55	61	1	In	VDJ							0.0
2146	CTGACAGTGACCAGTGCCCATCCTGAAGACAGCAGCTTCTACATCTGCAGTGCGGGCTCCGGGACAGATACGCAGTATTTTGGCCCA	CSAGSGTDTQYF	1	0.03005711	36	TCRBV20	TCRBV20	unresolved			TCRBV20-01,TCRBV20-or09_02		unresolved		unresolved		TCRBD01,TCRBD02	TCRBD01-01,TCRBD02-01		TCRBJ02-03*01	TCRBJ02	TCRBJ02-03	1.0				6	0	8	0	6	3	45	-1	53	57	63	1	In	VDJ							0.0
2147	CAGCAGGAGGACTCGGCCGTGTATCTCTGTGCCAGCAGCTTCGTTTGGGCGGGCCGGCGGGGGCAAGAGACCCAGTACTTCGGGCCA	CASSFVWAGRRGQETQYF	1	0.03005711	54	TCRBV07-02*01	TCRBV07	TCRBV07-02	1.0				TCRBD02-01*01	TCRBD02	TCRBD02-01	1.0				TCRBJ02-05*01	TCRBJ02	TCRBJ02-05	1.0				3	15	7	2	0	2	27	41	56	-1	63	1	In	VDJ							0.0
2148	ATCCAGCGCACACAGCAGGAGGACTCCGCCGTGTATCTCTGTGCCAGCAGCTTCGACAGGGGGCTAGAGACCCAGTACTTCGGGCCA	CASSFDRGLETQYF	1	0.03005711	42	TCRBV07-08*01	TCRBV07	TCRBV07-08	1.0				TCRBD01-01*01	TCRBD01	TCRBD01-01	1.0				TCRBJ02-05*01	TCRBJ02	TCRBJ02-05	1.0				3	1	2	0	1	4	39	53	54	64	65	1	In	VDJ							0.0
2149	GCACACAGCAGGAGGACTCGGCCGTGTATCTCTGTGCCAGCAGCTTATAGGGGACAGGGAGTTATAAATGAGCAGTTCTTCGGGCCA		1	0.03005711	49	TCRBV07-02*01	TCRBV07	TCRBV07-02	1.0				TCRBD01-01*01	TCRBD01	TCRBD01-01	1.0				TCRBJ02-01*01	TCRBJ02	TCRBJ02-01	1.0				2	3	0	3	7	7	32	47	50	59	66	1	Out	VDJ							0.0
2150	GTGAGCACCTTGGAGCTGGGGGACTCGGCCCTTTATCTTTGCGCCAGCAGCCTATTGATTTCGAACAATGAGCAGTTCTTCGGGCCA	CASSLLISNNEQFF	1	0.03005711	42	TCRBV05-01*01	TCRBV05	TCRBV05-01	1.0				TCRBD02-01	TCRBD02	TCRBD02-01				01,02	TCRBJ02-01*01	TCRBJ02	TCRBJ02-01	1.0				4	0	4	9	10	5	39	-1	51	54	64	1	In	VDJ							0.0
2151	CAACCAGACAGCTCTTTACTTCTGTGCCACCAGTGGCCGGGGGGGCTAGCGGATACCCCGGCCTACAATGAGCAGTTCTTCGGGCCA		1	0.03005711	59	TCRBV24	TCRBV24	unresolved			TCRBV24-01,TCRBV24-or09_02		TCRBD02-01*01	TCRBD02	TCRBD02-01	1.0				TCRBJ02-01*01	TCRBJ02	TCRBJ02-01	1.0				5	2	8	0	16	2	22	35	37	45	61	1	Out	VDJ							0.0
2152	TCCGCTACCAGCTCCCAGACATCTGTGTACTTCTGTGCCATCAGTGAGTCCGCGGAGGTGAGGTACAATGAGCAGTTCTTCGGGCCA	CAISESAEVRYNEQFF	1	0.03005711	48	TCRBV10-03*01	TCRBV10	TCRBV10-03	1.0				TCRBD02-01*02	TCRBD02	TCRBD02-01	2.0				TCRBJ02-01*01	TCRBJ02	TCRBJ02-01	1.0				0	3	10	1	5	4	33	50	53	58	63	1	In	VDJ							0.0
2153	CCAGCGCACAGAGCGGGGGGACTCAGCCGTGTATCTCTGTGCCAGCAGACACCGTAGGGGGGTTACAATGAGCAGTTCTTCGGGCCA		1	0.03005711	44	TCRBV07-03*01	TCRBV07	TCRBV07-03	1.0				unresolved		unresolved		TCRBD01,TCRBD02	TCRBD01-01,TCRBD02-01		TCRBJ02-01*01	TCRBJ02	TCRBJ02-01	1.0				6	7	5	1	2	4	37	48	55	61	63	1	Out	VDJ							0.0
2154	CCTCAAGCTGGAGTCAGCTGCTCCCTCTCAGACTTCTGTTTACTTCTGTGGCGGAGAGGAATTTACAATGAGCAGTTCTTCGGGCCA		1	0.03005711	35	TCRBV06-07*01	TCRBV06	TCRBV06-07	1.0				TCRBD02-01	TCRBD02	TCRBD02-01				01,02	TCRBJ02-01*01	TCRBJ02	TCRBJ02-01	1.0				13	0	7	5	9	4	46	-1	50	54	63	1	Out	VDJ							0.0
2155	ATCCAGCGCACAGAGCAAGGGCGACTCGGCTGTGTATCTCTGTGCCAGAAGCTTATTGCGGGGGGGCATGAGCAGTTCTTCGGGCCA		1	0.03005711	41	TCRBV07-05*01	TCRBV07	TCRBV07-05	1.0				TCRBD02-01*01	TCRBD02	TCRBD02-01	1.0				TCRBJ02-01*01	TCRBJ02	TCRBJ02-01	1.0				1	2	7	0	1	8	40	55	57	66	67	1	Out	VDJ							0.0
2156	CTCACTCTGGAGTCCGCTACCAGCTCCCAGACATCTGTGTACTTCTGTGCCATCAGTGATCCTCGACAGGTTTTCCTTTTCGGGCCA	CAISDPRQVFLF	1	0.03005711	36	TCRBV10-03*01	TCRBV10	TCRBV10-03	1.0				TCRBD01-01*01	TCRBD01	TCRBD01-01	1.0				TCRBJ02	TCRBJ02	unresolved			TCRBJ02-01,TCRBJ02-05		3	5	2	4	8	19	45	59	64	70	78	1	In	VDJ							0.0
2157	CCCAGCCCCAACCAGACCTCTCTGTACTTCTGTGCCAGCAGAACCTCGGACAGGGGGCTCCTTAATTCACCCCTCCACTTTGGGAAC	CASRTSDRGLLNSPLHF	1	0.03005711	51	TCRBV27-01*01	TCRBV27	TCRBV27-01	1.0				TCRBD01-01*01	TCRBD01	TCRBD01-01	1.0				TCRBJ01-06*01	TCRBJ01	TCRBJ01-06	1.0				6	6	1	0	4	6	30	41	47	58	62	1	In	VDJ							0.0
2158	GCTGCTCCCTCCCAGACATCTGTGTACTTCTGTGCCAGCAGTTACTCGGGACAGGTTAGCTCTGGAAACACCATATATTTTGGAGAG	CASSYSGQVSSGNTIYF	1	0.03005711	51	TCRBV06	TCRBV06	unresolved			TCRBV06-05,TCRBV06-06		TCRBD01-01*01	TCRBD01	TCRBD01-01	1.0				TCRBJ01-03*01	TCRBJ01	TCRBJ01-03	1.0				0	0	0	4	4	0	30	-1	47	55	59	1	In	VDJ							0.0
2159	CCTGCAAAGCTTGAGGACTCGGCCGTGTATCTCTGTGCCAGCAGCTTGGGGACATCCCGCTCTGGAAACACCATATATTTTGGAGAG	CASSLGTSRSGNTIYF	1	0.03005711	48	TCRBV11-02*02	TCRBV11	TCRBV11-02	2.0				TCRBD01-01*01	TCRBD01	TCRBD01-01	1.0				TCRBJ01-03*01	TCRBJ01	TCRBJ01-03	1.0				3	1	0	6	5	0	33	47	48	54	59	1	In	VDJ							0.0
2160	GTAGTGCGAGGAGATTCGGCAGCTTATTTCTGTGCCAGCTCCCCTGGACCGGGGCGTATATCCCTGCACGAGCAGTACTTCGGGCCG	CASSPGPGRISLHEQYF	1	0.03005711	51	TCRBV18-01*01	TCRBV18	TCRBV18-01	1.0				unresolved		unresolved		TCRBD01,TCRBD02	TCRBD01-01,TCRBD02-01		TCRBJ02-07*01	TCRBJ02	TCRBJ02-07	1.0				6	9	7	0	12	5	30	41	50	55	67	1	In	VDJ							0.0
2161	CCTGGAGTCGCCCAGCCCCAACCAGACCTCTCTGTACTTCTGTGCCAGCAGACTCGACAGGGAAATTACGAGCAGTACTTCGGGCCG		1	0.03005711	41	TCRBV27-01*01	TCRBV27	TCRBV27-01	1.0				TCRBD01-01*01	TCRBD01	TCRBD01-01	1.0				TCRBJ02-07*01	TCRBJ02	TCRBJ02-07	1.0				6	4	2	3	4	4	40	51	55	62	66	1	Out	VDJ							0.0
2162	CGCACACAGCAGGAGGACTCGGCCGTGTATCTCTGTGCCAGCAGCTTAGCGGGACAGGGGTTAGGCCAGCCCCAGCATTTTGGTGAT	CASSLAGQGLGQPQHF	1	0.03005711	48	TCRBV07-02*01	TCRBV07	TCRBV07-02	1.0				TCRBD01-01*01	TCRBD01	TCRBD01-01	1.0				TCRBJ01-05*01	TCRBJ01	TCRBJ01-05	1.0				0	0	0	2	6	7	33	-1	50	60	66	1	In	VDJ							0.0
2163	CAGCGCACACAGCAGGAGGACTCGGCCGTGTATCTCTGTGCCAGCAGCTTAGGCAGGCCCTACAATCAGCCCCAGCATTTTGGTGAT	CASSLGRPYNQPQHF	1	0.03005711	45	TCRBV07-02*01	TCRBV07	TCRBV07-02	1.0				TCRBD01-01*01	TCRBD01	TCRBD01-01	1.0				TCRBJ01-05*01	TCRBJ01	TCRBJ01-05	1.0				1	1	4	4	5	3	36	52	53	57	62	1	In	VDJ							0.0
2164	ATCCAGCCCTCAGAACCCAGGGACTCAGCTGTGTACTTCTGTGCCAGCAGTTTCGGGGGGCCCAATCAGCCCCAGCATTTTGGTGAT	CASSFGGPNQPQHF	1	0.03005711	42	TCRBV12	TCRBV12	unresolved			TCRBV12-03,TCRBV12-04		TCRBD02-01*01	TCRBD02	TCRBD02-01	1.0				TCRBJ01-05*01	TCRBJ01	TCRBJ01-05	1.0				3	0	8	1	2	3	39	-1	53	60	62	1	In	VDJ							0.0
2165	GGGACTCAGCCATGTATCGCTGTGCTAGCAGCTTATCCGCAGAGAGGACAGGGAAATAATAGCAATCAGCCCCAGCATTTTGGTGAT		1	0.03005711	61	TCRBV07-07*01	TCRBV07	TCRBV07-07	1.0				TCRBD01-01*01	TCRBD01	TCRBD01-01	1.0				TCRBJ01-05*01	TCRBJ01	TCRBJ01-05	1.0				2	10	1	3	6	0	20	35	45	53	59	1	Out	VDJ							0.0
2166	AGCTCTCTGGAGCTGGGGGACTCAGCTTTGTATTTCTGTGCCAGCAGCGTGAGGGAGGGGACTAATGAAAAACTGTTTTTTGGCAGT	CASSVREGTNEKLFF	1	0.03005711	45	TCRBV09-01	TCRBV09	TCRBV09-01				01,02	TCRBD02-01*02	TCRBD02	TCRBD02-01	2.0				TCRBJ01-04*01	TCRBJ01	TCRBJ01-04	1.0				2	2	9	0	1	2	36	50	52	59	60	1	In	VDJ							0.0
2167	AGCTCTCTGGAGCTGGGGGACTCAGCTTTGTATTTCTGTGCCAGCAGCGTAGAGGGACGGTCGAACACTGAAGCTTTCTTTGGACAA	CASSVEGRSNTEAFF	1	0.03005711	45	TCRBV09-01	TCRBV09	TCRBV09-01				01,02	unresolved		unresolved		TCRBD01,TCRBD02	TCRBD01-01,TCRBD02-01		TCRBJ01-01*01	TCRBJ01	TCRBJ01-01	1.0				0	1	0	7	4	1	36	52	53	58	62	1	In	VDJ							0.0
2168	ATCCAGCGCACAGAGCGGGGGGACTCAGCCGTGTATCTCTGTGCCAGCAGCTTAACGGCGGGGAACACTGAAGCTTTCTTTGGACAA	CASSLTAGNTEAFF	1	0.03005711	42	TCRBV07-03*01	TCRBV07	TCRBV07-03	1.0				TCRBD02-01	TCRBD02	TCRBD02-01				01,02	TCRBJ01-01*01	TCRBJ01	TCRBJ01-01	1.0				0	1	7	4	0	1	39	56	57	-1	62	1	In	VDJ							0.0
2169	CAGCCCTCAGAACCCAGGGACTCAGCTGTGTATTTTTGTGCTAGTGGTTTGGTACAGGGATGGGATACTGAAGCTTTCTTTGGACAA	CASGLVQGWDTEAFF	1	0.03005711	45	TCRBV12-05*01	TCRBV12	TCRBV12-05	1.0				TCRBD01-01*01	TCRBD01	TCRBD01-01	1.0				TCRBJ01-01*01	TCRBJ01	TCRBJ01-01	1.0				0	0	3	3	7	5	36	-1	53	59	66	1	In	VDJ							0.0
2170	TCCAGCGCACACAGCAGGAGGACTCGGCCGTGTATCTCTGTGCCAGCAGCTTAACCCTCGCCGTGCTCTGAAGCTTTCTTTGGACAA		1	0.03005711	43	TCRBV07-02*01	TCRBV07	TCRBV07-02	1.0				unresolved		unresolved		TCRBD01,TCRBD02	TCRBD01-01,TCRBD02-01		TCRBJ01-01*01	TCRBJ01	TCRBJ01-01	1.0				2	0	3	7	12	6	38	-1	53	55	67	1	Out	VDJ							0.0
2171	GCCTTGGAGCTGGACGACTCGGCCCTGTATCTCTGTGCCAGCAGCGTCGGGGGGGGAACTAGCACAGATACGCAGTATTTTGGCCCA	CASSVGGGTSTDTQYF	1	0.03005711	48	TCRBV05-04*01	TCRBV05	TCRBV05-04	1.0				TCRBD02-01*01	TCRBD02	TCRBD02-01	1.0				TCRBJ02-03*01	TCRBJ02	TCRBJ02-03	1.0				4	2	8	0	5	0	33	45	47	55	60	1	In	VDJ							0.0
2172	CACACCCTGCAGCCAGAAGACTCGGCCCTGTATCTCTGTGCCAGCAGCCCCGCGGCGGGTAGCACAGATACGCAGTATTTTGGCCCA	CASSPAAGSTDTQYF	1	0.03005711	45	TCRBV04-02*01	TCRBV04	TCRBV04-02	1.0				TCRBD02-01	TCRBD02	TCRBD02-01				01,02	TCRBJ02-03*01	TCRBJ02	TCRBJ02-03	1.0				4	5	7	4	1	0	36	49	54	59	60	1	In	VDJ							0.0
2173	GGGTTGGAGTCGGCTGCTCCCTCCCAAACATCTGTGTACTTCTGTGCCAGCAGTTACGGGTTTCCAGATACGCAGTATTTTGGCCCA	CASSYGFPDTQYF	1	0.03005711	39	TCRBV06	TCRBV06	unresolved			TCRBV06-02,TCRBV06-03		unresolved		unresolved		TCRBD01,TCRBD02	TCRBD01-01,TCRBD02-01		TCRBJ02-03*01	TCRBJ02	TCRBJ02-03	1.0				2	0	0	9	4	4	42	-1	57	60	64	1	In	VDJ							0.0
2174	CGGCTGCTCCCTCCCAGACATCTGTGTACTTCTGTGCCAGCAGTTAGTACCCCGACGGTCCACGGGGAGACCCAGTACTTCGGGCCA		1	0.03005711	49	TCRBV06-05*01	TCRBV06	TCRBV06-05	1.0				TCRBD02-01	TCRBD02	TCRBD02-01				01,02	TCRBJ02-05*01	TCRBJ02	TCRBJ02-05	1.0				3	16	8	4	0	5	32	46	62	-1	66	1	Out	VDJ							0.0
2175	CTGGAGTTGGCTGCTCCCTCCCAGACATCTGTGTACTTCTGTGCCAGCACTTTGACTAGCGGGAACAATGAGCAGTTCTTCGGGCCA	CASTLTSGNNEQFF	1	0.03005711	42	TCRBV06-06	TCRBV06	TCRBV06-06				01,02	TCRBD02-01*02	TCRBD02	TCRBD02-01	2.0				TCRBJ02-01*01	TCRBJ02	TCRBJ02-01	1.0				7	4	2	3	0	5	39	49	53	-1	64	1	In	VDJ							0.0
2176	CTGATCCTGGAGTCGCCCAGCCCCAACCAGACCTCTCTGTACTTCTGTGCCAGCCTCGGAATTTACAATGAGCAGTTCTTCGGGCCA	CASLGIYNEQFF	1	0.03005711	36	TCRBV27-01*01	TCRBV27	TCRBV27-01	1.0				unresolved		unresolved		TCRBD01,TCRBD02	TCRBD01-01,TCRBD02-01		TCRBJ02-01*01	TCRBJ02	TCRBJ02-01	1.0				8	3	1	8	3	4	45	54	57	60	63	1	In	VDJ							0.0
2177	TCCACAAAGCTGGAGGACTCAGCCATGTACTTCTGTGCCAGCAGTGAGGGGCAGTTCGGGTCCAAAAACATTCAGTACTTCGGCGCC	CASSEGQFGSKNIQYF	1	0.03005711	48	TCRBV02-01*01	TCRBV02	TCRBV02-01	1.0				TCRBD01-01*01	TCRBD01	TCRBD01-01	1.0				TCRBJ02-04*01	TCRBJ02	TCRBJ02-04	1.0				3	0	7	0	9	2	33	-1	47	52	61	1	In	VDJ							0.0
2178	CTGGAGCTTGGTGACTCTGCTGTGTATTTCTGTGCCAGCAGCCAAAGAAACGGAAACGGCTCTGGAAACACCATATATTTTGGAGAG	CASSQRNGNGSGNTIYF	1	0.03005711	51	TCRBV03	TCRBV03	unresolved			TCRBV03-01,TCRBV03-02		unresolved		unresolved		TCRBD01,TCRBD02	TCRBD01-01,TCRBD02-01		TCRBJ01-03*01	TCRBJ01	TCRBJ01-03	1.0				2	6	1	8	5	0	30	45	51	54	59	1	In	VDJ							0.0
2179	CCAGGCCTGGGGGACGCAGCCATGTACCTGTGTGCCACCAGCAGGGCTTCTTTTAGCGGGGGGGCATACGAGCAGTACTTCGGGCCG	CATSRASFSGGAYEQYF	1	0.03005711	51	TCRBV15-01*01	TCRBV15	TCRBV15-01	1.0				TCRBD02-01*01	TCRBD02	TCRBD02-01	1.0				TCRBJ02-07*01	TCRBJ02	TCRBJ02-07	1.0				3	9	5	0	2	4	30	44	53	64	66	1	In	VDJ							0.0
2180	CAGCGCACACAGCAGGAGGACTCGGCCGTGTATCTCTGTGCCAGCAGCTTAGCCCGACAGGGGGCGGATGGCTACACCTTCGGTTCG	CASSLARQGADGYTF	1	0.03005711	45	TCRBV07-02*01	TCRBV07	TCRBV07-02	1.0				TCRBD01-01*01	TCRBD01	TCRBD01-01	1.0				TCRBJ01-02*01	TCRBJ01	TCRBJ01-02	1.0				0	2	2	0	2	6	36	53	55	65	67	1	In	VDJ							0.0
2181	CTGCTGCCTCCTCCCAGACATCTGTATATTTCTGCGCCAGCAGTCTTAGTCCGGGACAGGTTTAACTATGGCTACACCTTCGGTTCG		1	0.03005711	49	TCRBV10-01	TCRBV10	TCRBV10-01				01,02	TCRBD01-01*01	TCRBD01	TCRBD01-01	1.0				TCRBJ01-02*01	TCRBJ01	TCRBJ01-02	1.0				5	8	0	4	2	1	32	44	52	60	62	1	Out	VDJ							0.0
2182	ACATCGGCCCAAAAGAACCCGACAGCTTTCTATCTCTGTGCCAGTAGTATTTCCGCCGGGAGCAATCAGCCCCAGCATTTTGGTGAT	CASSISAGSNQPQHF	1	0.03005711	45	TCRBV19-01	TCRBV19	TCRBV19-01				01,02	TCRBD02-01	TCRBD02	TCRBD02-01				01,02	TCRBJ01-05*01	TCRBJ01	TCRBJ01-05	1.0				3	6	8	4	0	1	36	50	56	-1	60	1	In	VDJ							0.0
2183	CAGCAGGAGGACTCCGCCGTGTATCTCTGTGCCAGCAGCACCGGGACAGGGGACTCGCCTAGCAATCAGCCCCAGCATTTTGGTGAT	CASSTGTGDSPSNQPQHF	1	0.03005711	54	TCRBV07-08*01	TCRBV07	TCRBV07-08	1.0				TCRBD01-01*01	TCRBD01	TCRBD01-01	1.0				TCRBJ01-05*01	TCRBJ01	TCRBJ01-05	1.0				5	3	0	2	7	0	27	39	42	52	59	1	In	VDJ							0.0
2184	TTGGAGTCGGCTGCTCCCTCCCAAACATCTGTGTACTTCTGTGCCAGCAGTTTCCCGACAGGGGACGAAAAACTGTTTTTTGGCAGT	CASSFPTGDEKLFF	1	0.03005711	42	TCRBV06	TCRBV06	unresolved			TCRBV06-02,TCRBV06-03		TCRBD01-01*01	TCRBD01	TCRBD01-01	1.0				TCRBJ01-04*01	TCRBJ01	TCRBJ01-04	1.0				4	4	2	2	2	8	39	52	56	64	66	1	In	VDJ							0.0
2185	CGCTACCAGCTCCCAGACATCTGTGTACTTCTGTGCCATCAGTGAGTCAAGAGGGAAGCAACTAATGAAAAACTGTTTTTTGGCAGT		1	0.03005711	50	TCRBV10-03*01	TCRBV10	TCRBV10-03	1.0				TCRBD02-01*02	TCRBD02	TCRBD02-01	2.0				TCRBJ01-04*01	TCRBJ01	TCRBJ01-04	1.0				0	2	11	0	3	0	31	48	50	55	58	1	Out	VDJ							0.0
2186	AGCCCTCAGAACCCAGGGACTCAGCTGTGTATTTTTGTGCTAGTGGTCCCCGATCGCACCCCCTACACTGAAGCTTTCTTTGGACAA		1	0.03005711	46	TCRBV12-05*01	TCRBV12	TCRBV12-05	1.0				unresolved		unresolved		TCRBD01,TCRBD02	TCRBD01-01,TCRBD02-01		TCRBJ01-01*01	TCRBJ01	TCRBJ01-01	1.0				5	4	2	8	11	3	35	47	51	53	64	1	Out	VDJ							0.0
2187	ATCCGCTCACCAGGCCTGGGGGACGCAGCCATGTACCTGTGTGCCACTAGAGCTGGGGCGCTGAGCACTGAAGCTTTCTTTGGACAA	CATRAGALSTEAFF	1	0.03005711	42	TCRBV15-01*01	TCRBV15	TCRBV15-01	1.0				TCRBD01-01*01	TCRBD01	TCRBD01-01	1.0				TCRBJ01-01*01	TCRBJ01	TCRBJ01-01	1.0				9	7	7	0	6	4	39	47	54	59	65	1	In	VDJ							0.0
2188	CTGGAGTCTGCTGCCTCCTCCCAGACATCTGTATATTTCTGCGCCAGCAGTGAGTCGTCAGGGGTGACTGAAGCTTTCTTTGGACAA	CASSESSGVTEAFF	1	0.03005711	42	TCRBV10-01	TCRBV10	TCRBV10-01				01,02	TCRBD01-01*01	TCRBD01	TCRBD01-01	1.0				TCRBJ01-01*01	TCRBJ01	TCRBJ01-01	1.0				0	2	4	2	2	5	39	56	58	64	66	1	In	VDJ							0.0
2189	CAGAGCGGGGGGACTCAGCCGTGTATCTCTGTGCCAGCAGCTTACCTCCTCTCCGGGACAGACACCGGGGAGCTGTTTTTTGGAGAA		1	0.03005711	52	TCRBV07-03*01	TCRBV07	TCRBV07-03	1.0				TCRBD01-01*01	TCRBD01	TCRBD01-01	1.0				TCRBJ02-02*01	TCRBJ02	TCRBJ02-02	1.0				2	10	0	5	0	3	29	44	54	-1	61	1	Out	VDJ							0.0
2190	CCCTCAGAACCCAGGGACTCAGCTGTGTATTTTTGTGCTAGTGGTTTGGTACACGACAGGATAACAGATACGCAGTATTTTGGCCCA	CASGLVHDRITDTQYF	1	0.03005711	48	TCRBV12-05*01	TCRBV12	TCRBV12-05	1.0				TCRBD01-01*01	TCRBD01	TCRBD01-01	1.0				TCRBJ02-03*01	TCRBJ02	TCRBJ02-03	1.0				0	4	2	4	3	3	33	50	54	60	63	1	In	VDJ							0.0
2191	AACGCCTTGTTGCTGGGGGACTCGGCCCTCTATCTCTGTGCCAGCAGCTCCGGGGGTCCCAGCACAGATACGCAGTATTTTGGCCCA	CASSSGGPSTDTQYF	1	0.03005711	45	TCRBV05-06*01	TCRBV05	TCRBV05-06	1.0				TCRBD02-01*01	TCRBD02	TCRBD02-01	1.0				TCRBJ02-03*01	TCRBJ02	TCRBJ02-03	1.0				3	1	8	2	4	0	36	49	50	56	60	1	In	VDJ							0.0
2192	AAGCTGGAGGACTCAGCCATGTACTTCTGTGCCAGCAGTGAAAATAGCGGGGGGACAAGGAGCACAGATACGCAGTATTTTGGCCCA	CASSENSGGTRSTDTQYF	1	0.03005711	54	TCRBV02-01*01	TCRBV02	TCRBV02-01	1.0				TCRBD02-01*01	TCRBD02	TCRBD02-01	1.0				TCRBJ02-03*01	TCRBJ02	TCRBJ02-03	1.0				2	2	5	1	6	0	27	42	44	54	60	1	In	VDJ							0.0
2193	CAGCGCACACAGCAGGAGGACTCGGCCGTGTATCTCTGTGCCAGCAGCCTTAGCGGGGGGGCGGGAGATACGCAGTATTTTGGCCCA	CASSLSGGAGDTQYF	1	0.03005711	45	TCRBV07-02*01	TCRBV07	TCRBV07-02	1.0				TCRBD02-01*01	TCRBD02	TCRBD02-01	1.0				TCRBJ02-03*01	TCRBJ02	TCRBJ02-03	1.0				5	2	5	0	4	5	36	48	50	61	65	1	In	VDJ							0.0
2194	GTGAGCACCTTGGAGCTGGGGGACTCGGCCCTTTATCTTTGCGCCAGCAGCCTGCAAGGTATTAAAGAGACCCAGTACTTCGGGCCA	CASSLQGIKETQYF	1	0.03005711	42	TCRBV05-01*01	TCRBV05	TCRBV05-01	1.0				unresolved		unresolved		TCRBD01,TCRBD02	TCRBD01-01,TCRBD02-01		TCRBJ02-05*01	TCRBJ02	TCRBJ02-05	1.0				4	5	5	4	5	3	39	51	56	59	64	1	In	VDJ							0.0
2195	ACCAGTGCCCATCCTGAAGACAGCAGCTTCTACATCTGCAGTGCTAGGGACGGGGGCCCGTACCAAGAGACCCAGTACTTCGGGCCA	CSARDGGPYQETQYF	1	0.03005711	45	TCRBV20	TCRBV20	unresolved			TCRBV20-01,TCRBV20-or09_02		unresolved		unresolved		TCRBD01,TCRBD02	TCRBD01-01,TCRBD02-01		TCRBJ02-05*01	TCRBJ02	TCRBJ02-05	1.0				3	4	6	0	4	0	36	47	51	57	61	1	In	VDJ							0.0
2196	TTGGAGATCCAGCGCACAGAGCAGGGGGACTCGGCCATGTATCTCTGTGCCACCCAGGGGGGCCAAGAGACCCAGTACTTCGGGCCA	CATQGGQETQYF	1	0.03005711	36	TCRBV07-09	TCRBV07	TCRBV07-09				01,03	TCRBD01-01*01	TCRBD01	TCRBD01-01	1.0				TCRBJ02-05*01	TCRBJ02	TCRBJ02-05	1.0				10	2	4	1	1	1	45	52	54	61	62	1	In	VDJ							0.0
2197	CCCTCAGAACCCAGGGACTCAGCTGTGTACTTCTGTGCCAGCAGCCTTGGGACAGGGCGTTCCTACAATGAGCAGTTCTTCGGGCCA	CASSLGTGRSYNEQFF	1	0.03005711	48	TCRBV12	TCRBV12	unresolved			TCRBV12-03,TCRBV12-04		TCRBD01-01*01	TCRBD01	TCRBD01-01	1.0				TCRBJ02-01*01	TCRBJ02	TCRBJ02-01	1.0				6	4	0	3	3	1	33	44	48	57	60	1	In	VDJ							0.0
2198	TGGAGTCGCCCAGCCCCAACCAGACCTCTCTGTACTTCTGTGCCAGCAGTTTAGTACATACAGTACAATGAGCAGTTCTTCGGGCCA		1	0.03005711	43	TCRBV27-01*01	TCRBV27	TCRBV27-01	1.0				TCRBD01-01*01	TCRBD01	TCRBD01-01	1.0				TCRBJ02-01*01	TCRBJ02	TCRBJ02-01	1.0				2	6	3	5	0	4	38	53	59	-1	63	1	Out	VDJ							0.0
2199	CTGTCGGCTGCTCCCTCCCAGACATCTGTGTACTTCTGTGCCAGCAGTTACCTGGCGGGGGGGTACAATGAGCAGTTCTTCGGGCCA	CASSYLAGGYNEQFF	1	0.03005711	45	TCRBV06-05*01	TCRBV06	TCRBV06-05	1.0				TCRBD02-01*01	TCRBD02	TCRBD02-01	1.0				TCRBJ02-01*01	TCRBJ02	TCRBJ02-01	1.0				2	3	7	0	0	4	36	51	54	-1	63	1	In	VDJ							0.0
2200	AAGATCCAGCCCTCAGAACCCAGGGACTCAGCTGTGTACTTCTGTGCCAGCGGACAAGGATTTTACAATGAGCAGTTCTTCGGGCCA	CASGQGFYNEQFF	1	0.03005711	39	TCRBV12	TCRBV12	unresolved			TCRBV12-03,TCRBV12-04		TCRBD01-01*01	TCRBD01	TCRBD01-01	1.0				TCRBJ02-01*01	TCRBJ02	TCRBJ02-01	1.0				8	0	1	6	7	4	42	-1	51	56	63	1	In	VDJ							0.0
2201	CTGCTGGGGTTGGAGTCGGCTGCTCCCTCCCAAACATCTGTGTACTTCTGTGCCAGCAGACGGGGCAATGAGCAGTTCTTCGGGCCA	CASRRGNEQFF	1	0.03005711	33	TCRBV06	TCRBV06	unresolved			TCRBV06-02,TCRBV06-03		TCRBD02-01*01	TCRBD02	TCRBD02-01	1.0				TCRBJ02-01*01	TCRBJ02	TCRBJ02-01	1.0				6	1	8	3	0	6	48	59	60	-1	65	1	In	VDJ							0.0
2202	CTAAACCTGAGCTCTCTGGAGCTGGGGGACTCAGCTTTGTATTTCTGTGCCAGCAGCGTAGCGGGGAGTGAGCAGTTCTTCGGGCCA	CASSVAGSEQFF	1	0.03005711	36	TCRBV09-01	TCRBV09	TCRBV09-01				01,02	TCRBD02-01	TCRBD02	TCRBD02-01				01,02	TCRBJ02-01*01	TCRBJ02	TCRBJ02-01	1.0				0	0	8	3	2	9	45	-1	61	66	68	1	In	VDJ							0.0
2203	AATTCCCTGGAGCTTGGTGACTCTGCTGTGTATTTCTGTGCCAGCAGCCAAGATAGCGGGGGGGCCTTTGAGCAGTTCTTCGGGCCA	CASSQDSGGAFEQFF	1	0.03005711	45	TCRBV03	TCRBV03	unresolved			TCRBV03-01,TCRBV03-02		TCRBD02-01*01	TCRBD02	TCRBD02-01	1.0				TCRBJ02-01*01	TCRBJ02	TCRBJ02-01	1.0				0	0	5	0	4	9	36	-1	53	64	68	1	In	VDJ							0.0
2204	ACGGAGTCAGGGGACACAGCACTGTATTTCTGTGCCAGCAGCAAAGCTCCCAACAGGGGGCTATCCTACGAGCAGTACTTCGGGCCG	CASSKAPNRGLSYEQYF	1	0.03005711	51	TCRBV21-01*01	TCRBV21	TCRBV21-01	1.0				TCRBD01-01*01	TCRBD01	TCRBD01-01	1.0				TCRBJ02-07*01	TCRBJ02	TCRBJ02-07	1.0				0	5	3	0	2	1	30	47	52	61	63	1	In	VDJ							0.0
2205	CGCTCACCAGGCCTGGGGGACGCAGCCATGTACCTGTGTGCCACCAGCAGAGATCCCACAGGCTCCTACGAGCAGTACTTCGGGCCG	CATSRDPTGSYEQYF	1	0.03005711	45	TCRBV15-01*01	TCRBV15	TCRBV15-01	1.0				TCRBD01-01*01	TCRBD01	TCRBD01-01	1.0				TCRBJ02-07*01	TCRBJ02	TCRBJ02-07	1.0				0	4	3	4	0	0	36	53	57	-1	62	1	In	VDJ							0.0
2206	TGCAGCCTGGCAATCCTGTCCTCAGAACCGGGAGACACGGCACTGTATCTCTGCGCCAGCCGCTCATGCGAGCAGTACTTCGGGCCG	CASRSCEQYF	1	0.03005711	30	TCRBV23-01*01	TCRBV23	TCRBV23-01	1.0				unresolved		unresolved		TCRBD01,TCRBD02	TCRBD01-01,TCRBD02-01		TCRBJ02-07*01	TCRBJ02	TCRBJ02-07	1.0				8	4	4	6	2	6	51	60	64	66	68	1	In	VDJ							0.0
2207	AGATCCAGCGCACAGAGCAAGGGCGACTCGGCTGTGTATCTCTGTGCCAGAATGGTAGGAAAGACCTATGGCTACACCTTCGGTTCG	CARMVGKTYGYTF	1	0.03005711	39	TCRBV07-05*01	TCRBV07	TCRBV07-05	1.0				unresolved		unresolved		TCRBD01,TCRBD02	TCRBD01-01,TCRBD02-01		TCRBJ01-02*01	TCRBJ01	TCRBJ01-02	1.0				6	5	1	8	5	4	42	52	57	60	65	1	In	VDJ							0.0
2208	CCCTCCCAAACATCTGTGTACTTCTGTGCCAGCAGACCCTCCGCGGGACAGGGACTTAATAGCAATCAGCCCCAGCATTTTGGTGAT	CASRPSAGQGLNSNQPQHF	1	0.03005711	57	TCRBV06	TCRBV06	unresolved			TCRBV06-02,TCRBV06-03		TCRBD01-01*01	TCRBD01	TCRBD01-01	1.0				TCRBJ01-05*01	TCRBJ01	TCRBJ01-05	1.0				6	9	0	3	6	0	24	35	44	53	59	1	In	VDJ							0.0
2209	CTGCAGCCAGAAGACTCAGCCCTGTATCTCTGCGCCAGCAGCCAAGTCCGGACCGGGACAGGGGCTGAAAAACTGTTTTTTGGCAGT	CASSQVRTGTGAEKLFF	1	0.03005711	51	TCRBV04-01*01	TCRBV04	TCRBV04-01	1.0				TCRBD01-01*01	TCRBD01	TCRBD01-01	1.0				TCRBJ01-04*01	TCRBJ01	TCRBJ01-04	1.0				1	8	0	2	1	7	30	46	54	64	65	1	In	VDJ							0.0
2210	CTCAGGCTGCTGTCGGCTGCTCCCTCCCAGACATCTGTGTACTTCTGTGCCGCGCAAACACCGAACACTGAAGCTTTCTTTGGACAA	CAAQTPNTEAFF	1	0.03005711	36	TCRBV06-05*01	TCRBV06	TCRBV06-05	1.0				unresolved		unresolved		TCRBD01,TCRBD02	TCRBD01-01,TCRBD02-01		TCRBJ01-01*01	TCRBJ01	TCRBJ01-01	1.0				11	6	3	6	2	1	45	51	57	60	62	1	In	VDJ							0.0
2211	CCTGGAGTCGCCCAGCCCCAACCAGACCTCTCTGTACTTCTGTGCCAGCAGTTGGGACCGGGGAACACTGAAGCTTTCTTTGGACAA		1	0.03005711	41	TCRBV27-01*01	TCRBV27	TCRBV27-01	1.0				unresolved		unresolved		TCRBD01,TCRBD02	TCRBD01-01,TCRBD02-01		TCRBJ01-01*01	TCRBJ01	TCRBJ01-01	1.0				4	0	0	7	4	1	40	-1	53	58	62	1	Out	VDJ							0.0
2212	CTGTCGGCTGCTCCCTCCCAGACATCTGTGTACTTCTGTGCCAGCAGTTACTCGAAGGGTTTGGGCACTGAAGCTTTCTTTGGACAA	CASSYSKGLGTEAFF	1	0.03005711	45	TCRBV06-05*01	TCRBV06	TCRBV06-05	1.0				unresolved		unresolved		TCRBD01,TCRBD02	TCRBD01-01,TCRBD02-01		TCRBJ01-01*01	TCRBJ01	TCRBJ01-01	1.0				0	2	5	3	6	4	36	53	55	59	65	1	In	VDJ							0.0
2213	AGGCTGGAGTCGGCTGCTCCCTCCCAGACATCTGTGTACTTCTGTGCCAGCAGCCGGGACAGGGGGACTGAAGCTTTCTTTGGACAA	CASSRDRGTEAFF	1	0.03005711	39	TCRBV06-01*01	TCRBV06	TCRBV06-01	1.0				TCRBD01-01*01	TCRBD01	TCRBD01-01	1.0				TCRBJ01-01*01	TCRBJ01	TCRBJ01-01	1.0				6	2	0	1	0	5	42	53	55	-1	66	1	In	VDJ							0.0
2214	CTACTCTGAAGATCCAGCCTGCAGAGCAGGGGGACTCGGCCGTGTATGTCTGTGCAAGTCGCTTAGGGGGACGCTTTCTTTGGACAA		1	0.03005711	31	TCRBV12-02*01	TCRBV12	TCRBV12-02	1.0				unresolved		unresolved		TCRBD01,TCRBD02	TCRBD01-01,TCRBD02-01		TCRBJ01-01*01	TCRBJ01	TCRBJ01-01	1.0				1	1	0	7	0	11	50	66	67	-1	72	1	Out	VDJ							0.0
2215	GTGCCCATCCTGAAGACAGCAGCTTCTACATCTGCAGTGCTAGTGTTTACCGGGAGATGCAACACCGGGGAGCTGTTTTTTGGAGAA		1	0.03005711	49	TCRBV20	TCRBV20	unresolved			TCRBV20-01,TCRBV20-or09_02		TCRBD02-01*02	TCRBD02	TCRBD02-01	2.0				TCRBJ02-02*01	TCRBJ02	TCRBJ02-02	1.0				3	7	8	2	4	2	32	43	50	56	60	1	Out	VDJ							0.0
2216	GCCTTGTTGCTGGGGGACTCGGCCCTCTATCTCTGTGCCAGCAGCTTGGTGACCCTCAAGAACACCGGGGAGCTGTTTTTTGGAGAA	CASSLVTLKNTGELFF	1	0.03005711	48	TCRBV05-06*01	TCRBV05	TCRBV05-06	1.0				unresolved		unresolved		TCRBD01,TCRBD02	TCRBD01-01,TCRBD02-01		TCRBJ02-02*01	TCRBJ02	TCRBJ02-02	1.0				0	1	2	7	6	1	33	49	50	53	59	1	In	VDJ							0.0
2217	GCTGCCTCCTCCCAGACATCTGTATATTTCTGCGCCAGCAGGGGATGACTAGCGGGGGAGAACACCGGGGAGCTGTTTTTTGGAGAA	CASRG*LAGENTGELFF	1	0.03005711	51	TCRBV10-01	TCRBV10	TCRBV10-01				01,02	TCRBD02-01*01	TCRBD02	TCRBD02-01	1.0				TCRBJ02-02*01	TCRBJ02	TCRBJ02-02	1.0				6	5	2	2	1	1	30	41	46	58	59	1	Stop	VDJ							0.0
2218	ATCCAGCGCACAGAGCGGGGGGACTCAGCCGTGTATCTCTGTGCCAGCAGCTTAATGGGGCTAGCCGGGGAGCTGTTTTTTGGAGAA	CASSLMGLAGELFF	1	0.03005711	42	TCRBV07-03*01	TCRBV07	TCRBV07-03	1.0				TCRBD01-01*01	TCRBD01	TCRBD01-01	1.0				TCRBJ02-02*01	TCRBJ02	TCRBJ02-02	1.0				1	1	7	0	3	6	39	55	56	61	64	1	In	VDJ							0.0
2219	CCTGCAGAGCTTGGGGACTCGGCCGTGTATCTCTGTGCCAGCAGCTCCGGGACAGGGGGTAGCACAGATACGCAGTATTTTGGCCCA	CASSSGTGGSTDTQYF	1	0.03005711	48	TCRBV11-03*01	TCRBV11	TCRBV11-03	1.0				TCRBD01-01*01	TCRBD01	TCRBD01-01	1.0				TCRBJ02-03*01	TCRBJ02	TCRBJ02-03	1.0				4	2	0	1	1	0	33	46	48	59	60	1	In	VDJ							0.0
2220	CAGCCTGCAGAGCTTGGGGACTCGGCCATGTATCTCTGTGCCAGCAGCTTAGGGGCAGGGTTCACAGATACGCAGTATTTTGGCCCA	CASSLGAGFTDTQYF	1	0.03005711	45	TCRBV11-01*01	TCRBV11	TCRBV11-01	1.0				TCRBD01-01*01	TCRBD01	TCRBD01-01	1.0				TCRBJ02-03*01	TCRBJ02	TCRBJ02-03	1.0				1	3	4	3	2	2	36	52	55	60	62	1	In	VDJ							0.0
2221	TCTCTGGAGCTGGGGGACTCAGCTTTGTATTTCTGTGCCAGCAGCATGGGGCGGGGGGGCTATACAGATACGCAGTATTTTGGCCCA	CASSMGRGGYTDTQYF	1	0.03005711	48	TCRBV09-01	TCRBV09	TCRBV09-01				01,02	TCRBD02-01*01	TCRBD02	TCRBD02-01	1.0				TCRBJ02-03*01	TCRBJ02	TCRBJ02-03	1.0				4	5	7	0	4	3	33	45	50	59	63	1	In	VDJ							0.0
2222	GCAAAGCTTGAGGACTCGGCCGTGTATCTCTGTGCCAGCAGCTTAGTGGGTGTCCGGGGGACCCAAGAGACCCAGTACTTCGGGCCA	CASSLVGVRGTQETQYF	1	0.03005711	51	TCRBV11-02*02	TCRBV11	TCRBV11-02	2.0				TCRBD02-01*01	TCRBD02	TCRBD02-01	1.0				TCRBJ02-05*01	TCRBJ02	TCRBJ02-05	1.0				1	8	8	2	2	1	30	46	54	60	62	1	In	VDJ							0.0
2223	GTGAGCACCTTGGAGCTGGGGGACTCGGCCCTTTATCTTTGCGCCAGCAGCTTGGAGGGGACACCAAATGAGCAGTTCTTCGGGCCA	CASSLEGTPNEQFF	1	0.03005711	42	TCRBV05-01*01	TCRBV05	TCRBV05-01	1.0				TCRBD01-01*01	TCRBD01	TCRBD01-01	1.0				TCRBJ02-01*01	TCRBJ02	TCRBJ02-01	1.0				0	2	0	6	3	7	39	55	57	63	66	1	In	VDJ							0.0
2224	CTGGGGGACTCGGCCCTTTATCTTTGCGCCAGCGGACGATCCGGGACTAGCGGGGCGAGGACCTACAATGAGCAGTTCTTCGGGCCA	CASGRSGTSGARTYNEQFF	1	0.03005711	57	TCRBV05-01*01	TCRBV05	TCRBV05-01	1.0				TCRBD02-01*01	TCRBD02	TCRBD02-01	1.0				TCRBJ02-01*01	TCRBJ02	TCRBJ02-01	1.0				7	9	0	3	6	2	24	33	42	55	61	1	In	VDJ							0.0
2225	AGTGCCCATCCTGAAGACAGCAGCTTCTACATCTGCAGTGCTCGCCTTAGCGGGGGTCTTTCCTACAATGAGCAGTTCTTCGGGCCA	CSARLSGGLSYNEQFF	1	0.03005711	48	TCRBV20	TCRBV20	unresolved			TCRBV20-01,TCRBV20-or09_02		TCRBD02-01*01	TCRBD02	TCRBD02-01	1.0				TCRBJ02-01*01	TCRBJ02	TCRBJ02-01	1.0				5	5	5	2	4	1	33	42	47	56	60	1	In	VDJ							0.0
2226	GAGTTGGCTGCTCCCTCCCAGACATCTGTGTACTTCTGTGCCAGCAGGGGTAGCGGGGGGGCCAGCGATGAGCAGTTCTTCGGGCCA	CASRGSGGASDEQFF	1	0.03005711	45	TCRBV06-06	TCRBV06	TCRBV06-06				01,02	TCRBD02-01*01	TCRBD02	TCRBD02-01	1.0				TCRBJ02-01*01	TCRBJ02	TCRBJ02-01	1.0				6	3	5	0	6	8	36	47	50	61	67	1	In	VDJ							0.0
2227	AACCAGACCTCTCTGTACTTCTGTGCCAGCAGTTTAGGAGTACAGATTGGGGGAGGGGCTGGTAATTCACCCCTCCACTTTGGGAAC	CASSLGVQIGGGAGNSPLHF	1	0.03005711	60	TCRBV27-01*01	TCRBV27	TCRBV27-01	1.0				TCRBD02-01*02	TCRBD02	TCRBD02-01	2.0				TCRBJ01-06*01	TCRBJ01	TCRBJ01-06	1.0				2	14	9	0	5	6	21	36	50	57	62	1	In	VDJ							0.0
2228	ATCCAGCGCACAGAGCAGGGGGACTCGGCCATGTATCTCTGTGCCAGCAGCTTTGAGGGTGCGGGAAACACCATATATTTTGGAGAG	CASSFEGAGNTIYF	1	0.03005711	42	TCRBV07-09	TCRBV07	TCRBV07-09				01,03	TCRBD02-01*02	TCRBD02	TCRBD02-01	2.0				TCRBJ01-03*01	TCRBJ01	TCRBJ01-03	1.0				3	1	11	0	4	4	39	53	54	59	63	1	In	VDJ							0.0
2229	TGGAGTCGCCCAGCCCCAACCAGACCTCTCTGTACTTCTGTGCCAGCAGATCCCGGGACGGCTGGAAACACCATATATTTTGGAGAG		1	0.03005711	43	TCRBV27-01*01	TCRBV27	TCRBV27-01	1.0				unresolved		unresolved		TCRBD01,TCRBD02	TCRBD01-01,TCRBD02-01		TCRBJ01-03*01	TCRBJ01	TCRBJ01-03	1.0				6	5	0	7	2	2	38	49	54	59	61	1	Out	VDJ							0.0
2230	ACCTTGGAGCTGGGGGACTCGGCCCTTTATCTTTGCGCCAGCAGCTTGGATCCGGGGGCGGTAACCTACGAGCAGTACTTCGGGCCG	CASSLDPGAVTYEQYF	1	0.03005711	48	TCRBV05-01*01	TCRBV05	TCRBV05-01	1.0				unresolved		unresolved		TCRBD01,TCRBD02	TCRBD01-01,TCRBD02-01		TCRBJ02-07*01	TCRBJ02	TCRBJ02-07	1.0				0	4	6	0	5	2	33	49	53	59	64	1	In	VDJ							0.0
2231	ACCAGTGCCCATCCTGAAGACAGCAGCTTCTACATCTGCAGTGCTAAATTAGGGGGACAGGGGACCTACGAGCAGTACTTCGGGCCG	CSAKLGGQGTYEQYF	1	0.03005711	45	TCRBV20	TCRBV20	unresolved			TCRBV20-01,TCRBV20-or09_02		TCRBD01-01*01	TCRBD01	TCRBD01-01	1.0				TCRBJ02-07*01	TCRBJ02	TCRBJ02-07	1.0				4	7	0	2	1	2	36	46	53	63	64	1	In	VDJ							0.0
2232	CCAGCCCTCAGAACCCAGGGACTCAGCTGTGTACTTCTGTGCCAGCAGACCGAACAAGAAAGTTCCTACGAGCAGTACTTCGGGCCG		1	0.03005711	44	TCRBV12	TCRBV12	unresolved			TCRBV12-03,TCRBV12-04		TCRBD01-01*01	TCRBD01	TCRBD01-01	1.0				TCRBJ02-07*01	TCRBJ02	TCRBJ02-07	1.0				6	5	3	6	7	1	37	48	53	56	63	1	Out	VDJ							0.0
2233	AACGCCTTGGAGCTGGACGACTCGGCCCTGTATCTCTGTGCCAGCAGCCAGAAATACAGGGGAGGCTATGGCTACACCTTCGGTTCG	CASSQKYRGGYGYTF	1	0.03005711	45	TCRBV05-04*01	TCRBV05	TCRBV05-04	1.0				TCRBD01-01*01	TCRBD01	TCRBD01-01	1.0				TCRBJ01-02*01	TCRBJ01	TCRBJ01-02	1.0				4	7	3	2	3	4	36	48	55	62	65	1	In	VDJ							0.0
2234	ACGATCCAGCGCACACAGCAGGAGGACTCGGCCGTGTATCTCTGTGCCAGCAGCTTGGCAGGGGGCTATGGCTACACCTTCGGTTCG	CASSLAGGYGYTF	1	0.03005711	39	TCRBV07-02*01	TCRBV07	TCRBV07-02	1.0				TCRBD01-01*01	TCRBD01	TCRBD01-01	1.0				TCRBJ01-02*01	TCRBJ01	TCRBJ01-02	1.0				3	2	4	1	0	4	42	56	58	-1	65	1	In	VDJ							0.0
2235	TGAGCACCTTGGAGCTGGGGGACTCGGCCCTTTATCTTTGCGCCAGCAGCTATAACGTCAGCAGCTGAAAAACTGTTTTTTGGCAGT		1	0.03005711	43	TCRBV05-01*01	TCRBV05	TCRBV05-01	1.0				unresolved		unresolved		TCRBD01,TCRBD02	TCRBD01-01,TCRBD02-01		TCRBJ01-04*01	TCRBJ01	TCRBJ01-04	1.0				3	7	4	5	4	7	38	51	58	61	65	1	Out	VDJ							0.0
2236	TCCCTCTCAGACTTCTGTTTACTTCTGTGCCAGCAGCCTCAAGGACCGGGGACAGGGCCGACGAACACTGAAGCTTTCTTTGGACAA		1	0.03005711	56	TCRBV06-07*01	TCRBV06	TCRBV06-07	1.0				TCRBD01-01*01	TCRBD01	TCRBD01-01	1.0				TCRBJ01-01*01	TCRBJ01	TCRBJ01-01	1.0				6	12	0	3	5	1	25	36	48	57	62	1	Out	VDJ							0.0
2237	AGGCTGGAGTCGGCTGCTCCCTCCCAGACATCTGTGTACTTCTGTGCCAGCAGTGGGCCACGGAACACTGAAGCTTTCTTTGGACAA	CASSGPRNTEAFF	1	0.03005711	39	TCRBV06-01*01	TCRBV06	TCRBV06-01	1.0				TCRBD01-01*01	TCRBD01	TCRBD01-01	1.0				TCRBJ01-01*01	TCRBJ01	TCRBJ01-01	1.0				4	0	9	0	4	1	42	-1	55	58	62	1	In	VDJ							0.0
2238	TCTCTGGAGCTGGGGGACTCAGCTTTGTATTTCTGTGCCAGCAGCCCCCGAAGAGGGGCTGGAGGCACTGAAGCTTTCTTTGGACAA	CASSPRRGAGGTEAFF	1	0.03005711	48	TCRBV09-01	TCRBV09	TCRBV09-01				01,02	unresolved		unresolved		TCRBD01,TCRBD02	TCRBD01-01,TCRBD02-01		TCRBJ01-01*01	TCRBJ01	TCRBJ01-01	1.0				4	8	5	2	7	4	33	45	53	58	65	1	In	VDJ							0.0
2239	GCCTGGGGGACGCAGCCATGTACCTGTGTGCCACCAGCACTTTCCCGACAGGGGGAGGCCGCGAGTACTGAAGCTTTCTTTGGACAA		1	0.03005711	55	TCRBV15-01*01	TCRBV15	TCRBV15-01	1.0				TCRBD01-01*01	TCRBD01	TCRBD01-01	1.0				TCRBJ01-01*01	TCRBJ01	TCRBJ01-01	1.0				4	7	2	1	11	5	26	39	46	55	66	1	Out	VDJ							0.0
2240	AACGCCTTGGAGCTGGAGGACTCGGCCCTGTATCTCTGTGCCAGCAGCGCCGAACCGGGCGGCACCGGGGAGCTGTTTTTTGGAGAA	CASSAEPGGTGELFF	1	0.03005711	45	TCRBV05-08*01	TCRBV05	TCRBV05-08	1.0				unresolved		unresolved		TCRBD01,TCRBD02	TCRBD01-01,TCRBD02-01		TCRBJ02-02*01	TCRBJ02	TCRBJ02-02	1.0				4	8	8	0	2	4	36	48	56	60	62	1	In	VDJ							0.0
2241	CACCTACACACCCTGCAGCCAGAAGACTCGGCCCTGTATCTCTGCGCCAGCAGCCAAGTTTCTGCGGGGGAGCTGTTTTTTGGAGAA	CASSQVSAGELFF	1	0.03005711	39	TCRBV04-03*01	TCRBV04	TCRBV04-03	1.0				TCRBD02-01	TCRBD02	TCRBD02-01				01,02	TCRBJ02-02*01	TCRBJ02	TCRBJ02-02	1.0				1	5	7	6	0	8	42	58	63	-1	66	1	In	VDJ							0.0
2242	ACCAGTGCCCATCCTGAAGACAGCAGCTTCTACATCTGCAGTGCTGAAAACGGGGGCTCCAGCACAGATACGCAGTATTTTGGCCCA	CSAENGGSSTDTQYF	1	0.03005711	45	TCRBV20	TCRBV20	unresolved			TCRBV20-01,TCRBV20-or09_02		unresolved		unresolved		TCRBD01,TCRBD02	TCRBD01-01,TCRBD02-01		TCRBJ02-03*01	TCRBJ02	TCRBJ02-03	1.0				5	6	6	0	3	0	36	45	51	57	60	1	In	VDJ							0.0
2243	ACAGTGACCAGTGCCCATCCTGAAGACAGCAGCTTCTACATCTGCAGTGCTAGGAGCGGGGGCACAGATACGCAGTATTTTGGCCCA	CSARSGGTDTQYF	1	0.03005711	39	TCRBV20	TCRBV20	unresolved			TCRBV20-01,TCRBV20-or09_02		TCRBD02-01*01	TCRBD02	TCRBD02-01	1.0				TCRBJ02-03*01	TCRBJ02	TCRBJ02-03	1.0				3	1	6	3	0	1	42	53	54	-1	61	1	In	VDJ							0.0
2244	CTGGAGCTTGGTGACTCTGCTGTGTATTTCTGTGCCAGCAGCCAATCGCCCGGGCAGGGGGCATACGATACGCAGTATTTTGGCCCA	CASSQSPGQGAYDTQYF	1	0.03005711	51	TCRBV03	TCRBV03	unresolved			TCRBV03-01,TCRBV03-02		TCRBD01-01*01	TCRBD01	TCRBD01-01	1.0				TCRBJ02-03*01	TCRBJ02	TCRBJ02-03	1.0				2	9	4	0	4	6	30	45	54	62	66	1	In	VDJ							0.0
2245	GTGACCAGTGCCCATCCTGAAGACAGCAGCTTCTACATCTGCAGTGCTATTAGCGGGGGGAGATACAATGAGCAGTTCTTCGGGCCA	CSAISGGRYNEQFF	1	0.03005711	42	TCRBV20	TCRBV20	unresolved			TCRBV20-01,TCRBV20-or09_02		TCRBD02-01*01	TCRBD02	TCRBD02-01	1.0				TCRBJ02-01*01	TCRBJ02	TCRBJ02-01	1.0				4	1	5	1	3	4	39	49	50	60	63	1	In	VDJ							0.0
2246	GCCCATCCTGAAGACAGCAGCTTCTACATCTGCAGTGCTAGAATAGTGGCTAGCGGGGGGGTCTACAATGAGCAGTTCTTCGGGCCA	CSARIVASGGVYNEQFF	1	0.03005711	51	TCRBV20	TCRBV20	unresolved			TCRBV20-01,TCRBV20-or09_02		TCRBD02-01*01	TCRBD02	TCRBD02-01	1.0				TCRBJ02-01*01	TCRBJ02	TCRBJ02-01	1.0				2	7	4	0	1	3	30	42	49	61	62	1	In	VDJ							0.0
2247	GAGCTGGGGGACTCGGCCCTTTATCTTTGCGCCAGCAGCCCACCCGGGACAGGGGCAGCTGGGGCCAACGTCCTGACTTTCGGGGCC	CASSPPGTGAAGANVLTF	1	0.03005711	54	TCRBV05-01*01	TCRBV05	TCRBV05-01	1.0				TCRBD01-01*01	TCRBD01	TCRBD01-01	1.0				TCRBJ02-06*01	TCRBJ02	TCRBJ02-06	1.0				4	6	0	2	3	2	27	39	45	55	58	1	In	VDJ							0.0
2248	CCCATCCTGAAGACAGCAGCTTCTACATCTGCAGTGCTAGAGGGTATCTTTCGGGACAGGGGGCCATACGAGCAGTACTTCGGGCCG		1	0.03005711	52	TCRBV20	TCRBV20	unresolved			TCRBV20-01,TCRBV20-or09_02		TCRBD01-01*01	TCRBD01	TCRBD01-01	1.0				TCRBJ02-07*01	TCRBJ02	TCRBJ02-07	1.0				1	10	0	0	2	4	29	42	52	64	66	1	Out	VDJ							0.0
2249	ATCCAGCCTGCAGAGCTTGGGGACTCGGCCATGTATCTCTGTGCCAGCAGCTGGGGGGGACGGGACTACGAGCAGTACTTCGGGCCG	CASSWGGRDYEQYF	1	0.03005711	42	TCRBV11-01*01	TCRBV11	TCRBV11-01	1.0				TCRBD02-01*01	TCRBD02	TCRBD02-01	1.0				TCRBJ02-07*01	TCRBJ02	TCRBJ02-07	1.0				4	0	9	0	6	3	39	-1	52	59	65	1	In	VDJ							0.0
2250	CGCACAGAGCAGGGGGACTCGGCCATGTATCTCTGTGCCAGCGCCAACCCCAGGGGCGGCATTGACTACGAGCAGTACTTCGGGCCG	CASANPRGGIDYEQYF	1	0.03005711	48	TCRBV07-09	TCRBV07	TCRBV07-09				01,03	TCRBD01-01*01	TCRBD01	TCRBD01-01	1.0				TCRBJ02-07*01	TCRBJ02	TCRBJ02-07	1.0				8	8	4	2	9	3	33	42	50	56	65	1	In	VDJ							0.0
2251	GAGTCGGCTGCTCCCTCCCAAACATCTGTGTACTTCTGTGCCAGCAACCATCCGGGACAGGCTCCCTACGAGCAGTACTTCGGGCCG	CASNHPGQAPYEQYF	1	0.03005711	45	TCRBV06	TCRBV06	unresolved			TCRBV06-02,TCRBV06-03		TCRBD01-01*01	TCRBD01	TCRBD01-01	1.0				TCRBJ02-07*01	TCRBJ02	TCRBJ02-07	1.0				7	7	0	4	3	2	36	46	53	61	64	1	In	VDJ							0.0
2252	CTGAGCTCTCTGGAGCTGGGGGACTCAGCTTTGTATTTCTGTGCCAGCAGCGTAGTGCGGAGCCGCTACGAGCAGTACTTCGGGCCG	CASSVVRSRYEQYF	1	0.03005711	42	TCRBV09-01	TCRBV09	TCRBV09-01				01,02	TCRBD02-01	TCRBD02	TCRBD02-01				01,02	TCRBJ02-07*01	TCRBJ02	TCRBJ02-07	1.0				0	1	7	5	5	3	39	55	56	60	65	1	In	VDJ							0.0
2253	GAGTCGGCTGCTCCCTCCCAGACATCTGTGTACTTCTGTGCCAGCAGTGACTTTCGGGCAGGGGGCTACGAGCAGTACTTCGGGCCG	CASSDFRAGGYEQYF	1	0.03005711	45	TCRBV06-01*01	TCRBV06	TCRBV06-01	1.0				TCRBD01-01*01	TCRBD01	TCRBD01-01	1.0				TCRBJ02-07*01	TCRBJ02	TCRBJ02-07	1.0				3	8	4	1	0	3	36	50	58	-1	65	1	In	VDJ							0.0
2254	ATCCAGCGCACACAGCAGGAGGACTCCGCCGTGTATCTCTGTGCCAGCAGCTTAGGAGGCGGGATCCTCGGCTACACCTTCGGTTCG	CASSLGGGILGYTF	1	0.03005711	42	TCRBV07-08*01	TCRBV07	TCRBV07-08	1.0				TCRBD02-01*02	TCRBD02	TCRBD02-01	2.0				TCRBJ01-02*01	TCRBJ01	TCRBJ01-02	1.0				1	3	7	3	5	8	39	55	58	64	69	1	In	VDJ							0.0
2255	GCTGCTCCCTCCCAGACATCTGTGTACTTCTGTGCCAGCAGTTTGGCCAGGGGGTTTTATAGCAATCAGCCCCAGCATTTTGGTGAT	CASSLARGFYSNQPQHF	1	0.03005711	51	TCRBV06	TCRBV06	unresolved			TCRBV06-05,TCRBV06-06		TCRBD01-01*01	TCRBD01	TCRBD01-01	1.0				TCRBJ01-05*01	TCRBJ01	TCRBJ01-05	1.0				4	4	4	1	5	0	30	43	47	54	59	1	In	VDJ							0.0
2256	CACACCCTGCAGCCAGAAGACTCGGCCCTGTATCTCTGCGCCAGCAGCCAAGACACAGGGCGGGATCAGCCCCAGCATTTTGGTGAT	CASSQDTGRDQPQHF	1	0.03005711	45	TCRBV04-03*01	TCRBV04	TCRBV04-03	1.0				TCRBD01-01*01	TCRBD01	TCRBD01-01	1.0				TCRBJ01-05*01	TCRBJ01	TCRBJ01-05	1.0				0	1	3	3	4	5	36	53	54	60	64	1	In	VDJ							0.0
2257	GAGATCCAGCGCACAGAGCAGGGGGACTCGGCCATGTATCTCTGTGCCAGCAGCTTGGACAGGGGAGAAAAACTGTTTTTTGGCAGT	CASSLDRGEKLFF	1	0.03005711	39	TCRBV07-09	TCRBV07	TCRBV07-09				01,03	TCRBD01-01*01	TCRBD01	TCRBD01-01	1.0				TCRBJ01-04*01	TCRBJ01	TCRBJ01-04	1.0				3	0	1	2	1	8	42	-1	56	65	66	1	In	VDJ							0.0
2258	CAGCCTGCAGAGCTTGGGGACTCGGCCATGTATCTCTGTGCCAGCAGCTTAATGCCGACAGGGGAAACTGAAGCTTTCTTTGGACAA	CASSLMPTGETEAFF	1	0.03005711	45	TCRBV11-01*01	TCRBV11	TCRBV11-01	1.0				TCRBD01-01*01	TCRBD01	TCRBD01-01	1.0				TCRBJ01-01*01	TCRBJ01	TCRBJ01-01	1.0				2	5	2	2	2	5	36	51	56	64	66	1	In	VDJ							0.0
2259	TCTCTGGAGCTGGGGGACTCAGCTTTGTATTTCTGTGCCAGCAGCGTAGACGCTGGCCGGATCAACACTGAAGCTTTCTTTGGACAA	CASSVDAGRINTEAFF	1	0.03005711	48	TCRBV09-01	TCRBV09	TCRBV09-01				01,02	unresolved		unresolved		TCRBD01,TCRBD02	TCRBD01-01,TCRBD02-01		TCRBJ01-01*01	TCRBJ01	TCRBJ01-01	1.0				0	9	1	8	2	2	33	49	58	61	63	1	In	VDJ							0.0
2260	ATCCAGCGCACAGAGCAGGGGGACTCGGCCATGTATCTCTGTGCCAGCACCAAGACCGAGGTGAACACTGAAGCTTTCTTTGGACAA	CASTKTEVNTEAFF	1	0.03005711	42	TCRBV07-09	TCRBV07	TCRBV07-09				01,03	TCRBD02-01*02	TCRBD02	TCRBD02-01	2.0				TCRBJ01-01*01	TCRBJ01	TCRBJ01-01	1.0				7	8	11	1	0	0	39	49	57	-1	61	1	In	VDJ							0.0
2261	AAGATCCGGTCCACAAAGCTGGAGGACTCAGCCATGTACTTCTGTGCCAGCTCCGAGGGTGGGGACACTGAAGCTTTCTTTGGACAA	CASSEGGDTEAFF	1	0.03005711	39	TCRBV02-01*01	TCRBV02	TCRBV02-01	1.0				TCRBD02-01*02	TCRBD02	TCRBD02-01	2.0				TCRBJ01-01*01	TCRBJ01	TCRBJ01-01	1.0				8	3	11	0	5	3	42	51	54	59	64	1	In	VDJ							0.0
2262	CTGACAGTGACCAGTGCCCATCCTGAAGACAGCAGCTTCTACATCTGCAGTGCTCCGACAGGGGATACTGAAGCTTTCTTTGGACAA	CSAPTGDTEAFF	1	0.03005711	36	TCRBV20	TCRBV20	unresolved			TCRBV20-01,TCRBV20-or09_02		TCRBD01-01*01	TCRBD01	TCRBD01-01	1.0				TCRBJ01-01*01	TCRBJ01	TCRBJ01-01	1.0				5	2	2	2	2	5	45	54	56	64	66	1	In	VDJ							0.0
2263	ACCCTGCAGCCAGAAGACTCGGCCCTGTATCTCTGTGCCAGCAGCCAAGAATGGGGGAATCCCACAGATACGCAGTATTTTGGCCCA	CASSQEWGNPTDTQYF	1	0.03005711	48	TCRBV04-02*01	TCRBV04	TCRBV04-02	1.0				unresolved		unresolved		TCRBD01,TCRBD02	TCRBD01-01,TCRBD02-01		TCRBJ02-03*01	TCRBJ02	TCRBJ02-03	1.0				0	2	6	1	5	2	33	50	52	57	62	1	In	VDJ							0.0
2264	TCGCCCAGCCCCAACCAGACCTCTCTGTACTTCTGTGCCAGCAGTTTGCTACTAGCGGGGGGCACAGATACGCAGTATTTTGGCCCA	CASSLLLAGGTDTQYF	1	0.03005711	48	TCRBV27-01*01	TCRBV27	TCRBV27-01	1.0				TCRBD02-01*01	TCRBD02	TCRBD02-01	1.0				TCRBJ02-03*01	TCRBJ02	TCRBJ02-03	1.0				3	3	3	2	0	1	33	47	50	-1	61	1	In	VDJ							0.0
2265	CACCTACACACCCTGCAGCCAGAAGACTCGGCCCTGTATCTCTGCGCCAGCAGCCCCGACCTACAAGAGACCCAGTACTTCGGGCCA	CASSPDLQETQYF	1	0.03005711	39	TCRBV04-03*01	TCRBV04	TCRBV04-03	1.0				unresolved		unresolved		TCRBD01,TCRBD02	TCRBD01-01,TCRBD02-01		TCRBJ02-05*01	TCRBJ02	TCRBJ02-05	1.0				4	2	2	7	3	2	42	55	57	60	63	1	In	VDJ							0.0
2266	TCAGCCCTGTATCTCTGCGCCAGCAGCCAAGTGGGGTCGTCGGGGCTAGCGGGGGGAAGGCACCAAGAGACCCAGTACTTCGGGCCA	CASSQVGSSGLAGGRHQETQYF	1	0.03005711	66	TCRBV04-01*01	TCRBV04	TCRBV04-01	1.0				TCRBD02-01*01	TCRBD02	TCRBD02-01	1.0				TCRBJ02-05*01	TCRBJ02	TCRBJ02-05	1.0				1	14	4	1	5	0	15	31	45	56	61	1	In	VDJ							0.0
2267	AGCACCTTGGAGCTGGGGGACTCGGCCCTTTATCTTTGCGCCAGCAGCTTGTAACCGGACGTCCAAGAGACCCAGTACTTCGGGCCA	CASSL*PDVQETQYF	1	0.03005711	45	TCRBV05-01*01	TCRBV05	TCRBV05-01	1.0				unresolved		unresolved		TCRBD01,TCRBD02	TCRBD01-01,TCRBD02-01		TCRBJ02-05*01	TCRBJ02	TCRBJ02-05	1.0				1	5	1	7	2	1	36	51	56	60	62	1	Stop	VDJ							0.0
2268	CACGCCCTGCAGCCAGAAGACTCAGCCCTGTATCTCTGCGCCAGCAGCCAACGGGGGATTGAAGGGGAGACCCAGTACTTCGGGCCA	CASSQRGIEGETQYF	1	0.03005711	45	TCRBV04-01*01	TCRBV04	TCRBV04-01	1.0				TCRBD02-01*01	TCRBD02	TCRBD02-01	1.0				TCRBJ02-05*01	TCRBJ02	TCRBJ02-05	1.0				2	0	8	2	9	5	36	-1	51	57	66	1	In	VDJ							0.0
2269	AAGATCCAGCCCTCAGAACCCAGGGACTCAGCTGTGTACTTCTGTGCCAGCAGTTCAACAGGGTGGGAGACCCAGTACTTCGGGCCA	CASSSTGWETQYF	1	0.03005711	39	TCRBV12	TCRBV12	unresolved			TCRBV12-03,TCRBV12-04		TCRBD01-01*01	TCRBD01	TCRBD01-01	1.0				TCRBJ02-05*01	TCRBJ02	TCRBJ02-05	1.0				4	2	3	3	3	5	42	55	57	63	66	1	In	VDJ							0.0
2270	GCTGTCGGCTGCTCCCTCCCAGACATCTGTGTACTTCTGTGCCAGCAGACCGAGCGGGGGCGAGACAATGAGCAGTTCTTCGGGCCA		1	0.03005711	44	TCRBV06-05*01	TCRBV06	TCRBV06-05	1.0				TCRBD02-01*01	TCRBD02	TCRBD02-01	1.0				TCRBJ02-01*01	TCRBJ02	TCRBJ02-01	1.0				6	4	6	2	4	5	37	48	52	60	64	1	Out	VDJ							0.0
2271	CAGCCTGCAGAGCTTGGGGACTCGGCCATGTATCTCTGTGCCAGCAGCTCCGCAGGGCTCGGGGCCAACGTCCTGACTTTCGGGGCC	CASSSAGLGANVLTF	1	0.03005711	45	TCRBV11-01*01	TCRBV11	TCRBV11-01	1.0				TCRBD01-01*01	TCRBD01	TCRBD01-01	1.0				TCRBJ02-06*01	TCRBJ02	TCRBJ02-06	1.0				4	3	4	3	3	4	36	49	52	57	60	1	In	VDJ							0.0
2272	TCTCTGGAGCTGGGGGACTCAGCTTTGTATTTCTGTGCCAGCAGCGTAGTGGCGTCCACATCTGGAAACACCATATATTTTGGAGAG	CASSVVASTSGNTIYF	1	0.03005711	48	TCRBV09-01	TCRBV09	TCRBV09-01				01,02	unresolved		unresolved		TCRBD01,TCRBD02	TCRBD01-01,TCRBD02-01		TCRBJ01-03*01	TCRBJ01	TCRBJ01-03	1.0				0	8	3	6	0	1	33	49	57	-1	60	1	In	VDJ							0.0
2273	TGCCATCCCCAACCAGACAGCTCTTTACTTCTGTGCCACCAGTGATTGCCAACACAGGGGGCTAACTATGGCTACACCTTCGGTTCG		1	0.03005711	50	TCRBV24	TCRBV24	unresolved			TCRBV24-01,TCRBV24-or09_02		TCRBD01-01*01	TCRBD01	TCRBD01-01	1.0				TCRBJ01-02*01	TCRBJ01	TCRBJ01-02	1.0				2	6	3	1	0	0	31	47	53	-1	61	1	Out	VDJ							0.0
2274	GGAGCTGGGGGACTCAGCCCTGTACTTCTGTGCCAGCAGGGAAACATGAGGCTGAAGTGAAAGACCTATGGCTACACCTTCGGTTCG		1	0.03005711	53	TCRBV13-01*01	TCRBV13	TCRBV13-01	1.0				TCRBD02-01*02	TCRBD02	TCRBD02-01	2.0				TCRBJ01-02*01	TCRBJ01	TCRBJ01-02	1.0				6	8	11	1	14	4	28	39	47	51	65	1	Out	VDJ							0.0
2275	AACCTGAGCTCTCTGGAGCTGGGGGACTCAGCTTTGTATTTCTGTGCCAGCAGCGCACCCCCCAGAAGTGGCTACACCTTCGGTTCG	CASSAPPRSGYTF	1	0.03005711	39	TCRBV09-01	TCRBV09	TCRBV09-01				01,02	TCRBD01-01*01	TCRBD01	TCRBD01-01	1.0				TCRBJ01-02*01	TCRBJ01	TCRBJ01-02	1.0				3	7	4	5	3	7	42	55	62	65	68	1	In	VDJ							0.0
2276	GAGATCCAGCGCACAGAGCAGGGGGACTCGGCCATGTATCTCTGTGCCAGCAGCTTAGTGGGAGGCCAGCCCCAGCATTTTGGTGAT	CASSLVGGQPQHF	1	0.03005711	39	TCRBV07-09	TCRBV07	TCRBV07-09				01,03	TCRBD02-01*02	TCRBD02	TCRBD02-01	2.0				TCRBJ01-05*01	TCRBJ01	TCRBJ01-05	1.0				1	1	9	1	1	7	42	58	59	65	66	1	In	VDJ							0.0
2277	ATCCAGCCTGCAAAGCTTGAGGACTCGGCCGTGTATCTCTGTGCCAGCAGCCCCATGACGGGGAATGAAAAACTGTTTTTTGGCAGT	CASSPMTGNEKLFF	1	0.03005711	42	TCRBV11-02*02	TCRBV11	TCRBV11-02	2.0				TCRBD02-01*01	TCRBD02	TCRBD02-01	1.0				TCRBJ01-04*01	TCRBJ01	TCRBJ01-04	1.0				5	7	8	3	0	5	39	51	58	-1	63	1	In	VDJ							0.0
2278	CAGTGCCCATCCTGAAGACAGCAGCTTCTACATCTGCAGTATTTAGGTTGGGGCAAGCCAACTAATGAAAAACTGTTTTTTGGCAGT		1	0.03005711	47	TCRBV20	TCRBV20	unresolved			TCRBV20-01,TCRBV20-or09_02		TCRBD01-01*01	TCRBD01	TCRBD01-01	1.0				TCRBJ01-04*01	TCRBJ01	TCRBJ01-04	1.0				8	9	7	0	4	0	34	40	49	54	58	1	Out	VDJ							0.0
2279	GAGTTGGCTGCTCCCTCCCAGACATCTGTGTACTTCTGTGCCAGCAGTTACCCCACAGGGGCTAATGAAAAACTGTTTTTTGGCAGT	CASSYPTGANEKLFF	1	0.03005711	45	TCRBV06-06	TCRBV06	TCRBV06-06				01,02	TCRBD01-01*01	TCRBD01	TCRBD01-01	1.0				TCRBJ01-04*01	TCRBJ01	TCRBJ01-04	1.0				2	3	3	2	0	3	36	51	54	-1	61	1	In	VDJ							0.0
2280	ACAGAGCAGGGGGACTCGGCCATGTATCTCTGTGCCAGCAGCACCGGACAGGGGGCGAATATTAATGAAAAACTGTTTTTTGGCAGT	CASSTGQGANINEKLFF	1	0.03005711	51	TCRBV07-09	TCRBV07	TCRBV07-09				01,03	TCRBD01-01*01	TCRBD01	TCRBD01-01	1.0				TCRBJ01-04*01	TCRBJ01	TCRBJ01-04	1.0				5	3	1	0	6	4	30	42	45	56	62	1	In	VDJ							0.0
2281	AATTCCCTGGAGCTTGGTGACTCTGCTGTGTATTTCTGTGCCAGCAGCCAACGGACAGGAGGGGATGAAAAACTGTTTTTTGGCAGT	CASSQRTGGDEKLFF	1	0.03005711	45	TCRBV03	TCRBV03	unresolved			TCRBV03-01,TCRBV03-02		TCRBD01-01*01	TCRBD01	TCRBD01-01	1.0				TCRBJ01-04*01	TCRBJ01	TCRBJ01-04	1.0				2	1	1	4	5	6	36	51	52	59	64	1	In	VDJ							0.0
2282	AGATCCAGCGCACAGAGCAGGGGGACTCGGCCATGTATCTCTGTGCCAGCAGCTTAGGGGGTCCGGACTGAAGCTTTCTTTGGACAA		1	0.03005711	40	TCRBV07-09	TCRBV07	TCRBV07-09				01,03	unresolved		unresolved		TCRBD01,TCRBD02	TCRBD01-01,TCRBD02-01		TCRBJ01-01*01	TCRBJ01	TCRBJ01-01	1.0				1	0	6	2	5	5	41	-1	57	61	66	1	Out	VDJ							0.0
2283	AATTCCCTGGAGCTTGGTGACTCTGCTGTGTATTTCTGTGCCAGCAGCCACCCTCCGGGGGGAGGGACTGAAGCTTTCTTTGGACAA	CASSHPPGGGTEAFF	1	0.03005711	45	TCRBV03	TCRBV03	unresolved			TCRBV03-01,TCRBV03-02		TCRBD02-01	TCRBD02	TCRBD02-01				01,02	TCRBJ01-01*01	TCRBJ01	TCRBJ01-01	1.0				3	5	8	1	4	5	36	50	55	62	66	1	In	VDJ							0.0
2284	TGCCCATCCTGAAGACAGCAGCTTCTACATCTGCAGTGCTAGGGACTAGCGGGGGGGCTCAGCACCGGGGAGCTGTTTTTTGGAGAA		1	0.03005711	50	TCRBV20	TCRBV20	unresolved			TCRBV20-01,TCRBV20-or09_02		TCRBD02-01*01	TCRBD02	TCRBD02-01	1.0				TCRBJ02-02*01	TCRBJ02	TCRBJ02-02	1.0				3	0	1	0	5	4	31	-1	42	57	62	1	Out	VDJ							0.0
2285	CTGGAGTCTGCCAGGCCCTCACATACCTCTCAGTACCTCTGTGCCAGCAGTCCGACAGGGGAGACCGGGGAGCTGTTTTTTGGAGAA	CASSPTGETGELFF	1	0.03005711	42	TCRBV25-01*01	TCRBV25	TCRBV25-01	1.0				TCRBD01-01*01	TCRBD01	TCRBD01-01	1.0				TCRBJ02-02*01	TCRBJ02	TCRBJ02-02	1.0				5	2	2	2	2	5	39	51	53	61	63	1	In	VDJ							0.0
2286	TCTCTGGAGCTGGGGGACTCAGCTTTGTATTTCTGTGCCAGCAGCGGAAGACAAGGGTACAGTGCCGGGGAGCTGTTTTTTGGAGAA	CASSGRQGYSAGELFF	1	0.03005711	48	TCRBV09-01	TCRBV09	TCRBV09-01				01,02	unresolved		unresolved		TCRBD01,TCRBD02	TCRBD01-01,TCRBD02-01		TCRBJ02-02*01	TCRBJ02	TCRBJ02-02	1.0				3	3	2	6	11	6	33	46	49	53	64	1	In	VDJ							0.0
2287	CTTGAGGACTCGGCCGTGTATCTCTGTGCCAGCAGCTTAGACCTCCCGGGACTAGCCACCAGCACAGATACGCAGTATTTTGGCCCA	CASSLDLPGLATSTDTQYF	1	0.03005711	57	TCRBV11-02*02	TCRBV11	TCRBV11-02	2.0				TCRBD02-01	TCRBD02	TCRBD02-01				01,02	TCRBJ02-03*01	TCRBJ02	TCRBJ02-03	1.0				0	6	0	7	4	0	24	41	47	56	60	1	In	VDJ							0.0
2288	CTGCAGCCAGAAGACTCAGCCCTGTATCTCTGCGCCAGCAGCCAAGAAGGGAGCGGGGGAGGCACAGATACGCAGTATTTTGGCCCA	CASSQEGSGGGTDTQYF	1	0.03005711	51	TCRBV04-01*01	TCRBV04	TCRBV04-01	1.0				TCRBD02-01*01	TCRBD02	TCRBD02-01	1.0				TCRBJ02-03*01	TCRBJ02	TCRBJ02-03	1.0				0	4	6	2	2	1	30	47	51	59	61	1	In	VDJ							0.0
2289	GAGTCGGCTGCTCCCTCCCAAACATCTGTGTACTTCTGTGCCAGCAGTTACTTCCGGGGGGGCACAGATACGCAGTATTTTGGCCCA	CASSYFRGGTDTQYF	1	0.03005711	45	TCRBV06	TCRBV06	unresolved			TCRBV06-02,TCRBV06-03		TCRBD02-01*01	TCRBD02	TCRBD02-01	1.0				TCRBJ02-03*01	TCRBJ02	TCRBJ02-03	1.0				1	2	8	1	0	1	36	52	54	-1	61	1	In	VDJ							0.0
2290	GAGTCTGCCATCCCCAACCAGACAGCTCTTTACTTCTGTGCCACCAGCCCAGGGGGCGCTGGGGTAGAGACCCAGTACTTCGGGCCA	CATSPGGAGVETQYF	1	0.03005711	45	TCRBV24	TCRBV24	unresolved			TCRBV24-01,TCRBV24-or09_02		TCRBD01-01*01	TCRBD01	TCRBD01-01	1.0				TCRBJ02-05*01	TCRBJ02	TCRBJ02-05	1.0				7	2	4	0	8	4	36	47	49	57	65	1	In	VDJ							0.0
2291	GCTGGGGGACTCGGCCCTTTATCTTTGCGCCAGCAGCCCTCGGGTCAGGGGAGGGGGTGGACGAGTAATGAGCAGTTCTTCGGGCCA		1	0.03005711	56	TCRBV05-01*01	TCRBV05	TCRBV05-01	1.0				TCRBD02-01*02	TCRBD02	TCRBD02-01	2.0				TCRBJ02-01*01	TCRBJ02	TCRBJ02-01	1.0				4	11	9	0	11	7	25	37	48	55	66	1	Out	VDJ							0.0
2292	TCCCTGGAGCTTGGTGACTCTGCTGTGTATTTCTGTGCCAGCAGCCAATCGGTCGGGCAGGCCAATTCACCCCTCCACTTTGGGAAC	CASSQSVGQANSPLHF	1	0.03005711	48	TCRBV03	TCRBV03	unresolved			TCRBV03-01,TCRBV03-02		unresolved		unresolved		TCRBD01,TCRBD02	TCRBD01-01,TCRBD02-01		TCRBJ01-06*01	TCRBJ01	TCRBJ01-06	1.0				2	9	4	4	2	7	33	48	57	61	63	1	In	VDJ							0.0
2293	CTGGAGCTTGGTGACTCTGCTGTGTATTTCTGTGCCAGCAGCAATGCTGGTCATTTGCAAAGAAAAAACATTCAGTACTTCGGCGCC	CASSNAGHLQRKNIQYF	1	0.03005711	51	TCRBV03	TCRBV03	unresolved			TCRBV03-01,TCRBV03-02		unresolved		unresolved		TCRBD01,TCRBD02	TCRBD01-01,TCRBD02-01		TCRBJ02-04*01	TCRBJ02	TCRBJ02-04	1.0				5	6	0	10	13	4	30	42	48	50	63	1	In	VDJ							0.0
2294	CTGAGCTCTCTGGAGCTGGGGGACTCAGCTTTGTATTTCTGTGCCAGCAGCGTAACTACTGGGGCCAACGTCCTGACTTTCGGGGCC	CASSVTTGANVLTF	1	0.03005711	42	TCRBV09-01	TCRBV09	TCRBV09-01				01,02	TCRBD02-01	TCRBD02	TCRBD02-01				01,02	TCRBJ02-06*01	TCRBJ02	TCRBJ02-06	1.0				1	0	3	9	0	2	39	-1	54	-1	58	1	In	VDJ							0.0
2295	GCTGCTCCCTCCCAGACATCTGTGTACTTCTGTGCCAGCAGTGTGGACAGTCCAAACTCTGGGGCCAACGTCCTGACTTTCGGGGCC	CASSVDSPNSGANVLTF	1	0.03005711	51	TCRBV06-01*01	TCRBV06	TCRBV06-01	1.0				TCRBD01-01*01	TCRBD01	TCRBD01-01	1.0				TCRBJ02-06*01	TCRBJ02	TCRBJ02-06	1.0				4	1	1	5	6	0	30	43	44	50	56	1	In	VDJ							0.0
2296	ACCCTGCAGCCAGAAGACTCGGCCCTGTATCTCTGCGCCAGCAGCCAAGCTTACACGAGCTCTGGAAACACCATATATTTTGGAGAG	CASSQAYTSSGNTIYF	1	0.03005711	48	TCRBV04-03*01	TCRBV04	TCRBV04-03	1.0				unresolved		unresolved		TCRBD01,TCRBD02	TCRBD01-01,TCRBD02-01		TCRBJ01-03*01	TCRBJ01	TCRBJ01-03	1.0				1	3	3	6	4	0	33	49	52	55	59	1	In	VDJ							0.0
2297	ATCCAGCAGGTAGTGCGAGGAGATTCGGCAGCTTATTTCTGTGCCAGCTCACCGGGACAGGGCAACCACGAGCAGTACTTCGGGCCG	CASSPGQGNHEQYF	1	0.03005711	42	TCRBV18-01*01	TCRBV18	TCRBV18-01	1.0				TCRBD01-01*01	TCRBD01	TCRBD01-01	1.0				TCRBJ02-07*01	TCRBJ02	TCRBJ02-07	1.0				3	0	0	3	5	5	39	-1	53	62	67	1	In	VDJ							0.0
2298	ACTCTGGAGTCCGCTACCAGCTCCCAGACATCTGTGTACTTCTGTGCCATTAGCGACGGGGGGGCCTACGAGCAGTACTTCGGGCCG	CAISDGGAYEQYF	1	0.03005711	39	TCRBV10-03*01	TCRBV10	TCRBV10-03	1.0				TCRBD02-01*01	TCRBD02	TCRBD02-01	1.0				TCRBJ02-07*01	TCRBJ02	TCRBJ02-07	1.0				9	6	8	0	0	2	42	50	56	-1	64	1	In	VDJ							0.0
2299	AGCTCTCTGGAGCTGGGGGACTCAGCTTTGTATTTCTGTGCCAGCAGCTCCTCAGGGGGCCCCTCCTACGAGCAGTACTTCGGGCCG	CASSSSGGPSYEQYF	1	0.03005711	45	TCRBV09-01	TCRBV09	TCRBV09-01				01,02	TCRBD01-01*01	TCRBD01	TCRBD01-01	1.0				TCRBJ02-07*01	TCRBJ02	TCRBJ02-07	1.0				4	4	4	0	2	0	36	48	52	60	62	1	In	VDJ							0.0
2300	CAGCGCACACAGCAGGAGGACTCGGCCGTGTATCTCTGTGCCAGCAGCTTAGTACAGGGGAAAAGCTACGAGCAGTACTTCGGGCCG	CASSLVQGKSYEQYF	1	0.03005711	45	TCRBV07-02*01	TCRBV07	TCRBV07-02	1.0				TCRBD01-01*01	TCRBD01	TCRBD01-01	1.0				TCRBJ02-07*01	TCRBJ02	TCRBJ02-07	1.0				1	1	3	2	5	3	36	52	53	60	65	1	In	VDJ							0.0
2301	GTGCGAGGAGATTCGGCAGCTTATTTCTGTGCCAGCTCACCAACTAGGCCCGGGACAGCGGCGCGCTATGGCTACACCTTCGGTTCG	CASSPTRPGTAARYGYTF	1	0.03005711	54	TCRBV18-01*01	TCRBV18	TCRBV18-01	1.0				TCRBD01-01*01	TCRBD01	TCRBD01-01	1.0				TCRBJ01-02*01	TCRBJ01	TCRBJ01-02	1.0				2	9	0	5	7	4	27	42	51	58	65	1	In	VDJ							0.0
2302	TCCAGCCTGCAGAGCTTGGGGACTCGGCCATGTATCTCTGTGCCAGCAGCCGAGACAGGTCTCGATGAAAAACTGTTTTTTGGCAGT		1	0.03005711	43	TCRBV11-01*01	TCRBV11	TCRBV11-01	1.0				TCRBD01-01*01	TCRBD01	TCRBD01-01	1.0				TCRBJ01-04*01	TCRBJ01	TCRBJ01-04	1.0				5	3	2	4	5	6	38	50	53	59	64	1	Out	VDJ							0.0
2303	GTGACCAGTGCCCATCCTGAAGACAGCAGCTTCTACATCTGCAGTGCCCAGGGGTGCTTATAGGACGCTGAAGCTTTCTTTGGACAA	CSAQGCL*DAEAFF	1	0.03005711	42	TCRBV20	TCRBV20	unresolved			TCRBV20-01,TCRBV20-or09_02		TCRBD01-01*01	TCRBD01	TCRBD01-01	1.0				TCRBJ01-01*01	TCRBJ01	TCRBJ01-01	1.0				6	1	4	2	13	6	39	47	48	54	67	1	Stop	VDJ							0.0
2304	ACAGTGACCAGTGCCCATCCTGAAGACAGCAGCTTCTACATCTGCAGTGCTAGTAAAATCGTTGTCGGGGAGCTGTTTTTTGGAGAA	CSASKIVVGELFF	1	0.03005711	39	TCRBV20	TCRBV20	unresolved			TCRBV20-01,TCRBV20-or09_02		TCRBD02-01	TCRBD02	TCRBD02-01				01,02	TCRBJ02-02*01	TCRBJ02	TCRBJ02-02	1.0				3	0	5	9	10	7	42	-1	53	55	65	1	In	VDJ							0.0
2305	CAGCCTGCAGAGCTTGGGGACTCGGCCATGTATCTCTGTGCCAGCAGCGCTGGAGAGGGGGAAACAGATACGCAGTATTTTGGCCCA	CASSAGEGETDTQYF	1	0.03005711	45	TCRBV11-01*01	TCRBV11	TCRBV11-01	1.0				TCRBD01-01*01	TCRBD01	TCRBD01-01	1.0				TCRBJ02-03*01	TCRBJ02	TCRBJ02-03	1.0				5	7	5	1	2	3	36	48	55	61	63	1	In	VDJ							0.0
2306	GCTGCTGTCGGCTGCTCCCTCCCAGACATCTGTGTACTTCTGTGCCACCAACTAGCCCCCAACACAGATACGCAGTATTTTGGCCCA		1	0.03005711	41	TCRBV06-05*01	TCRBV06	TCRBV06-05	1.0				TCRBD02-01	TCRBD02	TCRBD02-01				01,02	TCRBJ02-03*01	TCRBJ02	TCRBJ02-03	1.0				10	3	3	7	6	2	40	47	50	56	62	1	Out	VDJ							0.0
2307	ACCCTGCAGCCAGAAGACTCGGCCCTGTATCTCTGCGCCAGCAGCCAAGATCCTAGCGGGGTACCAGATACGCAGTATTTTGGCCCA	CASSQDPSGVPDTQYF	1	0.03005711	48	TCRBV04-03*01	TCRBV04	TCRBV04-03	1.0				TCRBD02-01*01	TCRBD02	TCRBD02-01	1.0				TCRBJ02-03*01	TCRBJ02	TCRBJ02-03	1.0				0	2	4	3	3	4	33	50	52	61	64	1	In	VDJ							0.0
2308	AACGCCTTGGAGCTGGACGACTCGGCCCTGTATCTCTGTGCCAGCAGCCGTGGGACTAGCGAGTCAGATACGCAGTATTTTGGCCCA	CASSRGTSESDTQYF	1	0.03005711	45	TCRBV05-04*01	TCRBV05	TCRBV05-04	1.0				TCRBD02-01	TCRBD02	TCRBD02-01				01,02	TCRBJ02-03*01	TCRBJ02	TCRBJ02-03	1.0				4	3	0	6	3	4	36	48	51	61	64	1	In	VDJ							0.0
2309	CCTCAGAACCCAGGGACTCAGCTGTGTATTTTTGTGCTAGTGGTTTTCTTTTTGGCGGGGTGAACGGATACGCAGTATTTTGGCCCA		1	0.03005711	49	TCRBV12-05*01	TCRBV12	TCRBV12-05	1.0				TCRBD02-01*01	TCRBD02	TCRBD02-01	1.0				TCRBJ02-03*01	TCRBJ02	TCRBJ02-03	1.0				3	8	7	3	6	6	32	46	54	60	66	1	Out	VDJ							0.0
2310	ACTGTGAGCAACATGAGCCCTGAAGACAGCAGCATATATCTCTGCAGCGTTGAGGGAGCGGGGGCGGATACGCAGTATTTTGGCCCA	CSVEGAGADTQYF	1	0.03005711	39	TCRBV29-01*01	TCRBV29	TCRBV29-01	1.0				TCRBD02-01*01	TCRBD02	TCRBD02-01	1.0				TCRBJ02-03*01	TCRBJ02	TCRBJ02-03	1.0				3	3	6	2	2	6	42	53	56	64	66	1	In	VDJ							0.0
2311	CTGACAGTGACCAGTGCCCATCCTGAAGACAGCAGCTTCTACATCTGCAGTGCTAGTGATCCGTCGGTTACGCAGTATTTTGGCCCA	CSASDPSVTQYF	1	0.03005711	36	TCRBV20	TCRBV20	unresolved			TCRBV20-01,TCRBV20-or09_02		TCRBD02-01	TCRBD02	TCRBD02-01				01,02	TCRBJ02-03*01	TCRBJ02	TCRBJ02-03	1.0				3	8	8	5	1	8	45	56	64	67	68	1	In	VDJ							0.0
2312	CACCTACACACCCTGCAGCCAGAAGACTCGGCCCTGTATCTCTGCGCCGCCGCCCGGGACACCCAAGAGACCCAGTACTTCGGGCCA	CAAARDTQETQYF	1	0.03005711	39	TCRBV04-03*01	TCRBV04	TCRBV04-03	1.0				TCRBD01-01*01	TCRBD01	TCRBD01-01	1.0				TCRBJ02-05*01	TCRBJ02	TCRBJ02-05	1.0				11	7	0	6	1	1	42	48	55	61	62	1	In	VDJ							0.0
2313	GTGAACGCCTTGGAGCTGGAGGACTCGGCCCTGTATCTCTGTGCCAGCAGCATGGGACAGGGAGCAGAGACCCAGTACTTCGGGCCA	CASSMGQGAETQYF	1	0.03005711	42	TCRBV05-08*01	TCRBV05	TCRBV05-08	1.0				TCRBD01-01*01	TCRBD01	TCRBD01-01	1.0				TCRBJ02-05*01	TCRBJ02	TCRBJ02-05	1.0				0	0	2	3	3	4	39	-1	55	62	65	1	In	VDJ							0.0
2314	CAGCGCACACAGCAGGAGGACTCGGCCGTGTATCTCTGTGCCAGCAGCTTAGCTAGCCTGACTGAGGGGCTCCAGTACTTCGGGCCA	CASSLASLTEGLQYF	1	0.03005711	45	TCRBV07-02*01	TCRBV07	TCRBV07-02	1.0				unresolved		unresolved		TCRBD01,TCRBD02	TCRBD01-01,TCRBD02-01		TCRBJ02-05*01	TCRBJ02	TCRBJ02-05	1.0				0	11	5	2	2	10	36	53	64	69	71	1	In	VDJ							0.0
2315	AATTCCCTGGAGCTTGGTGACTCTGCTGTGTATTTCTGTGCCAGCAGCCAAGAATGGGGACAGTTGTCCGAGCAGTTCTTCGGGCCA	CASSQEWGQLSEQFF	1	0.03005711	45	TCRBV03	TCRBV03	unresolved			TCRBV03-01,TCRBV03-02		TCRBD01-01*01	TCRBD01	TCRBD01-01	1.0				TCRBJ02-01*01	TCRBJ02	TCRBJ02-01	1.0				0	3	0	5	6	10	36	53	56	63	69	1	In	VDJ							0.0
2316	AACGCCTTGGAGCTGGACGACTCGGCCCTGTATCTCTGTGCCAGCAGCCTTCAGCGGGGGGGCCACAATGAGCAGTTCTTCGGGCCA	CASSLQRGGHNEQFF	1	0.03005711	45	TCRBV05-04*01	TCRBV05	TCRBV05-04	1.0				TCRBD02-01*01	TCRBD02	TCRBD02-01	1.0				TCRBJ02-01*01	TCRBJ02	TCRBJ02-01	1.0				4	4	6	0	2	5	36	48	52	62	64	1	In	VDJ							0.0
2317	GCTCCCTCCCAGACATCTGTGTACTTCTGTGCCAGCAGTTACTCGGGTCTAGCGGGGGGGCACGACAATGAGCAGTTCTTCGGGCCA	CASSYSGLAGGHDNEQFF	1	0.03005711	54	TCRBV06	TCRBV06	unresolved			TCRBV06-05,TCRBV06-06		TCRBD02-01*01	TCRBD02	TCRBD02-01	1.0				TCRBJ02-01*01	TCRBJ02	TCRBJ02-01	1.0				0	4	4	0	4	5	27	44	48	60	64	1	In	VDJ							0.0
2318	ATCCAGCCCTCAGAACCCAGGGACTCAGCTGTGTATTTTTGTGCTAGTGGTTTTACAGGGAAATACAATGAGCAGTTCTTCGGGCCA	CASGFTGKYNEQFF	1	0.03005711	42	TCRBV12-05*01	TCRBV12	TCRBV12-05	1.0				TCRBD01-01*01	TCRBD01	TCRBD01-01	1.0				TCRBJ02-01*01	TCRBJ02	TCRBJ02-01	1.0				3	1	3	3	3	4	39	53	54	60	63	1	In	VDJ							0.0
2319	CTGGAGTCGGCTGCTCCCTCCCAGACATCTGTGTACTTCTGTGCCGAGGCTAGCGGGGGTTCCTACAATGAGCAGTTCTTCGGGCCA	CAEASGGSYNEQFF	1	0.03005711	42	TCRBV06-01*01	TCRBV06	TCRBV06-01	1.0				TCRBD02-01*01	TCRBD02	TCRBD02-01	1.0				TCRBJ02-01*01	TCRBJ02	TCRBJ02-01	1.0				11	4	4	2	1	1	39	45	49	59	60	1	In	VDJ							0.0
2320	ATCCAGCGCACACAGCAGGAGGACTCCGCCGTGTATCTCTGTGCCAGCAGCTCCCTCGAGGACCCCAATGAGCAGTTCTTCGGGCCA	CASSSLEDPNEQFF	1	0.03005711	42	TCRBV07-08*01	TCRBV07	TCRBV07-08	1.0				unresolved		unresolved		TCRBD01,TCRBD02	TCRBD01-01,TCRBD02-01		TCRBJ02-01*01	TCRBJ02	TCRBJ02-01	1.0				4	7	1	7	2	6	39	52	59	63	65	1	In	VDJ							0.0
2321	GAGTCGCCCAGCCCCAACCAGACCTCTCTGTACTTCTGTGCCAGCAGTTTAAGGGCTGGGAGTAGTTCACCCCTCCACTTTGGGAAC	CASSLRAGSSSPLHF	1	0.03005711	45	TCRBV27-01*01	TCRBV27	TCRBV27-01	1.0				TCRBD02-01*02	TCRBD02	TCRBD02-01	2.0				TCRBJ01-06*01	TCRBJ01	TCRBJ01-06	1.0				2	6	9	2	3	9	36	51	57	62	65	1	In	VDJ							0.0
2322	ACCCTGCAGCCAGAAGACTCGGCCCTGTATCTCTGCGCCAGCAGCCAAGAGGCGGGACTAGGGAAAAACATTCAGTACTTCGGCGCC	CASSQEAGLGKNIQYF	1	0.03005711	48	TCRBV04-03*01	TCRBV04	TCRBV04-03	1.0				TCRBD02-01	TCRBD02	TCRBD02-01				01,02	TCRBJ02-04*01	TCRBJ02	TCRBJ02-04	1.0				0	3	0	8	2	4	33	50	53	61	63	1	In	VDJ							0.0
2323	ATGTGAGCACCTTGGAGCTGGGGGACTCGGCCCTTTATCTTTGCGCCAGCTTAACAGGGTCCTGGAAACACCATATATTTTGGAGAG		1	0.03005711	40	TCRBV05-01*01	TCRBV05	TCRBV05-01	1.0				TCRBD01-01*01	TCRBD01	TCRBD01-01	1.0				TCRBJ01-03*01	TCRBJ01	TCRBJ01-03	1.0				7	3	3	3	2	2	41	50	53	59	61	1	Out	VDJ							0.0
2324	GTGAACGCCTTGGAGCTGGACGACTCGGCCCTGTATCTCTGTGCCAGCGGGACAGGAGACTCTGGAAACACCATATATTTTGGAGAG	CASGTGDSGNTIYF	1	0.03005711	42	TCRBV05-04*01	TCRBV05	TCRBV05-04	1.0				TCRBD01-01*01	TCRBD01	TCRBD01-01	1.0				TCRBJ01-03*01	TCRBJ01	TCRBJ01-03	1.0				7	0	0	4	3	0	39	-1	48	56	59	1	In	VDJ							0.0
2325	CAGCGCACAGAGCAGGGGGACTCGGCCATGTATCTCTGTGCCAGCAGCTTTGGGGAGCTCTCTGGAAACACCATATATTTTGGAGAG	CASSFGELSGNTIYF	1	0.03005711	45	TCRBV07-09	TCRBV07	TCRBV07-09				01,03	TCRBD02-01*02	TCRBD02	TCRBD02-01	2.0				TCRBJ01-03*01	TCRBJ01	TCRBJ01-03	1.0				3	2	9	2	2	0	36	50	52	57	59	1	In	VDJ							0.0
2326	TCCGCTACCAGCTCCCAGACATCTGTGTACTTCTGTGCCATCAGTGAGCCCTTGACAGGGGGCTTGAACACCATATATTTTGGAGAG	CAISEPLTGGLNTIYF	1	0.03005711	48	TCRBV10-03*01	TCRBV10	TCRBV10-03	1.0				TCRBD01-01*01	TCRBD01	TCRBD01-01	1.0				TCRBJ01-03*01	TCRBJ01	TCRBJ01-03	1.0				2	5	2	0	3	7	33	48	53	63	66	1	In	VDJ							0.0
2327	ATCCAGCGCACAGAGCAGGGGGACTCGGCCATGTATCTCTGTGCCAGCAGCTTAAGCGATTTGGGACAGAAATTATATTTTGGAGAG	CASSLSDLGQKLYF	1	0.03005711	42	TCRBV07-09	TCRBV07	TCRBV07-09				01,03	TCRBD01-01*01	TCRBD01	TCRBD01-01	1.0				TCRBJ01-03*01	TCRBJ01	TCRBJ01-03	1.0				2	8	0	5	4	14	39	54	62	69	73	1	In	VDJ							0.0
2328	GCCCCAACCAGACCTCTCTGTACTTCTGTGCCAGCCCCTCGCCAGGGCCCTCCCTGGGGGTCCGAGAACGAGCAGTACTTCGGGCCG		1	0.03005711	55	TCRBV27-01*01	TCRBV27	TCRBV27-01	1.0				unresolved		unresolved		TCRBD01,TCRBD02	TCRBD01-01,TCRBD02-01		TCRBJ02-07*01	TCRBJ02	TCRBJ02-07	1.0				8	7	4	3	20	5	26	35	42	47	67	1	Out	VDJ							0.0
2329	AGCTCTCTGGAGCTGGGGGACTCAGCTTTGTATTTCTGTGCCAGCAGCCCCGGGACTAGCGGGGCCTACGAGCAGTACTTCGGGCCG	CASSPGTSGAYEQYF	1	0.03005711	45	TCRBV09-01	TCRBV09	TCRBV09-01				01,02	TCRBD02-01*01	TCRBD02	TCRBD02-01	1.0				TCRBJ02-07*01	TCRBJ02	TCRBJ02-07	1.0				4	3	0	3	0	2	36	48	51	-1	64	1	In	VDJ							0.0
2330	AGCTCTCTGGAGCTGGGGGACTCAGCTTTGTATTTCTGTGCCAGCAGCCCTCGGACAGGAAGCTCCTACGAGCAGTACTTCGGGCCG	CASSPRTGSSYEQYF	1	0.03005711	45	TCRBV09-01	TCRBV09	TCRBV09-01				01,02	TCRBD01-01*01	TCRBD01	TCRBD01-01	1.0				TCRBJ02-07*01	TCRBJ02	TCRBJ02-07	1.0				4	4	1	4	3	0	36	48	52	59	62	1	In	VDJ							0.0
2331	CCCTCAGAACCCAGGGACTCAGCTGTGTATTTTTGTGCTAGTGGTTTGGGCACCGGGACACTCTCCTACGAGCAGTACTTCGGGCCG	CASGLGTGTLSYEQYF	1	0.03005711	48	TCRBV12-05*01	TCRBV12	TCRBV12-05	1.0				TCRBD01-01*01	TCRBD01	TCRBD01-01	1.0				TCRBJ02-07*01	TCRBJ02	TCRBJ02-07	1.0				1	5	0	6	2	0	33	49	54	60	62	1	In	VDJ							0.0
2332	CCTTGGAGATCCAGCGCACAGAGCAGGGGGACTCGGCCATGTATCTCTGTGCCAGGCGGGACAGGGGGCGAGCAGTACTTCGGGCCG		1	0.03005711	34	TCRBV07-09	TCRBV07	TCRBV07-09				01,03	TCRBD01-01*01	TCRBD01	TCRBD01-01	1.0				TCRBJ02-07*01	TCRBJ02	TCRBJ02-07	1.0				9	2	0	1	0	6	47	55	57	-1	68	1	Out	VDJ							0.0
2333	ACCCTGCAGCCAGAAGACTCGGCCCTGTATCTCTGCGCCAGCAGCCAAGATCGAGGCCTAGCGGGTGGCGAGCAGTACTTCGGGCCG	CASSQDRGLAGGEQYF	1	0.03005711	48	TCRBV04-03*01	TCRBV04	TCRBV04-03	1.0				TCRBD02-01	TCRBD02	TCRBD02-01				01,02	TCRBJ02-07*01	TCRBJ02	TCRBJ02-07	1.0				0	7	4	4	3	6	33	50	57	65	68	1	In	VDJ							0.0
2334	CGCCCAGCCCCAACCAGACCTCTCTGTACTTCTGTGCCAGCAGTTTATCCCATCGGACAGCGTATTGGACCTCAGTACTTCGGGCCG		1	0.03005711	49	TCRBV27-01*01	TCRBV27	TCRBV27-01	1.0				TCRBD01-01*01	TCRBD01	TCRBD01-01	1.0				TCRBJ02-07*01	TCRBJ02	TCRBJ02-07	1.0				0	5	1	5	12	10	32	49	54	60	72	1	Out	VDJ							0.0
2335	ACCAGTGCCCATCCTGAAGACAGCAGCTTCTACATCTGCAGTGCTAGAGATCTTGGCACAGCTAACTATGGCTACACCTTCGGTTCG	CSARDLGTANYGYTF	1	0.03005711	45	TCRBV20	TCRBV20	unresolved			TCRBV20-01,TCRBV20-or09_02		TCRBD01-01*01	TCRBD01	TCRBD01-01	1.0				TCRBJ01-02*01	TCRBJ01	TCRBJ01-02	1.0				0	7	3	5	0	0	36	50	57	-1	61	1	In	VDJ							0.0
2336	AGCACCTTGGAGCTGGGGGACTCGGCCCTTTATCTTTGCGCCAGCAGCTTGGCAGGGGGCGGCGGCTATGGCTACACCTTCGGTTCG	CASSLAGGGGYGYTF	1	0.03005711	45	TCRBV05-01*01	TCRBV05	TCRBV05-01	1.0				TCRBD01-01*01	TCRBD01	TCRBD01-01	1.0				TCRBJ01-02*01	TCRBJ01	TCRBJ01-02	1.0				0	0	4	0	5	4	36	-1	52	60	65	1	In	VDJ							0.0
2337	AGGCTGGAGTCGGCTGCTCCCTCCCAGACATCTGTGTACTTCTGTGCCAGCAGTGGACAGGATAATCAGCCCCAGCATTTTGGTGAT	CASSGQDNQPQHF	1	0.03005711	39	TCRBV06-01*01	TCRBV06	TCRBV06-01	1.0				TCRBD01-01*01	TCRBD01	TCRBD01-01	1.0				TCRBJ01-05*01	TCRBJ01	TCRBJ01-05	1.0				4	0	2	4	2	4	42	-1	55	61	63	1	In	VDJ							0.0
2338	CTCAGGCTGGAGTTGGCTGCTCCCTCCCAGACATCTGTGTACTTCTGTGCCAGCAGAGAGGACCTAGCGGAAGCTTTCTTTGGACAA	CASREDLAEAFF	1	0.03005711	36	TCRBV06-06	TCRBV06	TCRBV06-06				01,02	TCRBD02-01	TCRBD02	TCRBD02-01				01,02	TCRBJ01-01*01	TCRBJ01	TCRBJ01-01	1.0				6	7	4	6	0	8	45	56	63	-1	69	1	In	VDJ							0.0
2339	GGCGTCTGCTGTACCCTCTCAGACATCTGTGTACTTCTGTGCCAGCAATTCTGGGGCCCCATGAACACTGAAGCTTTCTTTGGACAA		1	0.03005711	44	TCRBV06-04	TCRBV06	TCRBV06-04				01,02	TCRBD01-01*01	TCRBD01	TCRBD01-01	1.0				TCRBJ01-01*01	TCRBJ01	TCRBJ01-01	1.0				7	5	7	0	4	0	37	47	52	57	61	1	Out	VDJ							0.0
2340	AGCACCTTGGAGCTGGGGGACTCGGCCCTTTATCTTTGCGCCAGCAGCGTAAGGGGGGAGATGAACACTGAAGCTTTCTTTGGACAA	CASSVRGEMNTEAFF	1	0.03005711	45	TCRBV05-01*01	TCRBV05	TCRBV05-01	1.0				unresolved		unresolved		TCRBD01,TCRBD02	TCRBD01-01,TCRBD02-01		TCRBJ01-01*01	TCRBJ01	TCRBJ01-01	1.0				4	3	5	1	4	0	36	48	51	57	61	1	In	VDJ							0.0
2341	CTGAGCTCTCTGGAGCTGGGGGACTCAGCTTTGTATTTCTGTGCCAGCAGCGGGCTAGGGAGGCACACTGAAGCTTTCTTTGGACAA	CASSGLGRHTEAFF	1	0.03005711	42	TCRBV09-01	TCRBV09	TCRBV09-01				01,02	TCRBD02-01*02	TCRBD02	TCRBD02-01	2.0				TCRBJ01-01*01	TCRBJ01	TCRBJ01-01	1.0				3	5	9	1	1	3	39	52	57	63	64	1	In	VDJ							0.0
2342	CTCACGTTGGCGTCTGCTGTACCCTCTCAGACATCTGTGTACTTCTGTGCCAGCAGGAACAGCAACGGGGAGCTGTTTTTTGGAGAA	CASRNSNGELFF	1	0.03005711	36	TCRBV06-04	TCRBV06	TCRBV06-04				01,02	TCRBD01-01*01	TCRBD01	TCRBD01-01	1.0				TCRBJ02-02*01	TCRBJ02	TCRBJ02-02	1.0				6	2	3	5	3	7	45	56	58	62	65	1	In	VDJ							0.0
2343	AAGATCCAGCCCTCAGAACCCAGGGACTCAGCTGTGTACTTCTGTGCCACAAGGGGGGTTAGCACAGATACGCAGTATTTTGGCCCA	CATRGVSTDTQYF	1	0.03005711	39	TCRBV12	TCRBV12	unresolved			TCRBV12-03,TCRBV12-04		unresolved		unresolved		TCRBD01,TCRBD02	TCRBD01-01,TCRBD02-01		TCRBJ02-03*01	TCRBJ02	TCRBJ02-03	1.0				10	2	5	1	3	0	42	49	51	57	60	1	In	VDJ							0.0
2344	CTGGAGTCGGCTGCTCCCTCCCAGACATCTGTGTACTTCTGTGCCAGCAGTCGTCTCCAGGAGACAGATACGCAGTATTTTGGCCCA	CASSRLQETDTQYF	1	0.03005711	42	TCRBV06-01*01	TCRBV06	TCRBV06-01	1.0				unresolved		unresolved		TCRBD01,TCRBD02	TCRBD01-01,TCRBD02-01		TCRBJ02-03*01	TCRBJ02	TCRBJ02-03	1.0				5	6	4	4	2	3	39	51	57	61	63	1	In	VDJ							0.0
2345	GTGAACGCCTTGTTGCTGGGGGACTCGGCCCTCTATCTCTGTGCCAGCAGCTTGCCAGAGTACCAAGAGACCCAGTACTTCGGGCCA	CASSLPEYQETQYF	1	0.03005711	42	TCRBV05-06*01	TCRBV05	TCRBV05-06	1.0				unresolved		unresolved		TCRBD01,TCRBD02	TCRBD01-01,TCRBD02-01		TCRBJ02-05*01	TCRBJ02	TCRBJ02-05	1.0				1	1	4	5	3	0	39	54	55	58	61	1	In	VDJ							0.0
2346	GCTGCTCCCTCCCAGACATCTGTGTACTTCTGTGCCAGCAGTTACAGTAGGACACAAAATCGGTGGGAGACCCAGTACTTCGGGCCA	CASSYSRTQNRWETQYF	1	0.03005711	51	TCRBV06	TCRBV06	unresolved			TCRBV06-05,TCRBV06-06		TCRBD01-01*01	TCRBD01	TCRBD01-01	1.0				TCRBJ02-05*01	TCRBJ02	TCRBJ02-05	1.0				2	4	1	6	12	5	30	45	49	54	66	1	In	VDJ							0.0
2347	TCGGCTGCTCCCTCCCAGACATCTGTGTACTTCTGTGCCAGCAGTTACATAGCGACTAGCGGGGATCTAGAGCAGTTCTTCGGGCCA	CASSYIATSGDLEQFF	1	0.03005711	48	TCRBV06-05*01	TCRBV06	TCRBV06-05	1.0				TCRBD02-01*01	TCRBD02	TCRBD02-01	1.0				TCRBJ02-01*01	TCRBJ02	TCRBJ02-01	1.0				2	5	2	3	5	10	33	48	53	64	69	1	In	VDJ							0.0
2348	CTGGAGTCCGCTACCAGCTCCCAGACATCTGTGTACTTCTGTGCCATCAGCCCTAGCGGGTATGACAATGAGCAGTTCTTCGGGCCA	CAISPSGYDNEQFF	1	0.03005711	42	TCRBV10-03*01	TCRBV10	TCRBV10-03	1.0				TCRBD02-01	TCRBD02	TCRBD02-01				01,02	TCRBJ02-01*01	TCRBJ02	TCRBJ02-01	1.0				6	2	4	4	4	5	39	50	52	60	64	1	In	VDJ							0.0
2349	ACCAGTGCCCATCCTGAAGACAGCAGCTTCTACATCTGCAGTGCTAGTGACGCGGGGGCCGTCTACAATGAGCAGTTCTTCGGGCCA	CSASDAGAVYNEQFF	1	0.03005711	45	TCRBV20	TCRBV20	unresolved			TCRBV20-01,TCRBV20-or09_02		TCRBD02-01*01	TCRBD02	TCRBD02-01	1.0				TCRBJ02-01*01	TCRBJ02	TCRBJ02-01	1.0				3	4	7	2	4	3	36	47	51	58	62	1	In	VDJ							0.0
2350	AAGATCCAGCGCACAGAGCGGGGGGACTCAGCCGTGTATCTCTGTGCCAGCAGCTTAGGCAGCCCCAATGAGCAGTTCTTCGGGCCA	CASSLGSPNEQFF	1	0.03005711	39	TCRBV07-03*01	TCRBV07	TCRBV07-03	1.0				unresolved		unresolved		TCRBD01,TCRBD02	TCRBD01-01,TCRBD02-01		TCRBJ02-01*01	TCRBJ02	TCRBJ02-01	1.0				2	2	4	5	3	6	42	57	59	62	65	1	In	VDJ							0.0
2351	CTACACACCCTGCAGCCAGAAGACTCGGCCCTGTATCTCTGTGCCAGCAGCCACTCCGGGGATGAGAATGAGCAGTTCTTCGGGCCA	CASSHSGDENEQFF	1	0.03005711	42	TCRBV04-02*01	TCRBV04	TCRBV04-02	1.0				TCRBD02-01*01	TCRBD02	TCRBD02-01	1.0				TCRBJ02-01*01	TCRBJ02	TCRBJ02-01	1.0				3	3	8	3	5	7	39	53	56	61	66	1	In	VDJ							0.0
2352	GAGTCGCCCAGCCCCAACCAGACCTCTCTGTACTTCTGTGCCAGCAGTCAAACACTGGGGTCCCGGAATGAGCAGTTCTTCGGGCCA	CASSQTLGSRNEQFF	1	0.03005711	45	TCRBV27-01*01	TCRBV27	TCRBV27-01	1.0				unresolved		unresolved		TCRBD01,TCRBD02	TCRBD01-01,TCRBD02-01		TCRBJ02-01*01	TCRBJ02	TCRBJ02-01	1.0				5	8	6	2	6	7	36	48	56	60	66	1	In	VDJ							0.0
2353	CAGCGCACACAGCAGGAGGACTCGGCCGTGTATCTCTGTGCCAGCAGCCCCCGGGTAGCGGGGGGTCATGAGCAGTTCTTCGGGCCA	CASSPRVAGGHEQFF	1	0.03005711	45	TCRBV07-02*01	TCRBV07	TCRBV07-02	1.0				TCRBD02-01*01	TCRBD02	TCRBD02-01	1.0				TCRBJ02-01*01	TCRBJ02	TCRBJ02-01	1.0				5	7	5	1	2	8	36	48	55	65	67	1	In	VDJ							0.0
2354	GAGTCGGCTGCTCCCTCCCAAACATCTGTGTACTTCTGTGCCAGCAGTTACTCCCGGGCTTCTGGGGGTGAGCAGTTCTTCGGGCCA	CASSYSRASGGEQFF	1	0.03005711	45	TCRBV06	TCRBV06	unresolved			TCRBV06-02,TCRBV06-03		unresolved		unresolved		TCRBD01,TCRBD02	TCRBD01-01,TCRBD02-01		TCRBJ02-01*01	TCRBJ02	TCRBJ02-01	1.0				0	10	6	1	0	9	36	53	63	-1	68	1	In	VDJ							0.0
2355	CAGCAGGTAGTGCGAGGAGATTCGGCAGCTTATTTCTGTGCCAGCTCAGTCGAGGGGGGTCTTACATCACCCCTCCACTTTGGGAAC	CASSVEGGLTSPLHF	1	0.03005711	45	TCRBV18-01*01	TCRBV18	TCRBV18-01	1.0				unresolved		unresolved		TCRBD01,TCRBD02	TCRBD01-01,TCRBD02-01		TCRBJ01-06*01	TCRBJ01	TCRBJ01-06	1.0				5	4	5	1	8	10	36	48	52	58	66	1	In	VDJ							0.0
2356	ACCAGTGCCCATCCTGAAGACAGCAGCTTCTACATCTGCAGTGCCCAGGACAGGAGCTCCTATAATTCACCCCTCCACTTTGGGAAC	CSAQDRSSYNSPLHF	1	0.03005711	45	TCRBV20	TCRBV20	unresolved			TCRBV20-01,TCRBV20-or09_02		TCRBD01-01*01	TCRBD01	TCRBD01-01	1.0				TCRBJ01-06*01	TCRBJ01	TCRBJ01-06	1.0				6	3	1	4	2	0	36	44	47	54	56	1	In	VDJ							0.0
2357	AAGATCCAGCCTGCAAAGCTTGAGGACTCGGCCGTGTATCTCTGTGCCAGCAGTCGGGACAGAGGGGGGCCCCTCCACTTTGGGAAC	CASSRDRGGPLHF	1	0.03005711	39	TCRBV11-02*02	TCRBV11	TCRBV11-02	2.0				TCRBD01-01*01	TCRBD01	TCRBD01-01	1.0				TCRBJ01-06*01	TCRBJ01	TCRBJ01-06	1.0				6	2	0	5	7	13	42	53	55	62	69	1	In	VDJ							0.0
2358	CTACACGCCCTGCAGCCAGAAGACTCAGCCCTGTATCTCTGCGCCAGCAGCCAGGGGGGGGGAGAAAACATTCAGTACTTCGGCGCC	CASSQGGGENIQYF	1	0.03005711	42	TCRBV04-01*01	TCRBV04	TCRBV04-01	1.0				TCRBD02-01*01	TCRBD02	TCRBD02-01	1.0				TCRBJ02-04*01	TCRBJ02	TCRBJ02-04	1.0				3	0	9	0	4	5	39	-1	53	60	64	1	In	VDJ							0.0
2359	AGCACCTTGGAGCTGGGGGACTCGGCCCTTTATCTTTGCGCCAGCAGCCGCAGGGGGGATATAAAGAACACCATATATTTTGGAGAG	CASSRRGDIKNTIYF	1	0.03005711	45	TCRBV05-01*01	TCRBV05	TCRBV05-01	1.0				TCRBD01-01*01	TCRBD01	TCRBD01-01	1.0				TCRBJ01-03*01	TCRBJ01	TCRBJ01-03	1.0				4	2	4	1	9	7	36	48	50	57	66	1	In	VDJ							0.0
2360	GTCTGCTGTACCCTCTCAGACATCTGTGTACTTCTGTGCCAGCAGTGACCGCGACAGGGACGATCGGATGGCTACACCTTCGGTTCG		1	0.03005711	47	TCRBV06-04	TCRBV06	TCRBV06-04				01,02	TCRBD01-01*01	TCRBD01	TCRBD01-01	1.0				TCRBJ01-02*01	TCRBJ01	TCRBJ01-02	1.0				2	3	2	3	8	6	34	49	52	59	67	1	Out	VDJ							0.0
2361	CCCTCAGAACCCAGGGACTCAGCTGTGTACTTCTGTGCCAGCAGTTTATGGGGGCGTGTGGGATATCAGCCCCAGCATTTTGGTGAT	CASSLWGRVGYQPQHF	1	0.03005711	48	TCRBV12	TCRBV12	unresolved			TCRBV12-03,TCRBV12-04		TCRBD01-01*01	TCRBD01	TCRBD01-01	1.0				TCRBJ01-05*01	TCRBJ01	TCRBJ01-05	1.0				2	1	6	0	9	5	33	48	49	55	64	1	In	VDJ							0.0
2362	CTGACAGTGACCAGTGCCCATCCTGAAGACAGCAGCTTCTACATCTGCAGTGCTCGACAGGGACGTGAAAAACTGTTTTTTGGCAGT	CSARQGREKLFF	1	0.03005711	36	TCRBV20	TCRBV20	unresolved			TCRBV20-01,TCRBV20-or09_02		TCRBD01-01*01	TCRBD01	TCRBD01-01	1.0				TCRBJ01-04*01	TCRBJ01	TCRBJ01-04	1.0				5	1	2	3	3	7	45	54	55	62	65	1	In	VDJ							0.0
2363	AACCTGAGCTCTCTGGAGCTGGGGGACTCAGCTTTGTATTTCTGTGCCAGCAGCCAGGGAACGTGGACTGAAGCTTTCTTTGGACAA	CASSQGTWTEAFF	1	0.03005711	39	TCRBV09-01	TCRBV09	TCRBV09-01				01,02	TCRBD01-01*01	TCRBD01	TCRBD01-01	1.0				TCRBJ01-01*01	TCRBJ01	TCRBJ01-01	1.0				4	0	4	3	7	5	42	-1	54	59	66	1	In	VDJ							0.0
2364	TGGAGCTGGGGGACTCGGCCCTTTATCTTTGCGCCAGCAGCTTGAGTCCCGACGGGACAGAACACCGGGGAGCTGTTTTTTGGAGAA		1	0.03005711	52	TCRBV05-01*01	TCRBV05	TCRBV05-01	1.0				TCRBD01-01*01	TCRBD01	TCRBD01-01	1.0				TCRBJ02-02*01	TCRBJ02	TCRBJ02-02	1.0				1	9	0	6	0	1	29	44	53	-1	59	1	Out	VDJ							0.0
2365	GAGTCGCCCAGCCCCAACCAGACCTCTCTGTACTTCTGTGCCAGCAGTTTATCCCGGACAGGGACCGGGGAGCTGTTTTTTGGAGAA	CASSLSRTGTGELFF	1	0.03005711	45	TCRBV27-01*01	TCRBV27	TCRBV27-01	1.0				TCRBD01-01*01	TCRBD01	TCRBD01-01	1.0				TCRBJ02-02*01	TCRBJ02	TCRBJ02-02	1.0				0	2	1	3	0	5	36	53	55	-1	63	1	In	VDJ							0.0
2366	ACTCTGAAGATCCAGCCCTCAGAACCCAGGGACTCAGCTGTGTACTTCTGTGCCAGCAGTTTAACAGATACGCAGTATTTTGGCCCA	CASSLTDTQYF	1	0.03005711	33	TCRBV12	TCRBV12	unresolved			TCRBV12-03,TCRBV12-04		unresolved		unresolved					TCRBJ02-03*01	TCRBJ02	TCRBJ02-03	1.0				2	0	0	0	0	3	48	-1	-1	-1	63	1	In	VJ							0.0
2367	CTGACAGTGACCAGTGCCCATCCTGAAGACAGCAGCTTCTACATCTGCAGTGCTCAGACAGGGACAGATACGCAGTATTTTGGCCCA	CSAQTGTDTQYF	1	0.03005711	36	TCRBV20	TCRBV20	unresolved			TCRBV20-01,TCRBV20-or09_02		TCRBD01-01*01	TCRBD01	TCRBD01-01	1.0				TCRBJ02-03*01	TCRBJ02	TCRBJ02-03	1.0				5	2	2	3	0	3	45	54	56	-1	63	1	In	VDJ							0.0
2368	CCTTGGAGCTGGGGGACTCGGCCCTTTATCTTTGCGCCAGGGGGGACAGGGCTTCCAAGGGGTACAGATACGCAGTATTTTGGCCCA		1	0.03005711	49	TCRBV05-01*01	TCRBV05	TCRBV05-01	1.0				TCRBD01-01*01	TCRBD01	TCRBD01-01	1.0				TCRBJ02-03*01	TCRBJ02	TCRBJ02-03	1.0				8	2	0	3	12	3	32	40	42	51	63	1	Out	VDJ							0.0
2369	AAGATCCAGCCCTCAGAACCCAGGGACTCAGCTGTGTATTTTTGTGCTAGTGGTTTGGGGCAGCACGAGACCCAGTACTTCGGGCCA	CASGLGQHETQYF	1	0.03005711	39	TCRBV12-05*01	TCRBV12	TCRBV12-05	1.0				unresolved		unresolved		TCRBD01,TCRBD02	TCRBD01-01,TCRBD02-01		TCRBJ02-05*01	TCRBJ02	TCRBJ02-05	1.0				1	2	4	5	3	5	42	58	60	63	66	1	In	VDJ							0.0
2370	GCCTTGGAGCTGGACGACTCGGCCCTGTATCTCTGTGCCAGCAGCGCGAGTGGGGGATGGGGCAGGGAGACCCAGTACTTCGGGCCA	CASSASGGWGRETQYF	1	0.03005711	48	TCRBV05-04*01	TCRBV05	TCRBV05-04	1.0				unresolved		unresolved		TCRBD01,TCRBD02	TCRBD01-01,TCRBD02-01		TCRBJ02-05*01	TCRBJ02	TCRBJ02-05	1.0				4	6	6	1	10	5	33	45	51	56	66	1	In	VDJ							0.0
2371	GTGAACGCCTTGGAGCTGGACGACTCGGCCCTGTATCTCTGTGCCAGCAGCTTCCCCAACAGGGATGAGACCCAGTACTTCGGGCCA	CASSFPNRDETQYF	1	0.03005711	42	TCRBV05-04*01	TCRBV05	TCRBV05-04	1.0				TCRBD01-01*01	TCRBD01	TCRBD01-01	1.0				TCRBJ02-05*01	TCRBJ02	TCRBJ02-05	1.0				2	5	3	3	2	5	39	53	58	64	66	1	In	VDJ							0.0
2372	ACTCTGACGATCCAGCGCACACAGCAGGAGGACTCGGCCGTGTATCTCTGTGCCAGCAGCTTATACAATGAGCAGTTCTTCGGGCCA	CASSLYNEQFF	1	0.03005711	33	TCRBV07-02*01	TCRBV07	TCRBV07-02	1.0				unresolved		unresolved					TCRBJ02-01*01	TCRBJ02	TCRBJ02-01	1.0				2	0	0	0	0	4	48	-1	-1	-1	63	1	In	VJ							0.0
2373	TCGCCCAGCCCCAACCAGACCTCTCTGTACTTCTGTGCCAGCAGTTCCCAAACCGGGACAGGGGGTTCACCCCTCCACTTTGGGAAC	CASSSQTGTGGSPLHF	1	0.03005711	48	TCRBV27-01*01	TCRBV27	TCRBV27-01	1.0				TCRBD01-01*01	TCRBD01	TCRBD01-01	1.0				TCRBJ01-06*01	TCRBJ01	TCRBJ01-06	1.0				4	8	0	1	0	9	33	46	54	-1	65	1	In	VDJ							0.0
2374	ATCCAGCGCACAGAGCAGCGGGACTCGGCCATGTATCGCTGTGCCAGCAGCTCCGGTCGTGTACAGAACGAGCAGTACTTCGGGCCG	CASSSGRVQNEQYF	1	0.03005711	42	TCRBV07-06*01	TCRBV07	TCRBV07-06	1.0				TCRBD01-01*01	TCRBD01	TCRBD01-01	1.0				TCRBJ02-07*01	TCRBJ02	TCRBJ02-07	1.0				4	10	3	5	1	5	39	52	62	66	67	1	In	VDJ							0.0
2375	ATCCAGCAGGTAGTGCGAGGAGATTCGGCAGCTTATTTCTGTGCCAGCTCGCAGGGGGCGCAGACCTACGAGCAGTACTTCGGGCCG	CASSQGAQTYEQYF	1	0.03005711	42	TCRBV18-01*01	TCRBV18	TCRBV18-01	1.0				TCRBD01-01*01	TCRBD01	TCRBD01-01	1.0				TCRBJ02-07*01	TCRBJ02	TCRBJ02-07	1.0				6	1	4	0	5	2	39	50	51	59	64	1	In	VDJ							0.0
2376	ATCCAGCGCACAGAGCAGCGGGACTCGGCCATGTATCGCTGTGCCAGCAGCCCCGGGACAGGTCCCTACGAGCAGTACTTCGGGCCG	CASSPGTGPYEQYF	1	0.03005711	42	TCRBV07-06*01	TCRBV07	TCRBV07-06	1.0				TCRBD01-01*01	TCRBD01	TCRBD01-01	1.0				TCRBJ02-07*01	TCRBJ02	TCRBJ02-07	1.0				5	3	0	4	2	2	39	51	54	62	64	1	In	VDJ							0.0
2377	CCGCTACCAGCTCCCAGACATCTGTGTACTTCTGTGCCATCAGTGAGGGGGGGGGTAATCCCCTCCTACGAGCAGTACTTCGGGCCG		1	0.03005711	49	TCRBV10-03*01	TCRBV10	TCRBV10-03	1.0				TCRBD02-01*01	TCRBD02	TCRBD02-01	1.0				TCRBJ02-07*01	TCRBJ02	TCRBJ02-07	1.0				2	0	9	0	8	0	32	-1	47	54	62	1	Out	VDJ							0.0
2378	TCCCTGGAGCTTGGTGACTCTGCTGTGTATTTCTGTGCCAGCAGCCAAGAGGCCTCCCGGACAGCTATGGGCTACACCTTCGGTTCG	CASSQEASRTAMGYTF	1	0.03005711	48	TCRBV03	TCRBV03	unresolved			TCRBV03-01,TCRBV03-02		TCRBD01-01*01	TCRBD01	TCRBD01-01	1.0				TCRBJ01-02*01	TCRBJ01	TCRBJ01-02	1.0				0	8	1	5	5	8	33	50	58	64	69	1	In	VDJ							0.0
2379	CCAGGCCTGGGGGACGCAGCCATGTACCTGTGTGCCACCAGTCCCGGGACAGGGACCGATTCTAACTATGGCTACACCTTCGGTTCG	CATSPGTGTDSNYGYTF	1	0.03005711	51	TCRBV15-01*01	TCRBV15	TCRBV15-01	1.0				TCRBD01-01*01	TCRBD01	TCRBD01-01	1.0				TCRBJ01-02*01	TCRBJ01	TCRBJ01-02	1.0				6	4	0	3	7	0	30	41	45	54	61	1	In	VDJ							0.0
2380	CAGCGCACAGAGCAGGGGGACTCGGCCATGTATCTCTGTGCCAGCAGCTTAGTTGACAGGGGCGCCTATGGCTACACCTTCGGTTCG	CASSLVDRGAYGYTF	1	0.03005711	45	TCRBV07-09	TCRBV07	TCRBV07-09				01,03	TCRBD01-01*01	TCRBD01	TCRBD01-01	1.0				TCRBJ01-02*01	TCRBJ01	TCRBJ01-02	1.0				1	2	2	2	3	4	36	52	54	62	65	1	In	VDJ							0.0
2381	GAGTCGCCCAGCCCCAACCAGACCTCTCTGTACTTCTGTGCCAGCAGTTCTCCGGGACAGGGACCAGAAAAACTGTTTTTTGGCAGT	CASSSPGQGPEKLFF	1	0.03005711	45	TCRBV27-01*01	TCRBV27	TCRBV27-01	1.0				TCRBD01-01*01	TCRBD01	TCRBD01-01	1.0				TCRBJ01-04*01	TCRBJ01	TCRBJ01-04	1.0				4	4	0	3	4	8	36	49	53	62	66	1	In	VDJ							0.0
2382	AACGCCTTGGAGCTGGACGACTCGGCCCTGTATCTCTGTGCCAGCAGCTTGGAATCAGGGTCTAATGAAAAACTGTTTTTTGGCAGT	CASSLESGSNEKLFF	1	0.03005711	45	TCRBV05-04*01	TCRBV05	TCRBV05-04	1.0				TCRBD01-01*01	TCRBD01	TCRBD01-01	1.0				TCRBJ01-04*01	TCRBJ01	TCRBJ01-04	1.0				0	3	4	3	1	3	36	52	55	60	61	1	In	VDJ							0.0
2383	GTGAACGCCTTGGAGCTGGACGACTCGGCCCTGTATCTCTGTGCCAGCAGCTTGGGGGGACAGTTTGAAAAACTGTTTTTTGGCAGT	CASSLGGQFEKLFF	1	0.03005711	42	TCRBV05-04*01	TCRBV05	TCRBV05-04	1.0				TCRBD01-01*01	TCRBD01	TCRBD01-01	1.0				TCRBJ01-04*01	TCRBJ01	TCRBJ01-04	1.0				0	1	0	5	2	7	39	55	56	63	65	1	In	VDJ							0.0
2384	GCTGCTCCCTCCCAGACATCTGTGTACTTCTGTGCCAGCAGTTACCTATTAGGGACAGGGGGGAACACTGAAGCTTTCTTTGGACAA	CASSYLLGTGGNTEAFF	1	0.03005711	51	TCRBV06	TCRBV06	unresolved			TCRBV06-05,TCRBV06-06		TCRBD01-01*01	TCRBD01	TCRBD01-01	1.0				TCRBJ01-01*01	TCRBJ01	TCRBJ01-01	1.0				2	6	0	1	0	1	30	45	51	-1	62	1	In	VDJ							0.0
2385	ATCCAGCGCACAGAGCAGGGGGACTCGGCCATGTATCTCTGTGCCAGCAGCTTAGCCACAGACTTCGGTGAAGCTTTCTTTGGACAA	CASSLATDFGEAFF	1	0.03005711	42	TCRBV07-09	TCRBV07	TCRBV07-09				01,03	unresolved		unresolved		TCRBD01,TCRBD02	TCRBD01-01,TCRBD02-01		TCRBJ01-01*01	TCRBJ01	TCRBJ01-01	1.0				0	1	3	5	7	7	39	56	57	61	68	1	In	VDJ							0.0
2386	CACCTACACGCCCTGCAGCCAGAAGACTCAGCCCTGTATCTCTGCGCCAGCAGCCACGAGAACACCGGGGAGCTGTTTTTTGGAGAA	CASSHENTGELFF	1	0.03005711	39	TCRBV04-01*01	TCRBV04	TCRBV04-01	1.0				unresolved		unresolved		TCRBD01,TCRBD02	TCRBD01-01,TCRBD02-01		TCRBJ02-02*01	TCRBJ02	TCRBJ02-02	1.0				3	1	2	8	0	1	42	56	57	-1	59	1	In	VDJ							0.0
2387	GAGCTGGGGGACTCGGCCCTTTATCTTTGCGCCAGCAGCTTGGGACTAGCGGGGGGGCCGAACACCGGGGAGCTGTTTTTTGGAGAA	CASSLGLAGGPNTGELFF	1	0.03005711	54	TCRBV05-01*01	TCRBV05	TCRBV05-01	1.0				TCRBD02-01*01	TCRBD02	TCRBD02-01	1.0				TCRBJ02-02*01	TCRBJ02	TCRBJ02-02	1.0				0	0	2	0	1	0	27	-1	43	57	58	1	In	VDJ							0.0
2388	TCCTTGGAGCTGGGGGACTCAGCCCTGTACTTCTGTGCCAGCAGCTCCGGACAGGGCGGTAACACCGGGGAGCTGTTTTTTGGAGAA	CASSSGQGGNTGELFF	1	0.03005711	48	TCRBV13-01*01	TCRBV13	TCRBV13-01	1.0				TCRBD01-01*01	TCRBD01	TCRBD01-01	1.0				TCRBJ02-02*01	TCRBJ02	TCRBJ02-02	1.0				4	2	1	3	4	2	33	46	48	56	60	1	In	VDJ							0.0
2389	GGGGGACTCGGCCCTTTATCTTTGCGCCAGCAGCTTGTCGGGACAGGGGGCAGTTGAAGGTTAGCCGGGGAGCTGTTTTTTGGAGAA		1	0.03005711	59	TCRBV05-01*01	TCRBV05	TCRBV05-01	1.0				TCRBD01-01*01	TCRBD01	TCRBD01-01	1.0				TCRBJ02-02*01	TCRBJ02	TCRBJ02-02	1.0				1	2	0	0	13	6	22	37	39	51	64	1	Out	VDJ							0.0
2390	AGCACCTTGGAGCTGGGGGACTCGGCCCTTTATCTTTGCGCCAGCAGCCTGGGGGGGGTTAGCACAGATACGCAGTATTTTGGCCCA	CASSLGGVSTDTQYF	1	0.03005711	45	TCRBV05-01*01	TCRBV05	TCRBV05-01	1.0				TCRBD02-01*01	TCRBD02	TCRBD02-01	1.0				TCRBJ02-03*01	TCRBJ02	TCRBJ02-03	1.0				0	0	9	1	2	0	36	-1	52	58	60	1	In	VDJ							0.0
2391	TCCCTGGAGCTTGGTGACTCTGCTGTGTATTTCTGTGCCAGCAGCCAAGGTGTCCCTAGCGGGGCAGATACGCAGTATTTTGGCCCA	CASSQGVPSGADTQYF	1	0.03005711	48	TCRBV03	TCRBV03	unresolved			TCRBV03-01,TCRBV03-02		TCRBD02-01*01	TCRBD02	TCRBD02-01	1.0				TCRBJ02-03*01	TCRBJ02	TCRBJ02-03	1.0				1	6	4	3	0	4	33	49	55	-1	64	1	In	VDJ							0.0
2392	CAGCCAGAAGACTCGGCCCTGTATCTCTGTGCCAGCAGCCAAAACCCGGGACTAGCGGGGGGGCACGATACGCAGTATTTTGGCCCA	CASSQNPGLAGGHDTQYF	1	0.03005711	54	TCRBV04-02*01	TCRBV04	TCRBV04-02	1.0				TCRBD02-01*01	TCRBD02	TCRBD02-01	1.0				TCRBJ02-03*01	TCRBJ02	TCRBJ02-03	1.0				2	5	0	0	3	6	27	42	47	63	66	1	In	VDJ							0.0
2393	CAGCGCACAGAGCAGGGGGACTCGGCCATGTATCTCTGTGCCAGCAGCTCAAGGGACAGCACAAAAGAGACCCAGTACTTCGGGCCA	CASSSRDSTKETQYF	1	0.03005711	45	TCRBV07-09	TCRBV07	TCRBV07-09				01,03	TCRBD01-01*01	TCRBD01	TCRBD01-01	1.0				TCRBJ02-05*01	TCRBJ02	TCRBJ02-05	1.0				4	3	0	5	5	3	36	49	52	59	64	1	In	VDJ							0.0
2394	TCGGCTGCTCCCTCCCAGACATCTGTGTACTTCTGTGCCAGCAGTGAAGAGGTAGGTCAGGCCCAAGAGACCCAGTACTTCGGGCCA	CASSEEVGQAQETQYF	1	0.03005711	48	TCRBV06-01*01	TCRBV06	TCRBV06-01	1.0				TCRBD01-01*01	TCRBD01	TCRBD01-01	1.0				TCRBJ02-05*01	TCRBJ02	TCRBJ02-05	1.0				1	8	4	4	1	1	33	49	57	61	62	1	In	VDJ							0.0
2395	CACCTTGGAGCTGGGGGACTCGGCCCTTTATCTTTGCGCCAGCAGCTTCAGAGGGACAGGGTGCAAGAGACCCAGTACTTCGGGCCA		1	0.03005711	47	TCRBV05-01*01	TCRBV05	TCRBV05-01	1.0				TCRBD01-01*01	TCRBD01	TCRBD01-01	1.0				TCRBJ02-05*01	TCRBJ02	TCRBJ02-05	1.0				2	4	0	3	2	2	34	48	52	61	63	1	Out	VDJ							0.0
2396	TCGCCCAGCCCCAACCAGACCTCTCTGTACTTCTGTGCCAGCAGACGTCTGGAGGCGGGGGTTTCAGAGACCCAGTACTTCGGGCCA	CASRRLEAGVSETQYF	1	0.03005711	48	TCRBV27-01*01	TCRBV27	TCRBV27-01	1.0				TCRBD02-01*01	TCRBD02	TCRBD02-01	1.0				TCRBJ02-05*01	TCRBJ02	TCRBJ02-05	1.0				6	10	7	2	4	4	33	44	54	61	65	1	In	VDJ							0.0
2397	GCCTTGTTGCTGGGGGACTCGGCCCTCTATCTCTGTGCCAGCAGCTTGGAACAGGGGGCTTCCTACAATGAGCAGTTCTTCGGGCCA	CASSLEQGASYNEQFF	1	0.03005711	48	TCRBV05-06*01	TCRBV05	TCRBV05-06	1.0				TCRBD01-01*01	TCRBD01	TCRBD01-01	1.0				TCRBJ02-01*01	TCRBJ02	TCRBJ02-01	1.0				0	1	3	0	1	1	33	49	50	59	60	1	In	VDJ							0.0
2398	AGCTGAATGTGAACGCCTTGGAGCTGGACGACTCGGCCCTGTATCTCTGTGCCAGCAGCTTGGGGGAGGGCCATATATTTTGGAGAG		1	0.03005711	34	TCRBV05-04*01	TCRBV05	TCRBV05-04	1.0				TCRBD02-01*02	TCRBD02	TCRBD02-01	2.0				TCRBJ01-03*01	TCRBJ01	TCRBJ01-03	1.0				0	0	9	0	0	11	47	-1	63	-1	70	1	Out	VDJ							0.0
2399	AGGATCCAGCAGGTAGTGCGAGGAGATTCGGCAGCTTATTTCTGTGCCAGCTCACCACAGGGTGGGCACGAGCAGTACTTCGGGCCG	CASSPQGGHEQYF	1	0.03005711	39	TCRBV18-01*01	TCRBV18	TCRBV18-01	1.0				unresolved		unresolved		TCRBD01,TCRBD02	TCRBD01-01,TCRBD02-01		TCRBJ02-07*01	TCRBJ02	TCRBJ02-07	1.0				1	0	5	3	5	5	42	-1	58	62	67	1	In	VDJ							0.0
2400	ATTCCCTGGAGCTTGGTGACTCTGCTGTGTATTTCTGTGCCAGCAGCGAATGATATTTTCGTGTTAGACGAGCAGTACTTCGGGCCG		1	0.03005711	46	TCRBV03	TCRBV03	unresolved			TCRBV03-01,TCRBV03-02		TCRBD02-01	TCRBD02	TCRBD02-01				01,02	TCRBJ02-07*01	TCRBJ02	TCRBJ02-07	1.0				5	17	5	8	0	5	35	47	64	-1	67	1	Out	VDJ							0.0
2401	GCCCATCCTGAAGACAGCAGCTTCTACATCTGCAGTGCTGGTCCGGGACAGGGGCGAAGGAGCTCCTACGAGCAGTACTTCGGGCCG	CSAGPGQGRRSSYEQYF	1	0.03005711	51	TCRBV20	TCRBV20	unresolved			TCRBV20-01,TCRBV20-or09_02		TCRBD01-01*01	TCRBD01	TCRBD01-01	1.0				TCRBJ02-07*01	TCRBJ02	TCRBJ02-07	1.0				5	5	0	2	8	0	30	39	44	54	62	1	In	VDJ							0.0
2402	CAGCGCACACAGCAGGAGGACTCGGCCGTGTATCTCTGTGCCAGCAGCTTAGAAGGGGGACAGTCCTACGAGCAGTACTTCGGGCCG	CASSLEGGQSYEQYF	1	0.03005711	45	TCRBV07-02*01	TCRBV07	TCRBV07-02	1.0				TCRBD01-01*01	TCRBD01	TCRBD01-01	1.0				TCRBJ02-07*01	TCRBJ02	TCRBJ02-07	1.0				1	4	0	5	0	1	36	52	56	-1	63	1	In	VDJ							0.0
2403	CAGCGCACACAGCAGGAGGACTCGGCCGTGTATCTCTGTGCCAGCAGTGGAGGGGGGGTTGGGCTACGGGAGCAGTACTTCGGGCCG	CASSGGGVGLREQYF	1	0.03005711	45	TCRBV07-02*01	TCRBV07	TCRBV07-02	1.0				TCRBD02-01*01	TCRBD02	TCRBD02-01	1.0				TCRBJ02-07*01	TCRBJ02	TCRBJ02-07	1.0				6	4	9	0	11	7	36	47	51	58	69	1	In	VDJ							0.0
2404	AGGATCCAGCAGGTAGTGCGAGGAGATTCGGCAGCTTATTTCTGTGCCACCAACAAGGAAGGGGCAAAGGGCTACACCTTCGGTTCG	CATNKEGAKGYTF	1	0.03005711	39	TCRBV18-01*01	TCRBV18	TCRBV18-01	1.0				TCRBD01-01*01	TCRBD01	TCRBD01-01	1.0				TCRBJ01-02*01	TCRBJ01	TCRBJ01-02	1.0				10	10	5	2	5	8	42	49	59	64	69	1	In	VDJ							0.0
2405	TGAACGCCTTGGAGCTGGAGGACTCGGCCCTGTATCTCTGTGCCAGCAGCTCCGGGACACTTAAACTATGGCTACACCTTCGGTTCG		1	0.03005711	43	TCRBV05-08*01	TCRBV05	TCRBV05-08	1.0				TCRBD01-01*01	TCRBD01	TCRBD01-01	1.0				TCRBJ01-02*01	TCRBJ01	TCRBJ01-02	1.0				3	2	0	6	4	2	38	51	53	59	63	1	Out	VDJ							0.0
2406	CTGGAGCTTGGTGACTCTGCTGTGTATTTCTGTGCCAGCAGCCAAGAAGGCGGGAGATATAGCAATCAGCCCCAGCATTTTGGTGAT	CASSQEGGRYSNQPQHF	1	0.03005711	51	TCRBV03	TCRBV03	unresolved			TCRBV03-01,TCRBV03-02		TCRBD02-01*02	TCRBD02	TCRBD02-01	2.0				TCRBJ01-05*01	TCRBJ01	TCRBJ01-05	1.0				0	2	7	2	3	0	30	47	49	56	59	1	In	VDJ							0.0
2407	GCTGCCTCCTCCCAGACATCTGTATATTTCTGCGCCAGCAGTGAGACGACTCGAGACAGGGAAGATCAGCCCCAGCATTTTGGTGAT	CASSETTRDREDQPQHF	1	0.03005711	51	TCRBV10-01	TCRBV10	TCRBV10-01				01,02	TCRBD01-01*01	TCRBD01	TCRBD01-01	1.0				TCRBJ01-05*01	TCRBJ01	TCRBJ01-05	1.0				2	9	2	3	3	5	30	45	54	61	64	1	In	VDJ							0.0
2408	CACGCCCTGCAGCCAGAAGACTCAGCCCTGTATCTCTGCGCCAGCAGCCAGACAGGGTTGAGGGACACTGAAGCTTTCTTTGGACAA	CASSQTGLRDTEAFF	1	0.03005711	45	TCRBV04-01*01	TCRBV04	TCRBV04-01	1.0				TCRBD01-01*01	TCRBD01	TCRBD01-01	1.0				TCRBJ01-01*01	TCRBJ01	TCRBJ01-01	1.0				3	0	2	3	7	3	36	-1	50	57	64	1	In	VDJ							0.0
2409	AAGATCCGGTCCACAAAGCTGGAGGACTCAGCCATGTACTTCTGTGCCAGCAGTGAAGCAGGGGACACTGAAGCTTTCTTTGGACAA	CASSEAGDTEAFF	1	0.03005711	39	TCRBV02-01*01	TCRBV02	TCRBV02-01	1.0				TCRBD01-01*01	TCRBD01	TCRBD01-01	1.0				TCRBJ01-01*01	TCRBJ01	TCRBJ01-01	1.0				0	0	5	2	0	3	42	-1	59	-1	64	1	In	VDJ							0.0
2410	AGCTCTCTGGAGCTGGGGGACTCAGCTTTGTATTTCTGTGCCAGCAGCGTATCCTCAACAGGATCCACTGAAGCTTTCTTTGGACAA	CASSVSSTGSTEAFF	1	0.03005711	45	TCRBV09-01	TCRBV09	TCRBV09-01				01,02	TCRBD01-01*01	TCRBD01	TCRBD01-01	1.0				TCRBJ01-01*01	TCRBJ01	TCRBJ01-01	1.0				1	6	3	4	3	4	36	51	57	62	65	1	In	VDJ							0.0
2411	ACTCTGACTGTGAGCAACATGAGCCCTGAAGACAGCAGCATATATCTCTGCAGCGTTGATTTTAAGGGGGCGGCTTTCTTTGGACAA	CSVDFKGAAFF	1	0.03005711	33	TCRBV29-01*01	TCRBV29	TCRBV29-01	1.0				TCRBD01-01*01	TCRBD01	TCRBD01-01	1.0				TCRBJ01-01*01	TCRBJ01	TCRBJ01-01	1.0				3	5	5	0	1	11	48	59	64	71	72	1	In	VDJ							0.0
2412	GCAACATGAGCCCTGAAGACAGCAGCATATATCTCTGCGGAGGGGGCGGGCCAGGGGGCCCGCACAGATACGCAGTATTTTGGCCCA		1	0.03005711	46	TCRBV29-01*01	TCRBV29	TCRBV29-01	1.0				TCRBD01-01*01	TCRBD01	TCRBD01-01	1.0				TCRBJ02-03*01	TCRBJ02	TCRBJ02-03	1.0				11	13	4	0	2	1	35	38	51	59	61	1	Out	VDJ							0.0
2413	CTGTCGGCTGCTCCCTCCCAGACATCTGTGTACTTCTGTGCCAGCAGTTACGGGGGATGGGGTCAAGAGACCCAGTACTTCGGGCCA	CASSYGGWGQETQYF	1	0.03005711	45	TCRBV06-05*01	TCRBV06	TCRBV06-05	1.0				unresolved		unresolved		TCRBD01,TCRBD02	TCRBD01-01,TCRBD02-01		TCRBJ02-05*01	TCRBJ02	TCRBJ02-05	1.0				2	0	6	1	7	2	36	-1	51	56	63	1	In	VDJ							0.0
2414	ATCCAGCGCACAGAGCGGGGGGACTCAGCCGTGTATCTCTGTGCCAGCAGCTTAGGGACAGGGCGAGAGACCCAGTACTTCGGGCCA	CASSLGTGRETQYF	1	0.03005711	42	TCRBV07-03*01	TCRBV07	TCRBV07-03	1.0				TCRBD01-01*01	TCRBD01	TCRBD01-01	1.0				TCRBJ02-05*01	TCRBJ02	TCRBJ02-05	1.0				2	0	0	3	2	4	39	-1	54	63	65	1	In	VDJ							0.0
2415	GTGAGCACCTTGGAGCTGGGGGACTCGGCCCTTTATCTTTGCGCCAGCAGCTTGGGTCGCGGGGGAGAGACCCAGTACTTCGGGCCA	CASSLGRGGETQYF	1	0.03005711	42	TCRBV05-01*01	TCRBV05	TCRBV05-01	1.0				TCRBD02-01*01	TCRBD02	TCRBD02-01	1.0				TCRBJ02-05*01	TCRBJ02	TCRBJ02-05	1.0				0	3	7	2	0	4	39	55	58	-1	65	1	In	VDJ							0.0
2416	ACCTTGGAGCTGGGGGACTCGGCCCTTTATCTTTGCGCCAGCAGCGAGGGCTCTAGCGGGGGGTCGGAGACCCAGTACTTCGGGCCA	CASSEGSSGGSETQYF	1	0.03005711	48	TCRBV05-01*01	TCRBV05	TCRBV05-01	1.0				TCRBD02-01*01	TCRBD02	TCRBD02-01	1.0				TCRBJ02-05*01	TCRBJ02	TCRBJ02-05	1.0				4	7	4	1	3	5	33	45	52	63	66	1	In	VDJ							0.0
2417	GTATCTCTGCGCCAGCAGCCAAGCAACAGGGACAGGGGGCAAGGCAGCGAGCGGCGTATGTCCTACAATGAGCAGTTCTTCGGGCCA		1	0.03005711	74	TCRBV04	TCRBV04	unresolved			TCRBV04-01,TCRBV04-03		TCRBD01-01*01	TCRBD01	TCRBD01-01	1.0				TCRBJ02-01*01	TCRBJ02	TCRBJ02-01	1.0				1	5	0	0	20	1	7	23	28	40	60	1	Out	VDJ							0.0
2418	AATCTTCACATCAATTCCCTGGAGCTTGGTGACTCTGCTGTGTATTTCTGTGCCAGCAGCCAGAGCAATGAGCAGTTCTTCGGGCCA	CASSQSNEQFF	1	0.03005711	33	TCRBV03	TCRBV03	unresolved			TCRBV03-01,TCRBV03-02		TCRBD02-01*02	TCRBD02	TCRBD02-01	2.0				TCRBJ02-01*01	TCRBJ02	TCRBJ02-01	1.0				3	0	11	2	0	6	48	-1	62	-1	65	1	In	VDJ							0.0
2419	AGTGCCCATCCTGAAGACAGCAGCTTCTACATCTGCAGTGCCCAAAGGGGGGGGCAATCTGAATTATCACCCCTCCACTTTGGGAAC	CSAQRGGQSELSPLHF	1	0.03005711	48	TCRBV20	TCRBV20	unresolved			TCRBV20-01,TCRBV20-or09_02		TCRBD02-01*01	TCRBD02	TCRBD02-01	1.0				TCRBJ01-06*01	TCRBJ01	TCRBJ01-06	1.0				6	5	9	0	13	10	33	41	46	53	66	1	In	VDJ							0.0
2420	CCATCCCCAACCAGACAGCTCTTTACTTCTGTGCCACCAGTGTTCCCGGGATAGGGCTCCTATAATTCACCCCTCCACTTTGGGAAC		1	0.03005711	52	TCRBV24	TCRBV24	unresolved			TCRBV24-01,TCRBV24-or09_02		TCRBD02-01*02	TCRBD02	TCRBD02-01	2.0				TCRBJ01-06*01	TCRBJ01	TCRBJ01-06	1.0				5	4	8	3	5	0	29	42	46	51	56	1	Out	VDJ							0.0
2421	CCATCCTGAAGACAGCAGCTTCTACATCTGCAGTGCTAGATTCCTAGGGAACCGCGCTCAGGGGCCAACGTCCTGACTTTCGGGGCC		1	0.03005711	53	TCRBV20	TCRBV20	unresolved			TCRBV20-01,TCRBV20-or09_02		unresolved		unresolved		TCRBD01,TCRBD02	TCRBD01-01,TCRBD02-01		TCRBJ02-06*01	TCRBJ02	TCRBJ02-06	1.0				2	6	0	8	10	4	28	40	46	50	60	1	Out	VDJ							0.0
2422	CCTGCAGAACTGGAGGATTCTGGAGTTTATTTCTGTGCCAGCAGCCAGGGTCTTACAGGTTTTTCCTACGAGCAGTACTTCGGGCCG	CASSQGLTGFSYEQYF	1	0.03005711	48	TCRBV14-01*01	TCRBV14	TCRBV14-01	1.0				TCRBD01-01*01	TCRBD01	TCRBD01-01	1.0				TCRBJ02-07*01	TCRBJ02	TCRBJ02-07	1.0				3	7	3	4	4	1	33	47	54	59	63	1	In	VDJ							0.0
2423	CTGACGATCCAGCGCACAGAGCAGCGGGACTCGGCCATGTATCGCTGTGCCAGCAGCTTAGGTGAAGGCGAGCAGTACTTCGGGCCG	CASSLGEGEQYF	1	0.03005711	36	TCRBV07-06*01	TCRBV07	TCRBV07-06	1.0				unresolved		unresolved		TCRBD01,TCRBD02	TCRBD01-01,TCRBD02-01		TCRBJ02-07*01	TCRBJ02	TCRBJ02-07	1.0				1	4	5	4	0	6	45	61	65	-1	68	1	In	VDJ							0.0
2424	GTGAGCACCTTGGAGCTGGGGGACTCGGCCCTTTATCTTTGCGCCAGCAGCCTTGATTCGGGAGCACGGGGCTACACCTTCGGTTCG	CASSLDSGARGYTF	1	0.03005711	42	TCRBV05-01*01	TCRBV05	TCRBV05-01	1.0				TCRBD02-01*02	TCRBD02	TCRBD02-01	2.0				TCRBJ01-02*01	TCRBJ01	TCRBJ01-02	1.0				4	7	8	2	5	8	39	51	58	64	69	1	In	VDJ							0.0
2425	TGTGAACGCCTTGGAGCTGGACGACTCGGCCCTGTATCTCTGTGCCAGCAGCGCAGACAGCTAAGCTATGGCTACACCTTCGGTTCG		1	0.03005711	41	TCRBV05-04*01	TCRBV05	TCRBV05-04	1.0				TCRBD01-01*01	TCRBD01	TCRBD01-01	1.0				TCRBJ01-02*01	TCRBJ01	TCRBJ01-02	1.0				4	3	2	5	5	4	40	52	55	60	65	1	Out	VDJ							0.0
2426	CTCTCAGACATCTGTGTACTTCTGTGCCAGCAGTGACTTCTAGCTGGGTTAAGGGTCTTCAGCAATCAGCCCCAGCATTTTGGTGAT		1	0.03005711	59	TCRBV06-04	TCRBV06	TCRBV06-04				01,02	TCRBD02-01	TCRBD02	TCRBD02-01				01,02	TCRBJ01-05*01	TCRBJ01	TCRBJ01-05	1.0				1	1	4	7	16	1	22	38	39	44	60	1	Out	VDJ							0.0
2427	CAGCGCACAGAGCAGGGGGACTCGGCCATGTATCTCTGTGCCAGCAGCCGGGGGACAGGTAGGAATCAGCCCCAGCATTTTGGTGAT	CASSRGTGRNQPQHF	1	0.03005711	45	TCRBV07-09	TCRBV07	TCRBV07-09				01,03	TCRBD01-01*01	TCRBD01	TCRBD01-01	1.0				TCRBJ01-05*01	TCRBJ01	TCRBJ01-05	1.0				5	3	0	4	4	4	36	48	51	59	63	1	In	VDJ							0.0
2428	ACAGTGACCAGTGCCCATCCTGAAGACAGCAGCTTCTACATCTGCAGTGCTGAAACAGGGGAGCATCAGCCCCAGCATTTTGGTGAT	CSAETGEHQPQHF	1	0.03005711	39	TCRBV20	TCRBV20	unresolved			TCRBV20-01,TCRBV20-or09_02		TCRBD01-01*01	TCRBD01	TCRBD01-01	1.0				TCRBJ01-05*01	TCRBJ01	TCRBJ01-05	1.0				5	3	3	2	3	5	42	51	54	61	64	1	In	VDJ							0.0
2429	CAGCGCACAGAGCAGGGGGACTCGGCCATGTATCTCTGTGCCAGCAGCCCGGGGGCCGGAACTAATGAAAAACTGTTTTTTGGCAGT	CASSPGAGTNEKLFF	1	0.03005711	45	TCRBV07-09	TCRBV07	TCRBV07-09				01,03	unresolved		unresolved		TCRBD01,TCRBD02	TCRBD01-01,TCRBD02-01		TCRBJ01-04*01	TCRBJ01	TCRBJ01-04	1.0				5	2	6	0	3	1	36	48	50	56	59	1	In	VDJ							0.0
2430	GAGTTGGCTGCTCCCTCCCAGACATCTGTGTACTTCTGTGCCAGCAGTTATGGGCCGGGCGGTAATGAAAAACTGTTTTTTGGCAGT	CASSYGPGGNEKLFF	1	0.03005711	45	TCRBV06-06	TCRBV06	TCRBV06-06				01,02	unresolved		unresolved		TCRBD01,TCRBD02	TCRBD01-01,TCRBD02-01		TCRBJ01-04*01	TCRBJ01	TCRBJ01-04	1.0				3	1	8	0	7	4	36	50	51	55	62	1	In	VDJ							0.0
2431	GTGACCAGTGCCCATCCTGAAGACAGCAGCTTCTACATCTGCAGTGCCACCCTCCCCAGGGGGCACACTGAAGCTTTCTTTGGACAA	CSATLPRGHTEAFF	1	0.03005711	42	TCRBV20	TCRBV20	unresolved			TCRBV20-01,TCRBV20-or09_02		TCRBD01-01*01	TCRBD01	TCRBD01-01	1.0				TCRBJ01-01*01	TCRBJ01	TCRBJ01-01	1.0				6	9	4	0	0	3	39	47	56	-1	64	1	In	VDJ							0.0
2432	TCGGCTGCTCCCTCCCAGACATCTGTGTACTTCTGTGCCAGCAGTTACATGGTTGGCGGGGGCACAGATACGCAGTATTTTGGCCCA	CASSYMVGGGTDTQYF	1	0.03005711	48	TCRBV06-05*01	TCRBV06	TCRBV06-05	1.0				TCRBD02-01*01	TCRBD02	TCRBD02-01	1.0				TCRBJ02-03*01	TCRBJ02	TCRBJ02-03	1.0				2	7	7	3	0	1	33	48	55	-1	61	1	In	VDJ							0.0
2433	CAGCCCTCAGAACCCAGGGACTCAGCTGTGTATTTTTGTGCTAGTGGTTTGGTATCGGGATTCACAGATACGCAGTATTTTGGCCCA	CASGLVSGFTDTQYF	1	0.03005711	45	TCRBV12-05*01	TCRBV12	TCRBV12-05	1.0				TCRBD02-01*02	TCRBD02	TCRBD02-01	2.0				TCRBJ02-03*01	TCRBJ02	TCRBJ02-03	1.0				0	2	8	3	2	2	36	53	55	60	62	1	In	VDJ							0.0
2434	GCAAAGCTTGAGGACTCGGCCGTGTATCTCTGTGCCAGCAGCCCGGAGACAGGGGTCAGTCTGGGAGATACGCAGTATTTTGGCCCA	CASSPETGVSLGDTQYF	1	0.03005711	51	TCRBV11-02*02	TCRBV11	TCRBV11-02	2.0				TCRBD01-01*01	TCRBD01	TCRBD01-01	1.0				TCRBJ02-03*01	TCRBJ02	TCRBJ02-03	1.0				5	5	2	2	10	5	30	42	47	55	65	1	In	VDJ							0.0
2435	ACAGAGCGGGGGGACTCAGCCGTGTATCTCTGTGCCAGCAGCTTCCTCTCCGGGGGTGTGGGAGGGGATACGCAGTATTTTGGCCCA	CASSFLSGGVGGDTQYF	1	0.03005711	51	TCRBV07-03*01	TCRBV07	TCRBV07-03	1.0				TCRBD02-01*02	TCRBD02	TCRBD02-01	2.0				TCRBJ02-03*01	TCRBJ02	TCRBJ02-03	1.0				3	15	9	0	0	6	30	44	59	-1	66	1	In	VDJ							0.0
2436	CTGTCGGCTGCTCCCTCCCAGACATCTGTGTACTTCTGTGCCAGCACGGCTGCGGGATACAGACAAGAGACCCAGTACTTCGGGCCA	CASTAAGYRQETQYF	1	0.03005711	45	TCRBV06-05*01	TCRBV06	TCRBV06-05	1.0				TCRBD02-01*02	TCRBD02	TCRBD02-01	2.0				TCRBJ02-05*01	TCRBJ02	TCRBJ02-05	1.0				7	5	7	3	6	2	36	46	51	57	63	1	In	VDJ							0.0
2437	TTGGAGTCGGCTGCTCCCTCCCAAACATCTGTGTACTTCTGTGCCAGCAGAGATAGCGGCAACCAAGAGACCCAGTACTTCGGGCCA	CASRDSGNQETQYF	1	0.03005711	42	TCRBV06	TCRBV06	unresolved			TCRBV06-02,TCRBV06-03		TCRBD02-01	TCRBD02	TCRBD02-01				01,02	TCRBJ02-05*01	TCRBJ02	TCRBJ02-05	1.0				6	3	5	5	2	0	39	50	53	59	61	1	In	VDJ							0.0
2438	GCTCCCTCCCAAACATCTGTGTACTTCTGTGCCAGCAGTTACGCAGGGGGGGATAGTGCGCCCGGTGAGACCCAGTACTTCGGGCCA	CASSYAGGDSAPGETQYF	1	0.03005711	54	TCRBV06	TCRBV06	unresolved			TCRBV06-02,TCRBV06-03		unresolved		unresolved		TCRBD01,TCRBD02	TCRBD01-01,TCRBD02-01		TCRBJ02-05*01	TCRBJ02	TCRBJ02-05	1.0				2	1	4	1	16	5	27	42	43	50	66	1	In	VDJ							0.0
2439	CGCCCTGCAGCCAGAAGACTCAGCCCTGTATCTCTGCGCCAGCAGCCCTTCAGGGGGCGTTCAACTTCACCCCTCCACTTTGGGAAC		1	0.03005711	47	TCRBV04-01*01	TCRBV04	TCRBV04-01	1.0				TCRBD01-01*01	TCRBD01	TCRBD01-01	1.0				TCRBJ01-06*01	TCRBJ01	TCRBJ01-06	1.0				4	3	4	0	7	9	34	47	50	58	65	1	Out	VDJ							0.0
2440	TTGGAGCTGGACGACTCGGCCCTGTATCTCTGTGCCAGCAGCTTGGCACTAGCGGGGGCGCCCTCCTACGAGCAGTACTTCGGGCCG	CASSLALAGAPSYEQYF	1	0.03005711	51	TCRBV05-04*01	TCRBV05	TCRBV05-04	1.0				TCRBD02-01*01	TCRBD02	TCRBD02-01	1.0				TCRBJ02-07*01	TCRBJ02	TCRBJ02-07	1.0				0	1	3	2	4	0	30	46	47	58	62	1	In	VDJ							0.0
2441	CAGCCTGCAGAGCTTGGGGACTCGGCCGTGTATCTCTGTGCCAGCAGCTTAGCGTCCGGGTTCTCCTACGAGCAGTACTTCGGGCCG	CASSLASGFSYEQYF	1	0.03005711	45	TCRBV11-03*01	TCRBV11	TCRBV11-03	1.0				TCRBD02-01	TCRBD02	TCRBD02-01				01,02	TCRBJ02-07*01	TCRBJ02	TCRBJ02-07	1.0				1	4	8	4	2	0	36	52	56	60	62	1	In	VDJ							0.0
2442	GTGACCAGTGCCCATCCTGAAGACAGCAGCTTCTACATCTGCAGTGCTAGACAGGGGCGCTCCAACTATGGCTACACCTTCGGTTCG	CSARQGRSNYGYTF	1	0.03005711	42	TCRBV20	TCRBV20	unresolved			TCRBV20-01,TCRBV20-or09_02		TCRBD01-01*01	TCRBD01	TCRBD01-01	1.0				TCRBJ01-02*01	TCRBJ01	TCRBJ01-02	1.0				2	0	4	2	6	2	39	-1	51	57	63	1	In	VDJ							0.0
2443	AGCACCTTGGAGCTGGGGGACTCGGCCCTTTATCTTTGCGCCAGCAGCCTATCGACAGGGGGAGGCTATGGCTACACCTTCGGTTCG	CASSLSTGGGYGYTF	1	0.03005711	45	TCRBV05-01*01	TCRBV05	TCRBV05-01	1.0				TCRBD01-01*01	TCRBD01	TCRBD01-01	1.0				TCRBJ01-02*01	TCRBJ01	TCRBJ01-02	1.0				4	5	2	1	3	4	36	48	53	62	65	1	In	VDJ							0.0
2444	TCAGAACCCAGGGACTCAGCTGTGTACTTCTGTGCCAGCAGTTTAGGGCCAGGGTACGATCGCAATCAGCCCCAGCATTTTGGTGAT	CASSLGPGYDRNQPQHF	1	0.03005711	51	TCRBV12	TCRBV12	unresolved			TCRBV12-03,TCRBV12-04		TCRBD01-01*01	TCRBD01	TCRBD01-01	1.0				TCRBJ01-05*01	TCRBJ01	TCRBJ01-05	1.0				1	3	4	3	7	2	30	46	49	54	61	1	In	VDJ							0.0
2445	GAGATCCAGCGCACAGAGCAGGGGGACTCGGCCATGTATCTCTGTGCCAGCAGGGGGACAGATAATCAGCCCCAGCATTTTGGTGAT	CASRGTDNQPQHF	1	0.03005711	39	TCRBV07-09	TCRBV07	TCRBV07-09				01,03	TCRBD01-01*01	TCRBD01	TCRBD01-01	1.0				TCRBJ01-05*01	TCRBJ01	TCRBJ01-05	1.0				6	1	0	5	2	4	42	53	54	61	63	1	In	VDJ							0.0
2446	CGCCCAGCCCCAACCAGACCTCTCTGTACTTCTGTGCCAGCCCTTACCGGGTATGGACAGGGAGGTCAGCCCCAGCATTTTGGTGAT		1	0.03005711	49	TCRBV27-01*01	TCRBV27	TCRBV27-01	1.0				TCRBD01-01*01	TCRBD01	TCRBD01-01	1.0				TCRBJ01-05*01	TCRBJ01	TCRBJ01-05	1.0				8	13	1	3	3	6	32	41	54	62	65	1	Out	VDJ							0.0
2447	ACAGTGACCAGTGCCCATCCTGAAGACAGCAGCTTCTACATCTGCAGTGCTATCAACCAAGGTCGGGAAAAACTGTTTTTTGGCAGT	CSAINQGREKLFF	1	0.03005711	39	TCRBV20	TCRBV20	unresolved			TCRBV20-01,TCRBV20-or09_02		unresolved		unresolved		TCRBD01,TCRBD02	TCRBD01-01,TCRBD02-01		TCRBJ01-04*01	TCRBJ01	TCRBJ01-04	1.0				4	7	5	4	4	8	42	52	59	62	66	1	In	VDJ							0.0
2448	CCTGCAAAGCTTGAGGACTCGGCCGTGTATCTCTGTGCCAGCAATCCCCCCGGACTGCCGTAGAACACTGAAGCTTTCTTTGGACAA	CASNPPGLP*NTEAFF	1	0.03005711	48	TCRBV11-02*02	TCRBV11	TCRBV11-02	2.0				TCRBD02-01	TCRBD02	TCRBD02-01				01,02	TCRBJ01-01*01	TCRBJ01	TCRBJ01-01	1.0				7	8	1	10	6	1	33	43	51	56	62	1	Stop	VDJ							0.0
2449	ACAGAGCAGGGGGACTCGGCCATGTATCTCTGTGCCAGCAGCTTAACAGGGGGCGCAGGTAGGAACACTGAAGCTTTCTTTGGACAA	CASSLTGGAGRNTEAFF	1	0.03005711	51	TCRBV07-09	TCRBV07	TCRBV07-09				01,03	TCRBD01-01*01	TCRBD01	TCRBD01-01	1.0				TCRBJ01-01*01	TCRBJ01	TCRBJ01-01	1.0				2	0	3	0	8	1	30	-1	45	54	62	1	In	VDJ							0.0
2450	GAGTCGCCCAGCCCCAACCAGACCTCTCTGTACTTCTGTGCCAGCAGTTTATGGCGGGGGGTTGGCGGGGAGCTGTTTTTTGGAGAA	CASSLWRGVGGELFF	1	0.03005711	45	TCRBV27-01*01	TCRBV27	TCRBV27-01	1.0				TCRBD02-01*01	TCRBD02	TCRBD02-01	1.0				TCRBJ02-02*01	TCRBJ02	TCRBJ02-02	1.0				1	1	7	1	4	7	36	52	53	61	65	1	In	VDJ							0.0
2451	GTGAACGCCTTGTTGCTGGGGGACTCGGCCCTCTATCTCTGTGCCAGCAGCCAACAGGGAGGAACAGATACGCAGTATTTTGGCCCA	CASSQQGGTDTQYF	1	0.03005711	42	TCRBV05-06*01	TCRBV05	TCRBV05-06	1.0				unresolved		unresolved		TCRBD01,TCRBD02	TCRBD01-01,TCRBD02-01		TCRBJ02-03*01	TCRBJ02	TCRBJ02-03	1.0				4	2	3	3	4	3	39	51	53	59	63	1	In	VDJ							0.0
2452	CGGTCCACAAAGCTGGAGGACTCAGCCATGTACTTCTGTGCCAGCAGTGAATCAGGGACGAGGGCAGATACGCAGTATTTTGGCCCA	CASSESGTRADTQYF	1	0.03005711	45	TCRBV02-01*01	TCRBV02	TCRBV02-01	1.0				unresolved		unresolved		TCRBD01,TCRBD02	TCRBD01-01,TCRBD02-01		TCRBJ02-03*01	TCRBJ02	TCRBJ02-03	1.0				2	3	0	7	5	4	36	51	54	59	64	1	In	VDJ							0.0
2453	ATCCGCTCACCAGGCCTGGGGGACGCAGCCATGTACCTGTGTGCCACCAGCACCGGACAGGCTCAAGAGACCCAGTACTTCGGGCCA	CATSTGQAQETQYF	1	0.03005711	42	TCRBV15-01*01	TCRBV15	TCRBV15-01	1.0				TCRBD01-01*01	TCRBD01	TCRBD01-01	1.0				TCRBJ02-05*01	TCRBJ02	TCRBJ02-05	1.0				4	2	1	4	2	2	39	52	54	61	63	1	In	VDJ							0.0
2454	AATGTGAACGCCTTGGAGCTGGACGACTCGGCCCTGTATCTCTGTGCCAGCAGCTTGATTCGAGGAGAGACCCAGTACTTCGGGCCA	CASSLIRGETQYF	1	0.03005711	39	TCRBV05-04*01	TCRBV05	TCRBV05-04	1.0				TCRBD02-01*02	TCRBD02	TCRBD02-01	2.0				TCRBJ02-05*01	TCRBJ02	TCRBJ02-05	1.0				1	4	11	1	0	4	42	57	61	-1	65	1	In	VDJ							0.0
2455	CGCACAGAGCAGGGGGACTCGGCCATGTATCTCTGTGCCAGCAGCTCAGGGACTAGCGGGGGCGGAGAGACCCAGTACTTCGGGCCA	CASSSGTSGGGETQYF	1	0.03005711	48	TCRBV07-09	TCRBV07	TCRBV07-09				01,03	TCRBD02-01*01	TCRBD02	TCRBD02-01	1.0				TCRBJ02-05*01	TCRBJ02	TCRBJ02-05	1.0				4	2	0	2	3	4	33	46	48	62	65	1	In	VDJ							0.0
2456	AAGATCCAGCCCTCAGAACCCAGGGACTCAGCTGTGTACTTCTGTGCCAGCAGTGCCTCACCTCGAAACACCATATATTTTGGAGAG	CASSASPRNTIYF	1	0.03005711	39	TCRBV12	TCRBV12	unresolved			TCRBV12-03,TCRBV12-04		unresolved		unresolved		TCRBD01,TCRBD02	TCRBD01-01,TCRBD02-01		TCRBJ01-03*01	TCRBJ01	TCRBJ01-03	1.0				5	5	3	7	3	5	42	54	59	61	64	1	In	VDJ							0.0
2457	CTGAGCTCTCTGGAGCTGGGGGACTCAGCTTTGTATTTCTGTGCCAGCAGCCCCCGGACAGGGAACTACGAGCAGTACTTCGGGCCG	CASSPRTGNYEQYF	1	0.03005711	42	TCRBV09-01	TCRBV09	TCRBV09-01				01,02	TCRBD01-01*01	TCRBD01	TCRBD01-01	1.0				TCRBJ02-07*01	TCRBJ02	TCRBJ02-07	1.0				4	4	1	3	2	3	39	51	55	63	65	1	In	VDJ							0.0
2458	GAATGTGAGTGCCTTGGAGCTGGGGGACTCGGCCCTGTATCTCTGTGCCAGAAGCTTGGACAGGGGTACGAGCAGTACTTCGGGCCG		1	0.03005711	38	TCRBV05-03	TCRBV05	TCRBV05-03				01,02	TCRBD01-01*01	TCRBD01	TCRBD01-01	1.0				TCRBJ02-07*01	TCRBJ02	TCRBJ02-07	1.0				0	0	3	2	0	4	43	-1	59	-1	66	1	Out	VDJ							0.0
2459	CTGACGATCCAGCGCACACAGCAGGAGGACTCGGCCGTGTATCTCTGTGCCAGCAGCAACCCTAACTATGGCTACACCTTCGGTTCG	CASSNPNYGYTF	1	0.03005711	36	TCRBV07-02*01	TCRBV07	TCRBV07-02	1.0				unresolved		unresolved		TCRBD01,TCRBD02	TCRBD01-01,TCRBD02-01		TCRBJ01-02*01	TCRBJ01	TCRBJ01-02	1.0				5	1	3	7	1	0	45	57	58	60	61	1	In	VDJ							0.0
2460	TTGGCTGCTCCCTCCCAGACATCTGTGTACTTCTGTGCCAGCAGCCAAGGGACAGGTCCGCCTCGGTTTGGCTACACCTTCGGTTCG	CASSQGTGPPRFGYTF	1	0.03005711	48	TCRBV06-06	TCRBV06	TCRBV06-06				01,02	TCRBD01-01*01	TCRBD01	TCRBD01-01	1.0				TCRBJ01-02*01	TCRBJ01	TCRBJ01-02	1.0				6	4	0	4	12	7	33	44	48	56	68	1	In	VDJ							0.0
2461	TCACTCTGGAGTCTGCTGCCTCCTCCCAGACATCTGTATATTTCTGCGCCAGCAGAATTCTCGAATCAGCCCCAGCATTTTGGTGAT		1	0.03005711	37	TCRBV10-01	TCRBV10	TCRBV10-01				01,02	TCRBD02-01	TCRBD02	TCRBD02-01				01,02	TCRBJ01-05*01	TCRBJ01	TCRBJ01-05	1.0				6	4	4	10	2	4	44	55	59	61	63	1	Out	VDJ							0.0
2462	ACGATCCAGCGCACACAGCAGGAGGACTCGGCCGTGTATCTCTGTGCCAGCAGCCCCGGACACAATGAAAAACTGTTTTTTGGCAGT	CASSPGHNEKLFF	1	0.03005711	39	TCRBV07-02*01	TCRBV07	TCRBV07-02	1.0				TCRBD01-01*01	TCRBD01	TCRBD01-01	1.0				TCRBJ01-04*01	TCRBJ01	TCRBJ01-04	1.0				5	3	1	6	1	5	42	54	57	62	63	1	In	VDJ							0.0
2463	CAGCGCACACAGCAGGAGGACTCGGCCGTGTATCTCTGTGCCAGCAGCTTAATCGGATGGGGTAATGAAAAACTGTTTTTTGGCAGT	CASSLIGWGNEKLFF	1	0.03005711	45	TCRBV07-02*01	TCRBV07	TCRBV07-02	1.0				unresolved		unresolved		TCRBD01,TCRBD02	TCRBD01-01,TCRBD02-01		TCRBJ01-04*01	TCRBJ01	TCRBJ01-04	1.0				2	7	6	2	0	4	36	51	58	-1	62	1	In	VDJ							0.0
2464	CACACCCTGCAGCCAGAAGACTCGGCCCTGTATCTCTGCGCCAGCAGCCAAGATCAGGGATCGAACACTGAAGCTTTCTTTGGACAA	CASSQDQGSNTEAFF	1	0.03005711	45	TCRBV04-03*01	TCRBV04	TCRBV04-03	1.0				TCRBD01-01*01	TCRBD01	TCRBD01-01	1.0				TCRBJ01-01*01	TCRBJ01	TCRBJ01-01	1.0				0	1	4	3	3	1	36	53	54	59	62	1	In	VDJ							0.0
2465	GCTGCTCCCTCCCAGACATCTGTGTACTTCTGTGCCAGCAGTTACTCGGTGATTGGGGGAGGGAACACTGAAGCTTTCTTTGGACAA	CASSYSVIGGGNTEAFF	1	0.03005711	51	TCRBV06	TCRBV06	unresolved			TCRBV06-05,TCRBV06-06		TCRBD02-01*02	TCRBD02	TCRBD02-01	2.0				TCRBJ01-01*01	TCRBJ01	TCRBJ01-01	1.0				0	9	9	1	0	1	30	47	56	-1	62	1	In	VDJ							0.0
2466	ACCAGTGCCCATCCTGAAGACAGCAGCTTCTACATCTGCAGTGCTCTGCGACAGGGGGTTAGGGGCACTGAAGCTTTCTTTGGACAA	CSALRQGVRGTEAFF	1	0.03005711	45	TCRBV20	TCRBV20	unresolved			TCRBV20-01,TCRBV20-or09_02		TCRBD01-01*01	TCRBD01	TCRBD01-01	1.0				TCRBJ01-01*01	TCRBJ01	TCRBJ01-01	1.0				5	4	2	1	7	4	36	45	49	58	65	1	In	VDJ							0.0
2467	CCTGCAAAGCTTGAGGACTCGGCCGTGTATCTCTGTGCCAGCAGCTGGCTAGCGGGGGTCCCCGGAGATACGCAGTATTTTGGCCCA	CASSWLAGVPGDTQYF	1	0.03005711	48	TCRBV11-02*02	TCRBV11	TCRBV11-02	2.0				TCRBD02-01*01	TCRBD02	TCRBD02-01	1.0				TCRBJ02-03*01	TCRBJ02	TCRBJ02-03	1.0				4	2	4	2	7	5	33	46	48	58	65	1	In	VDJ							0.0
2468	AGGCTGCTGTCGGCTGCTCCCTCCCAGACATCTGTGTACTTCTGTGCCAGCCGGACAGGGAACCAAGAGACCCAGTACTTCGGGCCA	CASRTGNQETQYF	1	0.03005711	39	TCRBV06-05*01	TCRBV06	TCRBV06-05	1.0				TCRBD01-01*01	TCRBD01	TCRBD01-01	1.0				TCRBJ02-05*01	TCRBJ02	TCRBJ02-05	1.0				8	1	1	3	1	0	42	51	52	60	61	1	In	VDJ							0.0
2469	CTGGAGTCCGCTACCAGCTCCCAGACATCTGTGTACTTCTGTGCCATCAGCTTTCGGGGTGGGTTAGAGACCCAGTACTTCGGGCCA	CAISFRGGLETQYF	1	0.03005711	42	TCRBV10-03*01	TCRBV10	TCRBV10-03	1.0				TCRBD02-01*01	TCRBD02	TCRBD02-01	1.0				TCRBJ02-05*01	TCRBJ02	TCRBJ02-05	1.0				6	4	8	3	6	4	39	50	54	59	65	1	In	VDJ							0.0
2470	CACACCCTGCAGCCAGAAGACTCGGCCCTGTATCTCTGTGCCAGCAGCCCCAAGCGGGGGGGATACAATGAGCAGTTCTTCGGGCCA	CASSPKRGGYNEQFF	1	0.03005711	45	TCRBV04-02*01	TCRBV04	TCRBV04-02	1.0				TCRBD02-01*01	TCRBD02	TCRBD02-01	1.0				TCRBJ02-01*01	TCRBJ02	TCRBJ02-01	1.0				4	3	6	0	1	4	36	49	52	62	63	1	In	VDJ							0.0
2471	ACACAGCAGGAGGACTCCGCCGTGTATCTCTGTGCCAGCAGCCCCTACGCAGGTAACCCGAGCAATTCACCCCTCCACTTTGGGAAC	CASSPYAGNPSNSPLHF	1	0.03005711	51	TCRBV07-08*01	TCRBV07	TCRBV07-08	1.0				TCRBD01-01*01	TCRBD01	TCRBD01-01	1.0				TCRBJ01-06*01	TCRBJ01	TCRBJ01-06	1.0				5	7	4	4	10	7	30	42	49	53	63	1	In	VDJ							0.0
2472	TCCCTGGAGCTTGGTGACTCTGCTGTGTATTTCTGTGCCAGCAGCCTAAACCCCGGCGCAATTGATTCACCCCTCCACTTTGGGAAC	CASSLNPGAIDSPLHF	1	0.03005711	48	TCRBV03	TCRBV03	unresolved			TCRBV03-01,TCRBV03-02		unresolved		unresolved		TCRBD01,TCRBD02	TCRBD01-01,TCRBD02-01		TCRBJ01-06*01	TCRBJ01	TCRBJ01-06	1.0				4	8	9	0	7	8	33	46	54	57	64	1	In	VDJ							0.0
2473	GCTCCCTCCCAGACATCTGTGTACTTCTGTGCCAGCAGTTACTCGGCGGGGGGGCGAGTGTGGAAAAACATTCAGTACTTCGGCGCC	CASSYSAGGRVWKNIQYF	1	0.03005711	54	TCRBV06	TCRBV06	unresolved			TCRBV06-05,TCRBV06-06		TCRBD02-01*01	TCRBD02	TCRBD02-01	1.0				TCRBJ02-04*01	TCRBJ02	TCRBJ02-04	1.0				0	1	7	0	9	4	27	44	45	54	63	1	In	VDJ							0.0
2474	AGCTCTCTGGAGCTGGGGGACTCAGCTTTGTATTTCTGTGCCAGCAGCGCTGGGTGGGGGTCGACCTACGAGCAGTACTTCGGGCCG	CASSAGWGSTYEQYF	1	0.03005711	45	TCRBV09-01	TCRBV09	TCRBV09-01				01,02	unresolved		unresolved		TCRBD01,TCRBD02	TCRBD01-01,TCRBD02-01		TCRBJ02-07*01	TCRBJ02	TCRBJ02-07	1.0				3	6	6	1	4	2	36	49	55	60	64	1	In	VDJ							0.0
2475	AAGATCCGGTCCACAAAGCTGGAGGACTCAGCCATGTACTTCTGTGCCAGCAGTGGGGACGGAGCCTACGAGCAGTACTTCGGGCCG	CASSGDGAYEQYF	1	0.03005711	39	TCRBV02-01*01	TCRBV02	TCRBV02-01	1.0				unresolved		unresolved		TCRBD01,TCRBD02	TCRBD01-01,TCRBD02-01		TCRBJ02-07*01	TCRBJ02	TCRBJ02-07	1.0				4	0	0	7	4	2	42	-1	55	60	64	1	In	VDJ							0.0
2476	CTGGAGTCTGCTGCCTCCTCCCAGACATCTGTATATTTCTGCGCCACCTCCGGGACAGCCCCCTCCTACGAGCAGTACTTCGGGCCG	CATSGTAPSYEQYF	1	0.03005711	42	TCRBV10-01	TCRBV10	TCRBV10-01				01,02	TCRBD01-01*01	TCRBD01	TCRBD01-01	1.0				TCRBJ02-07*01	TCRBJ02	TCRBJ02-07	1.0				10	5	0	5	4	0	39	46	51	58	62	1	In	VDJ							0.0
2477	ATCCAGCGCACACAGCAGGAGGACTCGGCCGTGTATCTCTGTGCCAGCAGCCGCCAAGTGGGGGAGAATGGCTACACCTTCGGTTCG	CASSRQVGENGYTF	1	0.03005711	42	TCRBV07-02*01	TCRBV07	TCRBV07-02	1.0				unresolved		unresolved		TCRBD01,TCRBD02	TCRBD01-01,TCRBD02-01		TCRBJ01-02*01	TCRBJ01	TCRBJ01-02	1.0				5	8	6	1	3	6	39	51	59	64	67	1	In	VDJ							0.0
2478	GTGACCAGTGCCCATCCTGAAGACAGCAGCTTCTACATCTGCAGTGCTAGAGATCCTCGGGCCAACTATGGCTACACCTTCGGTTCG	CSARDPRANYGYTF	1	0.03005711	42	TCRBV20	TCRBV20	unresolved			TCRBV20-01,TCRBV20-or09_02		unresolved		unresolved		TCRBD01,TCRBD02	TCRBD01-01,TCRBD02-01		TCRBJ01-02*01	TCRBJ01	TCRBJ01-02	1.0				0	5	8	0	1	2	39	53	58	62	63	1	In	VDJ							0.0
2479	CTGGAGTCGGCTGCTCCCTCCCAGACATCTGTGTACTTCTGTGCCAGCAGTGGAGTCCTGGACAATCAGCCCCAGCATTTTGGTGAT	CASSGVLDNQPQHF	1	0.03005711	42	TCRBV06-01*01	TCRBV06	TCRBV06-01	1.0				unresolved		unresolved		TCRBD01,TCRBD02	TCRBD01-01,TCRBD02-01		TCRBJ01-05*01	TCRBJ01	TCRBJ01-05	1.0				4	7	1	8	0	3	39	52	59	-1	62	1	In	VDJ							0.0
2480	CGCACACAGCAGGAGGACTCCGCCGTGTATCTCTGTGCCAGCAGCGCACAGGGAGCCGTTAGCAATCAGCCCCAGCATTTTGGTGAT	CASSAQGAVSNQPQHF	1	0.03005711	48	TCRBV07-08*01	TCRBV07	TCRBV07-08	1.0				TCRBD01-01*01	TCRBD01	TCRBD01-01	1.0				TCRBJ01-05*01	TCRBJ01	TCRBJ01-05	1.0				5	2	3	3	6	0	33	45	47	53	59	1	In	VDJ							0.0
2481	AAGATCCAGCGCACAGAGCGGGGGGACTCAGCCGTGTATCTCTGTGCCAGCAGCAGGGACAGGGGAGAAAAACTGTTTTTTGGCAGT	CASSRDRGEKLFF	1	0.03005711	39	TCRBV07-03*01	TCRBV07	TCRBV07-03	1.0				TCRBD01-01*01	TCRBD01	TCRBD01-01	1.0				TCRBJ01-04*01	TCRBJ01	TCRBJ01-04	1.0				5	1	0	2	1	8	42	54	55	65	66	1	In	VDJ							0.0
2482	AATGTGAGCACCTTGGAGCTGGGGGACTCGGCCCTTTATCTTTGCGCCAGCAGCTTGCAGGCGAACACTGAAGCTTTCTTTGGACAA	CASSLQANTEAFF	1	0.03005711	39	TCRBV05-01*01	TCRBV05	TCRBV05-01	1.0				TCRBD01-01*01	TCRBD01	TCRBD01-01	1.0				TCRBJ01-01*01	TCRBJ01	TCRBJ01-01	1.0				1	0	4	4	1	1	42	-1	57	61	62	1	In	VDJ							0.0
2483	CTGGAGTCGCCCAGCCCCAACCAGACCTCTCTGTACTTCTGTGCCAGCAGTCCAGGGACAGGGGACACTGAAGCTTTCTTTGGACAA	CASSPGTGDTEAFF	1	0.03005711	42	TCRBV27-01*01	TCRBV27	TCRBV27-01	1.0				TCRBD01-01*01	TCRBD01	TCRBD01-01	1.0				TCRBJ01-01*01	TCRBJ01	TCRBJ01-01	1.0				5	3	0	2	0	3	39	51	54	-1	64	1	In	VDJ							0.0
2484	TCGGCTGCTCCCTCCCAAACATCTGTGTACTTCTGTGCCAGCAGCATCGGACTAGCGGGGGGGATGAGGGAGCTGTTTTTTGGAGAA	CASSIGLAGGMRELFF	1	0.03005711	48	TCRBV06	TCRBV06	unresolved			TCRBV06-02,TCRBV06-03		TCRBD02-01*01	TCRBD02	TCRBD02-01	1.0				TCRBJ02-02*01	TCRBJ02	TCRBJ02-02	1.0				6	4	1	0	4	9	33	44	48	63	67	1	In	VDJ							0.0
2485	CCTGCAAAGCTTGAGGACTCGGCCGTGTATCTCTGTGCCAGCAGTTCCTTCCTCGGCCGTGCTACCGGGGAGCTGTTTTTTGGAGAA	CASSSFLGRATGELFF	1	0.03005711	48	TCRBV11-02*02	TCRBV11	TCRBV11-02	2.0				unresolved		unresolved		TCRBD01,TCRBD02	TCRBD01-01,TCRBD02-01		TCRBJ02-02*01	TCRBJ02	TCRBJ02-02	1.0				6	10	9	0	6	5	33	44	54	57	63	1	In	VDJ							0.0
2486	GCCCTGCAGCCAGAAGACTCAGCCCTGTATCTCTGCGCCAGCAGCCAAGAACCCGGAACCAGCGCGGGGGAGCTGTTTTTTGGAGAA	CASSQEPGTSAGELFF	1	0.03005711	48	TCRBV04-01*01	TCRBV04	TCRBV04-01	1.0				TCRBD02-01	TCRBD02	TCRBD02-01				01,02	TCRBJ02-02*01	TCRBJ02	TCRBJ02-02	1.0				0	10	6	6	2	8	33	50	60	64	66	1	In	VDJ							0.0
2487	GAGTCGGCTGCTCCCTCCCAAACATCTGTGTACTTCTGTGCCAGCGTGACTAGCGGGGGGGCCGCAGATACGCAGTATTTTGGCCCA	CASVTSGGAADTQYF	1	0.03005711	45	TCRBV06	TCRBV06	unresolved			TCRBV06-02,TCRBV06-03		TCRBD02-01*01	TCRBD02	TCRBD02-01	1.0				TCRBJ02-03*01	TCRBJ02	TCRBJ02-03	1.0				8	2	2	0	3	4	36	45	47	61	64	1	In	VDJ							0.0
2488	CAGCGCACAGAGCAGCGGGACTCAGCCATGTATCGCTGTGCTAGCAGCTTACCGGGGAGCGGGGTAGAGACCCAGTACTTCGGGCCA	CASSLPGSGVETQYF	1	0.03005711	45	TCRBV07-07*01	TCRBV07	TCRBV07-07	1.0				TCRBD02-01*01	TCRBD02	TCRBD02-01	1.0				TCRBJ02-05*01	TCRBJ02	TCRBJ02-05	1.0				2	6	6	3	1	4	36	51	57	64	65	1	In	VDJ							0.0
2489	ACAGTGACCAGTGCCCATCCTGAAGACAGCAGCTTCTACATCTGCAGTGCTACTCCGGGACTACACAATGAGCAGTTCTTCGGGCCA	CSATPGLHNEQFF	1	0.03005711	39	TCRBV20	TCRBV20	unresolved			TCRBV20-01,TCRBV20-or09_02		TCRBD02-01	TCRBD02	TCRBD02-01				01,02	TCRBJ02-01*01	TCRBJ02	TCRBJ02-01	1.0				4	4	0	9	1	5	42	52	56	63	64	1	In	VDJ							0.0
2490	GTGAACGCCTTGTTGCTGGGGGACTCGGCCCTCTATCTCTGTGCCAGCAGCTTGGGGCAGTACTACAATGAGCAGTTCTTCGGGCCA	CASSLGQYYNEQFF	1	0.03005711	42	TCRBV05-06*01	TCRBV05	TCRBV05-06	1.0				TCRBD01-01*01	TCRBD01	TCRBD01-01	1.0				TCRBJ02-01*01	TCRBJ02	TCRBJ02-01	1.0				0	2	4	5	2	3	39	55	57	60	62	1	In	VDJ							0.0
2491	CGGTCCACAAAGCTGGAGGACTCAGCCATGTACTTCTGTGCCAGCAGTTCCCGCGGGGGGTGGTACAATGAGCAGTTCTTCGGGCCA	CASSSRGGWYNEQFF	1	0.03005711	45	TCRBV02-01*01	TCRBV02	TCRBV02-01	1.0				TCRBD02-01*01	TCRBD02	TCRBD02-01	1.0				TCRBJ02-01*01	TCRBJ02	TCRBJ02-01	1.0				5	4	7	1	3	4	36	48	52	60	63	1	In	VDJ							0.0
2492	TTGGCTGCTCCCTCCCAGACATCTGTGTACTTCTGTGCCAGCAGTTACTCCCAGCGGGGGGCATCCAATGAGCAGTTCTTCGGGCCA	CASSYSQRGASNEQFF	1	0.03005711	48	TCRBV06-06	TCRBV06	TCRBV06-06				01,02	TCRBD02-01*01	TCRBD02	TCRBD02-01	1.0				TCRBJ02-01*01	TCRBJ02	TCRBJ02-01	1.0				0	2	6	1	4	6	33	50	52	61	65	1	In	VDJ							0.0
2493	ACCAGTGCCCATCCTGAAGACAGCAGCTTCTACATCTGCAGTGCCAGAGGGACGAGCTCCTATAATTCACCCCTCCACTTTGGGAAC	CSARGTSSYNSPLHF	1	0.03005711	45	TCRBV20	TCRBV20	unresolved			TCRBV20-01,TCRBV20-or09_02		unresolved		unresolved		TCRBD01,TCRBD02	TCRBD01-01,TCRBD02-01		TCRBJ01-06*01	TCRBJ01	TCRBJ01-06	1.0				1	0	1	7	3	0	36	-1	49	53	56	1	In	VDJ							0.0
2494	CATCTGTGTACTTCTGTGCCAGCAGTTACTCTGTTTGGGTACCAGACCCAGGGGACATCGGGGGCCAACGTCCTGACTTTCGGGGCC		1	0.03005711	67	TCRBV06	TCRBV06	unresolved			TCRBV06-02,TCRBV06-03,TCRBV06-05,TCRBV06-06		TCRBD01-01*01	TCRBD01	TCRBD01-01	1.0				TCRBJ02-06*01	TCRBJ02	TCRBJ02-06	1.0				0	20	0	6	3	4	14	31	51	57	60	1	Out	VDJ							0.0
2495	AGGCTGCTGTCGGCTGCTCCCTCCCAGACATCTGTGTACTTCTGTGCCGCGGCACGGGGACCTGGAAACACCATATATTTTGGAGAG	CAAARGPGNTIYF	1	0.03005711	39	TCRBV06-05*01	TCRBV06	TCRBV06-05	1.0				unresolved		unresolved		TCRBD01,TCRBD02	TCRBD01-01,TCRBD02-01		TCRBJ01-03*01	TCRBJ01	TCRBJ01-03	1.0				11	8	0	7	0	2	42	48	56	-1	61	1	In	VDJ							0.0
2496	TCAATTCCCTGGAGCTTGGTGACTCTGCTGTGTATTTCTGTGCCAGCAGCCGGCCAGATCCCATTTCGTGTTAGACGAGCCGGGCCG		1	0.03005711	43	TCRBV03	TCRBV03	unresolved			TCRBV03-01,TCRBV03-02		unresolved		unresolved		TCRBD01,TCRBD02	TCRBD01-01,TCRBD02-01		TCRBJ02-07*01	TCRBJ02	TCRBJ02-07	1.0				4	22	2	7	4	18	38	51	73	76	80	1	Out	VDJ							0.0
2497	CACAGCAGGAGGACTCCGCCGTGTATCTCTGTGCCAGCAGCCCACGAGGGTACAGGGGGCCGGTTGGACGAGCAGTACTTCGGGCCG		1	0.03005711	52	TCRBV07-08*01	TCRBV07	TCRBV07-08	1.0				TCRBD01-01*01	TCRBD01	TCRBD01-01	1.0				TCRBJ02-07*01	TCRBJ02	TCRBJ02-07	1.0				5	10	3	0	7	5	29	41	51	60	67	1	Out	VDJ							0.0
2498	CAGCGCACACAGCAGGAGGACTCGGCCGTGTATCTCTGTGCCAGCAGCGGAGGGCGGGGGGATCACTACGAGCAGTACTTCGGGCCG	CASSGGRGDHYEQYF	1	0.03005711	45	TCRBV07-02*01	TCRBV07	TCRBV07-02	1.0				TCRBD02-01*01	TCRBD02	TCRBD02-01	1.0				TCRBJ02-07*01	TCRBJ02	TCRBJ02-07	1.0				5	5	7	1	4	3	36	48	53	61	65	1	In	VDJ							0.0
2499	CTGTCGGCTGCTCCCTCCCAGACATCTGTGTACTTCTGTGCCAGCAGTGATGGGGAGGGGGGGTCCTACGAGCAGTACTTCGGGCCG	CASSDGEGGSYEQYF	1	0.03005711	45	TCRBV06	TCRBV06	unresolved			TCRBV06-01,TCRBV06-05		TCRBD02-01	TCRBD02	TCRBD02-01				01,02	TCRBJ02-07*01	TCRBJ02	TCRBJ02-07	1.0				3	6	9	0	0	1	36	50	56	-1	63	1	In	VDJ							0.0
2500	CCTCAGAACCCAGGGACTCAGCTGTGTATTTTTGTGCTAGTGGTCCAATAATTCCGGGACAGGGGGAATGGCTACACCTTCGGTTCG		1	0.03005711	49	TCRBV12-05*01	TCRBV12	TCRBV12-05	1.0				TCRBD01-01*01	TCRBD01	TCRBD01-01	1.0				TCRBJ01-02*01	TCRBJ01	TCRBJ01-02	1.0				5	11	0	1	1	6	32	44	55	66	67	1	Out	VDJ							0.0
2501	ATCCAGCGCACAGAGCGGGGGGACTCAGCCGTGTATCTCTGTGCCAGCAGCTTAAAAGGTCCTAACTATGGCTACACCTTCGGTTCG	CASSLKGPNYGYTF	1	0.03005711	42	TCRBV07-03*01	TCRBV07	TCRBV07-03	1.0				unresolved		unresolved		TCRBD01,TCRBD02	TCRBD01-01,TCRBD02-01		TCRBJ01-02*01	TCRBJ01	TCRBJ01-02	1.0				1	1	5	4	2	0	39	55	56	59	61	1	In	VDJ							0.0
2502	GTGAGCACCTTGGAGCTGGGGGACTCGGCCCTTTATCTTTGCGCCAGCAGCCTGAGCAGGGGCAGCTATGGCTACACCTTCGGTTCG	CASSLSRGSYGYTF	1	0.03005711	42	TCRBV05-01*01	TCRBV05	TCRBV05-01	1.0				TCRBD01-01*01	TCRBD01	TCRBD01-01	1.0				TCRBJ01-02*01	TCRBJ01	TCRBJ01-02	1.0				4	5	4	2	3	4	39	51	56	62	65	1	In	VDJ							0.0
2503	ATCAATTCCCTGGAGCTTGGTGACTCTGCTGTGTATTTCTGTGCCAGCAGCCTTTCCGACCCGCGCTATGGCTACACCTTCGGTTCG	CASSLSDPRYGYTF	1	0.03005711	42	TCRBV03	TCRBV03	unresolved			TCRBV03-01,TCRBV03-02		unresolved		unresolved		TCRBD01,TCRBD02	TCRBD01-01,TCRBD02-01		TCRBJ01-02*01	TCRBJ01	TCRBJ01-02	1.0				4	5	2	7	5	4	39	52	57	60	65	1	In	VDJ							0.0
2504	AGCTCTCTGGAGCTGGGGGACTCAGCTTTGTATTTCTGTGCCAGCAGCGTAGCCACAGGGGGCATCTATGGCTACACCTTCGGTTCG	CASSVATGGIYGYTF	1	0.03005711	45	TCRBV09-01	TCRBV09	TCRBV09-01				01,02	TCRBD01-01*01	TCRBD01	TCRBD01-01	1.0				TCRBJ01-02*01	TCRBJ01	TCRBJ01-02	1.0				0	2	3	0	2	4	36	52	54	63	65	1	In	VDJ							0.0
2505	GAGTCGGCTGCTCCCTCCCAGACATCTGTGTACTTCTGTGCCAGCAGTGAAGTACAGGGCCCCGTGAGTGGCTACACCTTCGGTTCG	CASSEVQGPVSGYTF	1	0.03005711	45	TCRBV06-01*01	TCRBV06	TCRBV06-01	1.0				TCRBD01-01*01	TCRBD01	TCRBD01-01	1.0				TCRBJ01-02*01	TCRBJ01	TCRBJ01-02	1.0				1	1	3	3	9	7	36	52	53	59	68	1	In	VDJ							0.0
2506	TCCACAAAGCTGGAGGACTCAGCCATGTACTTCTGTGCCAGCAGTGAAGACTCCGGGACGACTAATGAAAAACTGTTTTTTGGCAGT	CASSEDSGTTNEKLFF	1	0.03005711	48	TCRBV02-01*01	TCRBV02	TCRBV02-01	1.0				unresolved		unresolved		TCRBD01,TCRBD02	TCRBD01-01,TCRBD02-01		TCRBJ01-04*01	TCRBJ01	TCRBJ01-04	1.0				1	5	0	7	1	2	33	49	54	59	60	1	In	VDJ							0.0
2507	CTGCTGTCGGCTGCTCCCTCCCAGACATCTGTGTACTTCTGTGCCAGCAGTAACAGGGGAGCCAACACTGAAGCTTTCTTTGGACAA	CASSNRGANTEAFF	1	0.03005711	42	TCRBV06-05*01	TCRBV06	TCRBV06-05	1.0				TCRBD01-01*01	TCRBD01	TCRBD01-01	1.0				TCRBJ01-01*01	TCRBJ01	TCRBJ01-01	1.0				5	1	3	2	4	2	39	51	52	59	63	1	In	VDJ							0.0
2508	ACAGTGACCAGTGCCCATCCTGAAGACAGCAGCTTCTACATCTGCAGTGCCGCCTTGGGGGGGCCCACTGAAGCTTTCTTTGGACAA	CSAALGGPTEAFF	1	0.03005711	39	TCRBV20	TCRBV20	unresolved			TCRBV20-01,TCRBV20-or09_02		TCRBD02-01*01	TCRBD02	TCRBD02-01	1.0				TCRBJ01-01*01	TCRBJ01	TCRBJ01-01	1.0				6	6	9	0	2	4	42	50	56	63	65	1	In	VDJ							0.0
2509	ATCCAGCCCTCAGAACCCAGGGACTCAGCTGTGTACTTCTGTGCCAGCAGTTTCGACAGGGGGCAGGCTGAAGCTTTCTTTGGACAA	CASSFDRGQAEAFF	1	0.03005711	42	TCRBV12	TCRBV12	unresolved			TCRBV12-03,TCRBV12-04		TCRBD01-01*01	TCRBD01	TCRBD01-01	1.0				TCRBJ01-01*01	TCRBJ01	TCRBJ01-01	1.0				3	1	2	0	3	6	39	53	54	64	67	1	In	VDJ							0.0
2510	CGCCTTGTTGCTGGGGGACTCGGCCCTCTATCTCTGTGCCAGCAGTCCTGGGGTAGCGGGGCCACAGATACGCAGTATTTTGGCCCA		1	0.03005711	47	TCRBV05-06*01	TCRBV05	TCRBV05-06	1.0				TCRBD02-01*01	TCRBD02	TCRBD02-01	1.0				TCRBJ02-03*01	TCRBJ02	TCRBJ02-03	1.0				5	8	5	3	1	2	34	45	53	61	62	1	Out	VDJ							0.0
2511	TTGGAGCTGGACGACTCGGCCCTGTATCTCTGTGCCAGCAGCCAAGGTGGCCAGCGGGGGGCGGCTGATACGCAGTATTTTGGCCCA	CASSQGGQRGAADTQYF	1	0.03005711	51	TCRBV05-04*01	TCRBV05	TCRBV05-04	1.0				TCRBD02-01*01	TCRBD02	TCRBD02-01	1.0				TCRBJ02-03*01	TCRBJ02	TCRBJ02-03	1.0				4	10	6	1	5	6	30	42	52	61	66	1	In	VDJ							0.0
2512	AATGTGAACGCCTTGGAGCTGGACGACTCGGCCCTGTATCTCTGTGCCAGCAGCTTGGCCGGGGGGGAGACCCAGTACTTCGGGCCA	CASSLAGGETQYF	1	0.03005711	39	TCRBV05-04*01	TCRBV05	TCRBV05-04	1.0				TCRBD02-01*01	TCRBD02	TCRBD02-01	1.0				TCRBJ02-05*01	TCRBJ02	TCRBJ02-05	1.0				0	1	8	1	0	5	42	58	59	-1	66	1	In	VDJ							0.0
2513	CCAGAAGACTCGGCCCTGTATCTCTGTGCCAGCAGCCATGGTACCCCTGGGGGGGCCCAATTCTAGGATTCCCAGTTCTTCGGGCCA	CASSHGTPGGAQF*DSQFF	1	0.03005711	57	TCRBV04-02*01	TCRBV04	TCRBV04-02	1.0				TCRBD02-01*01	TCRBD02	TCRBD02-01	1.0				TCRBJ02-01*01	TCRBJ02	TCRBJ02-01	1.0				3	10	9	0	17	13	24	38	48	55	72	1	Stop	VDJ							0.0
2514	AGCTCTCTGGAGCTGGGGGACTCAGCTTTGTATTTCTGTGCCAGCAGCGTAGTAAAAGCTGGGGCCAACGTCCTGACTTTCGGGGCC	CASSVVKAGANVLTF	1	0.03005711	45	TCRBV09-01	TCRBV09	TCRBV09-01				01,02	unresolved		unresolved		TCRBD01,TCRBD02	TCRBD01-01,TCRBD02-01		TCRBJ02-06*01	TCRBJ02	TCRBJ02-06	1.0				0	4	5	5	0	2	36	52	56	-1	58	1	In	VDJ							0.0
2515	ATCCAGCGCACAGAGCGGGGGGACTCAGCCGTGTATCTCTGTGCCAGCAGCCCACGACAGGGTATCAACGTCCTGACTTTCGGGGCC	CASSPRQGINVLTF	1	0.03005711	42	TCRBV07-03*01	TCRBV07	TCRBV07-03	1.0				TCRBD01-01*01	TCRBD01	TCRBD01-01	1.0				TCRBJ02-06*01	TCRBJ02	TCRBJ02-06	1.0				5	4	2	3	3	9	39	51	55	62	65	1	In	VDJ							0.0
2516	CTGGAGTCCGCTACCAGCTCCCAGACATCTGTGTACTTCTGTGCCACCCGGGCAGCGGATTCTGGAAACACCATATATTTTGGAGAG	CATRAADSGNTIYF	1	0.03005711	42	TCRBV10-03*01	TCRBV10	TCRBV10-03	1.0				TCRBD02-01	TCRBD02	TCRBD02-01				01,02	TCRBJ01-03*01	TCRBJ01	TCRBJ01-03	1.0				10	7	6	5	2	1	39	46	53	58	60	1	In	VDJ							0.0
2517	TGGAGTCCGCTACCAGCTCCCAGACATCTGTGTACTTCTGTGCCATCAGTGGGGCAGGGGGGGTCCGACGAGCAGTACTTCGGGCCG		1	0.03005711	43	TCRBV10-03*01	TCRBV10	TCRBV10-03	1.0				unresolved		unresolved		TCRBD01,TCRBD02	TCRBD01-01,TCRBD02-01		TCRBJ02-07*01	TCRBJ02	TCRBJ02-07	1.0				4	3	4	1	6	5	38	51	54	61	67	1	Out	VDJ							0.0
2518	TTGGAGCTGGACGACTCGGCCCTGTATCTCTGTGCCAGCAGCTCGACGGGGCTCGGAATTACTCACTACGAGCAGTACTTCGGGCCG	CASSSTGLGITHYEQYF	1	0.03005711	51	TCRBV05-04*01	TCRBV05	TCRBV05-04	1.0				unresolved		unresolved		TCRBD01,TCRBD02	TCRBD01-01,TCRBD02-01		TCRBJ02-07*01	TCRBJ02	TCRBJ02-07	1.0				3	4	7	0	13	3	30	43	47	52	65	1	In	VDJ							0.0
2519	CAGCCCTCAGAACCCAGGGACTCAGCTGTGTACTTCTGTGCCAGCAGTTTAGCGTGGGCAGGGACCTACGAGCAGTACTTCGGGCCG	CASSLAWAGTYEQYF	1	0.03005711	45	TCRBV12	TCRBV12	unresolved			TCRBV12-03,TCRBV12-04		TCRBD01-01*01	TCRBD01	TCRBD01-01	1.0				TCRBJ02-07*01	TCRBJ02	TCRBJ02-07	1.0				0	5	4	3	1	2	36	53	58	63	64	1	In	VDJ							0.0
2520	GTGAGCACCTTGGAGCTGGGGGACTCGGCCCTTTATCTTTGCGCCAGCAGCCGTACCACAGGCTCCTACGAGCAGTACTTCGGGCCG	CASSRTTGSYEQYF	1	0.03005711	42	TCRBV05-01*01	TCRBV05	TCRBV05-01	1.0				TCRBD01-01*01	TCRBD01	TCRBD01-01	1.0				TCRBJ02-07*01	TCRBJ02	TCRBJ02-07	1.0				4	6	3	4	0	0	39	51	57	-1	62	1	In	VDJ							0.0
2521	TCGCCCAGCCCCAACCAGACCTCTCTGTACTTCTGTGCCAGCAGTTCCGCGGGGGGTCCGGCGGCTTACGAGCAGTACTTCGGGCCG	CASSSAGGPAAYEQYF	1	0.03005711	48	TCRBV27-01*01	TCRBV27	TCRBV27-01	1.0				TCRBD02-01*01	TCRBD02	TCRBD02-01	1.0				TCRBJ02-07*01	TCRBJ02	TCRBJ02-07	1.0				4	2	7	1	10	4	33	46	48	56	66	1	In	VDJ							0.0
2522	AACGCCTTGGAGCTGGACGACTCGGCCCTGTATCTCTGTGCCAGCAGCTTGTTTAGTCAGGGGGCCCGCGAGCAGTACTTCGGGCCG	CASSLFSQGAREQYF	1	0.03005711	45	TCRBV05-04*01	TCRBV05	TCRBV05-04	1.0				TCRBD01-01*01	TCRBD01	TCRBD01-01	1.0				TCRBJ02-07*01	TCRBJ02	TCRBJ02-07	1.0				1	6	4	0	3	6	36	51	57	65	68	1	In	VDJ							0.0
2523	ACAAAGCTGGAGGACTCAGCCATGTACTTCTGTGCCAGCAGTGACGCCCGGAACTTCTATAGCAATCAGCCCCAGCATTTTGGTGAT	CASSDARNFYSNQPQHF	1	0.03005711	51	TCRBV02-01*01	TCRBV02	TCRBV02-01	1.0				unresolved		unresolved		TCRBD01,TCRBD02	TCRBD01-01,TCRBD02-01		TCRBJ01-05*01	TCRBJ01	TCRBJ01-05	1.0				3	5	1	8	7	0	30	44	49	52	59	1	In	VDJ							0.0
2524	TGAAGATCCAGCCCTCAGAACCCAGGGACTCAGCTGTGTACTTCTGTGCCAGCATTTCCTTCGACAGGGCTGCGGCATTTTGGTGAT		1	0.03005711	37	TCRBV12	TCRBV12	unresolved			TCRBV12-03,TCRBV12-04		TCRBD01-01*01	TCRBD01	TCRBD01-01	1.0				TCRBJ01-05*01	TCRBJ01	TCRBJ01-05	1.0				7	8	2	3	5	15	44	54	62	69	74	1	Out	VDJ							0.0
2525	ACCCTGCAGCCAGAAGACTCGGCCCTGTATCTCTGCGCCAGCAGTACCAGGGGCTCGGCAACTAATGAAAAACTGTTTTTTGGCAGT	CASSTRGSATNEKLFF	1	0.03005711	48	TCRBV04-03*01	TCRBV04	TCRBV04-03	1.0				TCRBD01-01*01	TCRBD01	TCRBD01-01	1.0				TCRBJ01-04*01	TCRBJ01	TCRBJ01-04	1.0				6	3	4	2	5	0	33	44	47	53	58	1	In	VDJ							0.0
2526	CACCTACACACCCTGCAGCCAGAAGACTCGGCCCTGTATCTCTGCGCCAGCAGCCCGAACAGGAACACTGAAGCTTTCTTTGGACAA	CASSPNRNTEAFF	1	0.03005711	39	TCRBV04-03*01	TCRBV04	TCRBV04-03	1.0				TCRBD01-01*01	TCRBD01	TCRBD01-01	1.0				TCRBJ01-01*01	TCRBJ01	TCRBJ01-01	1.0				4	3	3	5	0	1	42	55	58	-1	62	1	In	VDJ							0.0
2527	CTGACAGTGACCAGTGCCCATCCTGAAGACAGCAGCTTCTACATCTGCAGTGCTAGCCGGACCGCCCGTGAAGCTTTCTTTGGACAA	CSASRTAREAFF	1	0.03005711	36	TCRBV20	TCRBV20	unresolved			TCRBV20-01,TCRBV20-or09_02		unresolved		unresolved		TCRBD01,TCRBD02	TCRBD01-01,TCRBD02-01		TCRBJ01-01*01	TCRBJ01	TCRBJ01-01	1.0				3	2	1	7	6	7	45	56	58	62	68	1	In	VDJ							0.0
2528	ACCAGTGCCCATCCTGAAGACAGCAGCTTCTACATCTGCAGTGCTCACGGTCTAGCGGGGGTCACAGATACGCAGTATTTTGGCCCA	CSAHGLAGVTDTQYF	1	0.03005711	45	TCRBV20	TCRBV20	unresolved			TCRBV20-01,TCRBV20-or09_02		TCRBD02-01*01	TCRBD02	TCRBD02-01	1.0				TCRBJ02-03*01	TCRBJ02	TCRBJ02-03	1.0				5	6	4	2	1	2	36	45	51	61	62	1	In	VDJ							0.0
2529	AGCTCTCTGGAGCTGGGGGACTCAGCTTTGTATTTCTGTGCCAGCAGCGTAGACGCGGCCCCATGGGATACGCAGTATTTTGGCCCA	CASSVDAAPWDTQYF	1	0.03005711	45	TCRBV09-01	TCRBV09	TCRBV09-01				01,02	TCRBD02-01	TCRBD02	TCRBD02-01				01,02	TCRBJ02-03*01	TCRBJ02	TCRBJ02-03	1.0				0	2	7	5	8	6	36	52	54	58	66	1	In	VDJ							0.0
2530	TCAGGCTGCTGTCGGCTGCTCCCTCCCAGACATCTGTGTACTTCTGTGCCAGCAGAGGGACTCCAAGAGACCCAGTACTTCGGGCCA		1	0.03005711	37	TCRBV06-05*01	TCRBV06	TCRBV06-05	1.0				TCRBD02-01	TCRBD02	TCRBD02-01				01,02	TCRBJ02-05*01	TCRBJ02	TCRBJ02-05	1.0				6	1	0	10	0	1	44	55	56	-1	62	1	Out	VDJ							0.0
2531	ACAGTGACCAGTGCCCATCCTGAAGACAGCAGCTTCTACATCTGCAGTGCCCGACAGGCGGCGGGGGAGACCCAGTACTTCGGGCCA	CSARQAAGETQYF	1	0.03005711	39	TCRBV20	TCRBV20	unresolved			TCRBV20-01,TCRBV20-or09_02		unresolved		unresolved		TCRBD01,TCRBD02	TCRBD01-01,TCRBD02-01		TCRBJ02-05*01	TCRBJ02	TCRBJ02-05	1.0				6	2	2	4	8	5	42	50	52	58	66	1	In	VDJ							0.0
2532	CAGCCTGCAAAGCTTGAGGACTCGGCCGTGTATCTCTGTGCCAGCAGCTTAGGACAGGGGGCCTACAATGAGCAGTTCTTCGGGCCA	CASSLGQGAYNEQFF	1	0.03005711	45	TCRBV11-02*02	TCRBV11	TCRBV11-02	2.0				TCRBD01-01*01	TCRBD01	TCRBD01-01	1.0				TCRBJ02-01*01	TCRBJ02	TCRBJ02-01	1.0				1	0	2	1	0	2	36	-1	52	-1	61	1	In	VDJ							0.0
2533	ACAGTGACCAGTGCCCATCCTGAAGACAGCAGCTTCTACATCTGCAGTGCTAGTGTCCCCTCTGGAAACACCATATATTTTGGAGAG	CSASVPSGNTIYF	1	0.03005711	39	TCRBV20	TCRBV20	unresolved			TCRBV20-01,TCRBV20-or09_02		unresolved		unresolved					TCRBJ01-03*01	TCRBJ01	TCRBJ01-03	1.0				3	0	0	0	6	0	42	-1	-1	53	59	1	In	VJ							0.0
2534	AATTCCCTGGAGCTTGGTGACTCTGCTGTGTATTTCTGTGCCAGCAGCCTAGCCCCAGGAGGGGGCCACGAGCAGTACTTCGGGCCG	CASSLAPGGGHEQYF	1	0.03005711	45	TCRBV03	TCRBV03	unresolved			TCRBV03-01,TCRBV03-02		TCRBD01-01*01	TCRBD01	TCRBD01-01	1.0				TCRBJ02-07*01	TCRBJ02	TCRBJ02-07	1.0				4	10	5	0	1	5	36	49	59	66	67	1	In	VDJ							0.0
2535	TCACCAGGCCTGGGGGACGCAGCCATGTACCTGTGTGCCACCAGCAGAGATCGAGGCCAAAAGGCCTACGAGCAGTACTTCGGGCCG	CATSRDRGQKAYEQYF	1	0.03005711	48	TCRBV15-01*01	TCRBV15	TCRBV15-01	1.0				TCRBD02-01*02	TCRBD02	TCRBD02-01	2.0				TCRBJ02-07*01	TCRBJ02	TCRBJ02-07	1.0				0	2	11	1	8	2	33	50	52	56	64	1	In	VDJ							0.0
2536	CACACCCTGCAGCCAGAAGACTCGGCCCTGTATCTCTGTGCCAGCAGCCAAAGTCAGGCAATCTCCTACGAGCAGTACTTCGGGCCG	CASSQSQAISYEQYF	1	0.03005711	45	TCRBV04-02*01	TCRBV04	TCRBV04-02	1.0				TCRBD01-01*01	TCRBD01	TCRBD01-01	1.0				TCRBJ02-07*01	TCRBJ02	TCRBJ02-07	1.0				2	3	4	4	4	0	36	51	54	58	62	1	In	VDJ							0.0
2537	ATCCAGCGCACACAGCAGGAGGACTCCGCCGTGTATCTCTGTGCCAGCAGCTCCGGCGGGTTGTCCTACGAGCAGTACTTCGGGCCG	CASSSGGLSYEQYF	1	0.03005711	42	TCRBV07-08*01	TCRBV07	TCRBV07-08	1.0				TCRBD02-01	TCRBD02	TCRBD02-01				01,02	TCRBJ02-07*01	TCRBJ02	TCRBJ02-07	1.0				4	3	7	4	3	1	39	52	55	60	63	1	In	VDJ							0.0
2538	GTGACCAGTGCCCATCCTGAAGACAGCAGCTTCTACATCTGCAGTGCAATGGGAGCTGACAGGGAGTACGAGCAGTACTTCGGGCCG	CSAMGADREYEQYF	1	0.03005711	42	TCRBV20	TCRBV20	unresolved			TCRBV20-01,TCRBV20-or09_02		TCRBD01-01*01	TCRBD01	TCRBD01-01	1.0				TCRBJ02-07*01	TCRBJ02	TCRBJ02-07	1.0				6	10	2	3	2	4	39	47	57	64	66	1	In	VDJ							0.0
2539	ACCAGTGCCCATCCTGAAGACAGCAGCTTCTACATCTGCAGTGCTCGGGTCGGCCGGGGGGGCGGGTACGAGCAGTACTTCGGGCCG	CSARVGRGGGYEQYF	1	0.03005711	45	TCRBV20	TCRBV20	unresolved			TCRBV20-01,TCRBV20-or09_02		TCRBD02-01*01	TCRBD02	TCRBD02-01	1.0				TCRBJ02-07*01	TCRBJ02	TCRBJ02-07	1.0				5	9	8	0	4	4	36	45	54	62	66	1	In	VDJ							0.0
2540	CCTCCTCACTCTGGAGTCCGCTACCAGCTCCCAGACATCTGTGTACTTCTGTGCCGACCCCCTCCGACCGTGCAGTACTTCGGGCCG		1	0.03005711	32	TCRBV10-03*01	TCRBV10	TCRBV10-03	1.0				unresolved		unresolved		TCRBD01,TCRBD02	TCRBD01-01,TCRBD02-01		TCRBJ02-07*01	TCRBJ02	TCRBJ02-07	1.0				11	0	2	7	13	9	49	-1	55	58	71	1	Out	VDJ							0.0
2541	GAGTCGGCTGCTCCCTCCCAGACATCTGTGTACTTCTGTGCCAGCGGGAACCCCGGGACAGGGGACTATGGCTACACCTTCGGTTCG	CASGNPGTGDYGYTF	1	0.03005711	45	TCRBV06-01*01	TCRBV06	TCRBV06-01	1.0				TCRBD01-01*01	TCRBD01	TCRBD01-01	1.0				TCRBJ01-02*01	TCRBJ01	TCRBJ01-02	1.0				8	9	0	2	0	3	36	45	54	-1	64	1	In	VDJ							0.0
2542	AGCACCTTGGAGCTGGGGGACTCGGCCCTTTATCTTTGCGCCAGCAGCTTGCGGCAGGGGGGTATCTATGGCTACACCTTCGGTTCG	CASSLRQGGIYGYTF	1	0.03005711	45	TCRBV05-01*01	TCRBV05	TCRBV05-01	1.0				TCRBD01-01*01	TCRBD01	TCRBD01-01	1.0				TCRBJ01-02*01	TCRBJ01	TCRBJ01-02	1.0				1	3	4	1	4	4	36	51	54	61	65	1	In	VDJ							0.0
2543	CTGGAGCTGGGGGACTCAGCTTTGTATTTCTGTGCCAGCAGCGTAGCAATTCGGCAGGGGGATCTCTATGGCTACACCTTCGGTTCG	CASSVAIRQGDLYGYTF	1	0.03005711	51	TCRBV09-01	TCRBV09	TCRBV09-01				01,02	TCRBD01-01*01	TCRBD01	TCRBD01-01	1.0				TCRBJ01-02*01	TCRBJ01	TCRBJ01-02	1.0				0	8	4	1	4	4	30	46	54	61	65	1	In	VDJ							0.0
2544	ATCCAGCGCACACAGCAGGAGGACTCGGCCGTGTATCTCTGTGCCAGCAGCGCCTCGGGACAGGCTTATGGCTACACCTTCGGTTCG	CASSASGQAYGYTF	1	0.03005711	42	TCRBV07-02*01	TCRBV07	TCRBV07-02	1.0				TCRBD01-01*01	TCRBD01	TCRBD01-01	1.0				TCRBJ01-02*01	TCRBJ01	TCRBJ01-02	1.0				5	5	0	4	2	5	39	51	56	64	66	1	In	VDJ							0.0
2545	GCACAGAGCGGGGGGACTCAGCCGTGTATCTCTGTGCCAGCAGCTCAGACAAAGACAGGGGGCCACCAGCCCCAGCATTTTGGTGAT		1	0.03005711	49	TCRBV07-03*01	TCRBV07	TCRBV07-03	1.0				TCRBD01-01*01	TCRBD01	TCRBD01-01	1.0				TCRBJ01-05*01	TCRBJ01	TCRBJ01-05	1.0				4	8	2	0	3	7	32	45	53	63	66	1	Out	VDJ							0.0
2546	CTGGAGTTGGCTGCTCCCTCCCAGACATCTGTGTACTTCTGTGCCAGCAGCAACACAGGGGGCGGTCAGCCCCAGCATTTTGGTGAT	CASSNTGGGQPQHF	1	0.03005711	42	TCRBV06-06	TCRBV06	TCRBV06-06				01,02	TCRBD01-01*01	TCRBD01	TCRBD01-01	1.0				TCRBJ01-05*01	TCRBJ01	TCRBJ01-05	1.0				6	4	3	0	2	6	39	50	54	63	65	1	In	VDJ							0.0
2547	CTGTCGGCTGCTCCCTCCCAGACATCTGTGTACTTCTGTGCCAGCAGTTACTCGGCGTCAACTAATGAAAAACTGTTTTTTGGCAGT	CASSYSASTNEKLFF	1	0.03005711	45	TCRBV06-05*01	TCRBV06	TCRBV06-05	1.0				unresolved		unresolved		TCRBD01,TCRBD02	TCRBD01-01,TCRBD02-01		TCRBJ01-04*01	TCRBJ01	TCRBJ01-04	1.0				0	0	9	0	2	0	36	-1	53	56	58	1	In	VDJ							0.0
2548	GAAGATCCGGTCCACAAAGCTGGAGGACTCAGCCATGTACTTCTGTGCCACCCCCGGCCCATGAACACTGAAGCTTTCTTTGGACAA		1	0.03005711	38	TCRBV02-01*01	TCRBV02	TCRBV02-01	1.0				unresolved		unresolved		TCRBD01,TCRBD02	TCRBD01-01,TCRBD02-01		TCRBJ01-01*01	TCRBJ01	TCRBJ01-01	1.0				10	5	9	0	3	0	43	50	55	58	61	1	Out	VDJ							0.0
2549	AACGCCTTGGAGCTGGACGACTCGGCCCTGTATCTCTGTGCCAGCAGCTTGGACGGACAGGTCCTTACTGAAGCTTTCTTTGGACAA	CASSLDGQVLTEAFF	1	0.03005711	45	TCRBV05-04*01	TCRBV05	TCRBV05-04	1.0				TCRBD01-01*01	TCRBD01	TCRBD01-01	1.0				TCRBJ01-01*01	TCRBJ01	TCRBJ01-01	1.0				0	2	1	4	5	5	36	52	54	61	66	1	In	VDJ							0.0
2550	GTGAGCACCTTGGAGCTGGGGGACTCGGCCCTTTATCTTTGCGCCAGCAGCTTGACAGGGAGCACCGGGGAGCTGTTTTTTGGAGAA	CASSLTGSTGELFF	1	0.03005711	42	TCRBV05-01*01	TCRBV05	TCRBV05-01	1.0				TCRBD01-01*01	TCRBD01	TCRBD01-01	1.0				TCRBJ02-02*01	TCRBJ02	TCRBJ02-02	1.0				1	0	3	3	2	4	39	-1	54	60	62	1	In	VDJ							0.0
2551	AGCACCTTGGAGCTGGGGGACTCGGCCCTTTATCTTTGCGCCAGCAGCTTGGCCGGAGTAAGCACAGATACGCAGTATTTTGGCCCA	CASSLAGVSTDTQYF	1	0.03005711	45	TCRBV05-01*01	TCRBV05	TCRBV05-01	1.0				TCRBD02-01*02	TCRBD02	TCRBD02-01	2.0				TCRBJ02-03*01	TCRBJ02	TCRBJ02-03	1.0				0	2	10	2	2	0	36	52	54	58	60	1	In	VDJ							0.0
2552	CGGCTGCTCCCTCCCAGACATCTGTGTACTTCTGTGCCAGCAGTTTTAAGTCGGGGGGGCCTCCCAGATACGCAGTATTTTGGCCCA		1	0.03005711	49	TCRBV06-05*01	TCRBV06	TCRBV06-05	1.0				TCRBD02-01*01	TCRBD02	TCRBD02-01	1.0				TCRBJ02-03*01	TCRBJ02	TCRBJ02-03	1.0				4	6	8	0	5	4	32	45	51	59	64	1	Out	VDJ							0.0
2553	GCTTGAGGACTCGGCCGTGTATCTCTGTGCCAGCAGCCTCGGGACTAGCGGGGGACTGAGGACTGAGAGACCCAGTACTTCGGGCCA		1	0.03005711	56	TCRBV11-02*02	TCRBV11	TCRBV11-02	2.0				TCRBD02-01*01	TCRBD02	TCRBD02-01	1.0				TCRBJ02-05*01	TCRBJ02	TCRBJ02-05	1.0				5	3	0	2	11	4	25	37	40	54	65	1	Out	VDJ							0.0
2554	TTGGAGTCGGCTGCTCCCTCCCAAACATCTGTGTACTTCTGTGCCAGCAGTTACTCGCAATTGAGGGAGACCCAGTACTTCGGGCCA	CASSYSQLRETQYF	1	0.03005711	42	TCRBV06	TCRBV06	unresolved			TCRBV06-02,TCRBV06-03		TCRBD02-01*02	TCRBD02	TCRBD02-01	2.0				TCRBJ02-05*01	TCRBJ02	TCRBJ02-05	1.0				0	6	11	1	0	5	39	56	62	-1	66	1	In	VDJ							0.0
2555	ACTGTGAGCAACATGAGCCCTGAAGACAGCAGCATATATCTCTGCAGCGCATCGACAGGGGGCGATGAGACCCAGTACTTCGGGCCA	CSASTGGDETQYF	1	0.03005711	39	TCRBV29-01*01	TCRBV29	TCRBV29-01	1.0				TCRBD01-01*01	TCRBD01	TCRBD01-01	1.0				TCRBJ02-05*01	TCRBJ02	TCRBJ02-05	1.0				7	4	2	0	3	5	42	49	53	63	66	1	In	VDJ							0.0
2556	TCGGCTGCTCCCTCCCAGACATCTGTGTACTTCTGTGCCAGCACCCTTTGGGGGGCAGGGAAGTACAATGAGCAGTTCTTCGGGCCA	CASTLWGAGKYNEQFF	1	0.03005711	48	TCRBV06	TCRBV06	unresolved			TCRBV06-01,TCRBV06-05		unresolved		unresolved		TCRBD01,TCRBD02	TCRBD01-01,TCRBD02-01		TCRBJ02-01*01	TCRBJ02	TCRBJ02-01	1.0				7	7	6	0	7	4	33	43	50	56	63	1	In	VDJ							0.0
2557	AGGCTGCTGTCGGCTGCTCCCTCCCAGACATCTGTGTACTTCTGTGCCAGCAGCCTCAACCGGGGGGACACCATATATTTTGGAGAG	CASSLNRGDTIYF	1	0.03005711	39	TCRBV06-05*01	TCRBV06	TCRBV06-05	1.0				TCRBD02-01*01	TCRBD02	TCRBD02-01	1.0				TCRBJ01-03*01	TCRBJ01	TCRBJ01-03	1.0				6	7	8	1	0	8	42	53	60	-1	67	1	In	VDJ							0.0
2558	CTGAAGATCCGGTCCACAAAGCTGGAGGACTCAGCCATGTACTTCTGTGCCAGCAAAGCAGGGGGGAACGAGCAGTACTTCGGGCCG	CASKAGGNEQYF	1	0.03005711	36	TCRBV02-01*01	TCRBV02	TCRBV02-01	1.0				TCRBD01-01*01	TCRBD01	TCRBD01-01	1.0				TCRBJ02-07*01	TCRBJ02	TCRBJ02-07	1.0				7	3	4	1	2	5	45	55	58	65	67	1	In	VDJ							0.0
2559	AATGTGAGCACCTTGGAGCTGGGGGACTCGGCCCTTTATCTTTGCGCCAGCAGCTTGCGAAGCTCCTACGAGCAGTACTTCGGGCCG	CASSLRSSYEQYF	1	0.03005711	39	TCRBV05-01*01	TCRBV05	TCRBV05-01	1.0				unresolved		unresolved		TCRBD01,TCRBD02	TCRBD01-01,TCRBD02-01		TCRBJ02-07*01	TCRBJ02	TCRBJ02-07	1.0				1	1	2	8	2	0	42	57	58	60	62	1	In	VDJ							0.0
2560	AACGCCTTGGAGCTGGACGACTCGGCCCTGTATCTCTGTGCCAGCAGCCCCATGTTTGCGGGGGGGTATGAGCAGTACTTCGGGCCG	CASSPMFAGGYEQYF	1	0.03005711	45	TCRBV05-04*01	TCRBV05	TCRBV05-04	1.0				TCRBD02-01*01	TCRBD02	TCRBD02-01	1.0				TCRBJ02-07*01	TCRBJ02	TCRBJ02-07	1.0				4	9	7	0	3	7	36	48	57	66	69	1	In	VDJ							0.0
2561	ATCCAGCGCACACAGCAGGAGGACTCCGCCGTGTATCTCTGTGCCAGCAGCCCTTTCCGACAGGGAGATGGCTACACCTTCGGTTCG	CASSPFRQGDGYTF	1	0.03005711	42	TCRBV07-08*01	TCRBV07	TCRBV07-08	1.0				TCRBD01-01*01	TCRBD01	TCRBD01-01	1.0				TCRBJ01-02*01	TCRBJ01	TCRBJ01-02	1.0				5	7	2	3	2	6	39	51	58	65	67	1	In	VDJ							0.0
2562	CAGCGCACAGAGCAGGGGGACTCGGCCATGTATCTCTGTGCCAGCAGACCTACCGGCGCTACTAACTATGGCTACACCTTCGGTTCG	CASRPTGATNYGYTF	1	0.03005711	45	TCRBV07-09	TCRBV07	TCRBV07-09				01,03	unresolved		unresolved		TCRBD01,TCRBD02	TCRBD01-01,TCRBD02-01		TCRBJ01-02*01	TCRBJ01	TCRBJ01-02	1.0				6	7	9	0	4	0	36	47	54	57	61	1	In	VDJ							0.0
2563	CTGGAGTCGCCCAGCCCCAACCAGACCTCTCTGTACTTCTGTGCCAGCACCCCTGGACAGGGTAACTATGGCTACACCTTCGGTTCG	CASTPGQGNYGYTF	1	0.03005711	42	TCRBV27-01*01	TCRBV27	TCRBV27-01	1.0				TCRBD01-01*01	TCRBD01	TCRBD01-01	1.0				TCRBJ01-02*01	TCRBJ01	TCRBJ01-02	1.0				7	5	1	3	0	1	39	49	54	-1	62	1	In	VDJ							0.0
2564	AGGCTGCTGTCGGCTGCTCCCTCCCAGACATCTGTGTACTTCTGTGCCAGCACTTGGGGTGGGGGCTATGGCTACACCTTCGGTTCG	CASTWGGGYGYTF	1	0.03005711	39	TCRBV06-05*01	TCRBV06	TCRBV06-05	1.0				unresolved		unresolved		TCRBD01,TCRBD02	TCRBD01-01,TCRBD02-01		TCRBJ01-02*01	TCRBJ01	TCRBJ01-02	1.0				7	8	6	1	0	4	42	52	60	-1	65	1	In	VDJ							0.0
2565	CTGAAGATCCGGTCCACAAAGCTGGAGGACTCAGCCATGTACTTCTGTGCCAGCAGTGGTTCCATCTATGGCTACACCTTCGGTTCG	CASSGSIYGYTF	1	0.03005711	36	TCRBV02-01*01	TCRBV02	TCRBV02-01	1.0				TCRBD01-01*01	TCRBD01	TCRBD01-01	1.0				TCRBJ01-02*01	TCRBJ01	TCRBJ01-02	1.0				4	4	4	6	1	4	45	58	62	64	65	1	In	VDJ							0.0
2566	TCCTGGAGTCGCCCAGCCCCAACCAGACCTCTCTGTACTTCTGTGCCAGCAGTTTAATTCCCCCGCTGTGGCTACACCTTCGGTTCG		1	0.03005711	40	TCRBV27-01*01	TCRBV27	TCRBV27-01	1.0				unresolved		unresolved		TCRBD01,TCRBD02	TCRBD01-01,TCRBD02-01		TCRBJ01-02*01	TCRBJ01	TCRBJ01-02	1.0				2	8	10	0	2	7	41	56	64	66	68	1	Out	VDJ							0.0
2567	TCCGCTACCAGCTCCCAGACATCTGTGTACTTCTGTGCCAGCGGTCCGACAGGGGAGGGTGGGAATCAGCCCCAGCATTTTGGTGAT	CASGPTGEGGNQPQHF	1	0.03005711	48	TCRBV10-03*01	TCRBV10	TCRBV10-03	1.0				TCRBD01-01*01	TCRBD01	TCRBD01-01	1.0				TCRBJ01-05*01	TCRBJ01	TCRBJ01-05	1.0				10	7	2	2	8	4	33	40	47	55	63	1	In	VDJ							0.0
2568	GCCTTGTTGCTGGGGGACTCGGCCCTCTATCTCTGTGCCAGCAGCTTGGGACAGGGAATGGGCCTTCAGCCCCAGCATTTTGGTGAT	CASSLGQGMGLQPQHF	1	0.03005711	48	TCRBV05-06*01	TCRBV05	TCRBV05-06	1.0				TCRBD01-01*01	TCRBD01	TCRBD01-01	1.0				TCRBJ01-05*01	TCRBJ01	TCRBJ01-05	1.0				0	0	2	3	9	6	33	-1	49	56	65	1	In	VDJ							0.0
2569	CTTCACATCAATTCCCTGGAGCTTGGTGACTCTGCTGTGTATTTCTGTGCCAGCAGCCACCCCGCGGGGTTAGCTTTCTTTGGACAA	CASSHPAGLAFF	1	0.03005711	36	TCRBV03	TCRBV03	unresolved			TCRBV03-01,TCRBV03-02		TCRBD02-01*01	TCRBD02	TCRBD02-01	1.0				TCRBJ01-01*01	TCRBJ01	TCRBJ01-01	1.0				3	4	7	3	2	10	45	59	63	69	71	1	In	VDJ							0.0
2570	CAGCCAGAAGACTCGGCCCTGTATCTCTGCGCCAGCAGCCAACACGCCTCCTATGACAGGAACACCGGGGAGCTGTTTTTTGGAGAA	CASSQHASYDRNTGELFF	1	0.03005711	54	TCRBV04-03*01	TCRBV04	TCRBV04-03	1.0				TCRBD01-01*01	TCRBD01	TCRBD01-01	1.0				TCRBJ02-02*01	TCRBJ02	TCRBJ02-02	1.0				2	12	2	5	0	1	27	42	54	-1	59	1	In	VDJ							0.0
2571	TCGGCTGCTCCCTCCCAGACATCTGTGTACTTCTGTGCCAGCAGTTACGCGGGGAGAAACTACCCCGGGGAGCTGTTTTTTGGAGAA	CASSYAGRNYPGELFF	1	0.03005711	48	TCRBV06-05*01	TCRBV06	TCRBV06-05	1.0				TCRBD02-01*01	TCRBD02	TCRBD02-01	1.0				TCRBJ02-02*01	TCRBJ02	TCRBJ02-02	1.0				2	0	7	3	10	6	33	-1	48	54	64	1	In	VDJ							0.0
2572	TCAGAACCCAGGGACTCAGCTGTGTACTTCTGTGCCAGCAGTCCTCTAAAGCGGGGGGTGCGCCCAGATACGCAGTATTTTGGCCCA	CASSPLKRGVRPDTQYF	1	0.03005711	51	TCRBV12	TCRBV12	unresolved			TCRBV12-03,TCRBV12-04		TCRBD02-01*01	TCRBD02	TCRBD02-01	1.0				TCRBJ02-03*01	TCRBJ02	TCRBJ02-03	1.0				5	7	6	1	6	4	30	42	49	58	64	1	In	VDJ							0.0
2573	ACTCTGGAGTCTGCTGCCTCCTCCCAGACATCTGTATATTTCTGCGCCAGCAGTGGGTCCAACGGGGAGACCCAGTACTTCGGGCCA	CASSGSNGETQYF	1	0.03005711	39	TCRBV10-01	TCRBV10	TCRBV10-01				01,02	TCRBD02-01	TCRBD02	TCRBD02-01				01,02	TCRBJ02-05*01	TCRBJ02	TCRBJ02-05	1.0				0	3	8	4	0	5	42	59	62	-1	66	1	In	VDJ							0.0
2574	ACCTTGGAGCTGGGGGACTCGGCCCTTTATCTTTGCGCCAGCAGCGCGACTAGCGGGGGGGCCTGGGAGACCCAGTACTTCGGGCCA	CASSATSGGAWETQYF	1	0.03005711	48	TCRBV05-01*01	TCRBV05	TCRBV05-01	1.0				TCRBD02-01*01	TCRBD02	TCRBD02-01	1.0				TCRBJ02-05*01	TCRBJ02	TCRBJ02-05	1.0				4	2	2	0	5	5	33	45	47	61	66	1	In	VDJ							0.0
2575	AACGCCTTGGAGCTGGACGACTCGGCCCTGTATCTCTGTGCCAGCAGCTCTACCGGGACAGGGGATTCACCCCTCCACTTTGGGAAC	CASSSTGTGDSPLHF	1	0.03005711	45	TCRBV05-04*01	TCRBV05	TCRBV05-04	1.0				TCRBD01-01*01	TCRBD01	TCRBD01-01	1.0				TCRBJ01-06*01	TCRBJ01	TCRBJ01-06	1.0				3	5	0	2	0	8	36	49	54	-1	64	1	In	VDJ							0.0
2576	AGATCCGGTCCACAAAGCTGGAGGACTCAGCCATGTACTTCTGTGCCACCGACGGACTGAGCTGGAAACACCATATATTTTGGAGAG		1	0.03005711	40	TCRBV02-01*01	TCRBV02	TCRBV02-01	1.0				TCRBD02-01	TCRBD02	TCRBD02-01				01,02	TCRBJ01-03*01	TCRBJ01	TCRBJ01-03	1.0				10	5	1	10	3	2	41	48	53	58	61	1	Out	VDJ							0.0
2577	ACCTTGGAGCTGGGGGACTCGGCCCTTTATCTTTGCGCCAGCAGCTTGAACCCCGGGGACTCTGGAAACACCATATATTTTGGAGAG	CASSLNPGDSGNTIYF	1	0.03005711	48	TCRBV05-01*01	TCRBV05	TCRBV05-01	1.0				TCRBD02-01*01	TCRBD02	TCRBD02-01	1.0				TCRBJ01-03*01	TCRBJ01	TCRBJ01-03	1.0				1	5	8	3	1	0	33	48	53	58	59	1	In	VDJ							0.0
2578	ACTCTGGAGTCCGCTACCAGCTCCCAGACATCTGTGTACTTCTGTGCCATCACCGGGGGGCCGAGGAACGAGCAGTACTTCGGGCCG	CAITGGPRNEQYF	1	0.03005711	39	TCRBV10-03*01	TCRBV10	TCRBV10-03	1.0				TCRBD02-01*01	TCRBD02	TCRBD02-01	1.0				TCRBJ02-07*01	TCRBJ02	TCRBJ02-07	1.0				7	1	8	1	7	5	42	52	53	60	67	1	In	VDJ							0.0
2579	ATCCTGGAGTCGCCCAGCCCCAACCAGACCTCTCTGTACTTCTGTGCCGGATGGACAGGGACAACTGACGAGCAGTACTTCGGGCCG	CAGWTGTTDEQYF	1	0.03005711	39	TCRBV27-01*01	TCRBV27	TCRBV27-01	1.0				TCRBD01-01*01	TCRBD01	TCRBD01-01	1.0				TCRBJ02-07*01	TCRBJ02	TCRBJ02-07	1.0				11	4	1	3	7	5	42	48	52	60	67	1	In	VDJ							0.0
2580	ACGATCCAGCGCACACAGCAGGAGGACTCGGCCGTGTATCTCTGTGCCAGCAGCTTAGCGCAGGCCTACGAGCAGTACTTCGGGCCG	CASSLAQAYEQYF	1	0.03005711	39	TCRBV07-02*01	TCRBV07	TCRBV07-02	1.0				TCRBD01-01*01	TCRBD01	TCRBD01-01	1.0				TCRBJ02-07*01	TCRBJ02	TCRBJ02-07	1.0				0	1	4	4	0	2	42	59	60	-1	64	1	In	VDJ							0.0
2581	ACCAGTGCCCATCCTGAAGACAGCAGCTTCTACATCTGCAGTGCTAGTCCGACAGGGCCGAGCTCCTACGAGCAGTACTTCGGGCCG	CSASPTGPSSYEQYF	1	0.03005711	45	TCRBV20	TCRBV20	unresolved			TCRBV20-01,TCRBV20-or09_02		TCRBD01-01*01	TCRBD01	TCRBD01-01	1.0				TCRBJ02-07*01	TCRBJ02	TCRBJ02-07	1.0				3	3	2	3	5	0	36	47	50	57	62	1	In	VDJ							0.0
2582	ACAGAGCAGGGGGACTCGGCCATGTATCTCTGTGCCAGCAGCTTAGTCGGGTCATTGGGTTACGACTATGGCTACACCTTCGGTTCG	CASSLVGSLGYDYGYTF	1	0.03005711	51	TCRBV07-09	TCRBV07	TCRBV07-09				01,03	TCRBD02-01	TCRBD02	TCRBD02-01				01,02	TCRBJ01-02*01	TCRBJ01	TCRBJ01-02	1.0				1	1	8	4	13	3	30	46	47	51	64	1	In	VDJ							0.0
2583	ACAGTGACCAGTGCCCATCCTGAAGACAGCAGCTTCTACATCTGCAGTGCTTTAACAGGGGTGGCAGGTGGCTACACCTTCGGTTCG	CSALTGVAGGYTF	1	0.03005711	39	TCRBV20	TCRBV20	unresolved			TCRBV20-01,TCRBV20-or09_02		TCRBD01-01*01	TCRBD01	TCRBD01-01	1.0				TCRBJ01-02*01	TCRBJ01	TCRBJ01-02	1.0				5	3	3	2	7	7	42	51	54	61	68	1	In	VDJ							0.0
2584	GCCTTGGAGCTGGACGACTCGGCCCTGTATCTCTGTGCCAGCAGCTTGGGGCCCACAGGGGCAGGACAGCCCCAGCATTTTGGTGAT	CASSLGPTGAGQPQHF	1	0.03005711	48	TCRBV05-04*01	TCRBV05	TCRBV05-04	1.0				TCRBD01-01*01	TCRBD01	TCRBD01-01	1.0				TCRBJ01-05*01	TCRBJ01	TCRBJ01-05	1.0				0	5	3	2	5	7	33	49	54	61	66	1	In	VDJ							0.0
2585	GTGACCAGTGCCCATCCTGAAGACAGCAGCTTCTACATCTGCAGTGCTAGCGGGCAGAGTAGCAATCAGCCCCAGCATTTTGGTGAT	CSASGQSSNQPQHF	1	0.03005711	42	TCRBV20	TCRBV20	unresolved			TCRBV20-01,TCRBV20-or09_02		unresolved		unresolved		TCRBD01,TCRBD02	TCRBD01-01,TCRBD02-01		TCRBJ01-05*01	TCRBJ01	TCRBJ01-05	1.0				3	1	8	0	4	0	39	50	51	55	59	1	In	VDJ							0.0
2586	TGCCATCCCCAACCAGACAGCTCTTTACTTCTTGCGTTCTAAATGGGACAGGAGGTCGCGGGGAGTCAGCCCCAGCATTTTGGTGAT		1	0.03005711	50	TCRBV24	TCRBV24	unresolved			TCRBV24-01,TCRBV24-or09_02		TCRBD01-01*01	TCRBD01	TCRBD01-01	1.0				TCRBJ01-05*01	TCRBJ01	TCRBJ01-05	1.0				17	12	0	4	13	6	31	32	44	52	65	1	Out	VDJ							0.0
2587	CTGAAGATCCGGTCCACAAAGCTGGAGGACTCAGCCATGTACTTCTGTGCCAGCAGTGGGTCGACGGAAGAAGCTTTCTTTGGACAA	CASSGSTEEAFF	1	0.03005711	36	TCRBV02-01*01	TCRBV02	TCRBV02-01	1.0				unresolved		unresolved		TCRBD01,TCRBD02	TCRBD01-01,TCRBD02-01		TCRBJ01-01*01	TCRBJ01	TCRBJ01-01	1.0				4	7	1	8	1	8	45	58	65	68	69	1	In	VDJ							0.0
2588	AGCACCTTGGAGCTGGGGGACTCGGCCCTTTATCTTTGCGCCAGCAGCTCGGGACAGACTATGAACACTGAAGCTTTCTTTGGACAA	CASSSGQTMNTEAFF	1	0.03005711	45	TCRBV05-01*01	TCRBV05	TCRBV05-01	1.0				TCRBD01-01*01	TCRBD01	TCRBD01-01	1.0				TCRBJ01-01*01	TCRBJ01	TCRBJ01-01	1.0				3	1	0	5	4	0	36	49	50	57	61	1	In	VDJ							0.0
2589	TCCACAAAGCTGGAGGACTCAGCCATGTACTTCTGTGCCAGCAGTGAAGTCGCAGGCCGAGGGACCGGGGAGCTGTTTTTTGGAGAA	CASSEVAGRGTGELFF	1	0.03005711	48	TCRBV02-01*01	TCRBV02	TCRBV02-01	1.0				TCRBD02-01*02	TCRBD02	TCRBD02-01	2.0				TCRBJ02-02*01	TCRBJ02	TCRBJ02-02	1.0				1	9	11	0	0	5	33	49	58	-1	63	1	In	VDJ							0.0
2590	GGCTGGAGTTGGCTGCTCCCTCCCAGACATCTGTGTACTTCTGTGCCAGCAGTTACTCAGGGAGGCGGGGAGCTGTTTTTTGGAGAA		1	0.03005711	40	TCRBV06-06	TCRBV06	TCRBV06-06				01,02	TCRBD02-01*02	TCRBD02	TCRBD02-01	2.0				TCRBJ02-02*01	TCRBJ02	TCRBJ02-02	1.0				0	1	9	1	0	7	41	58	59	-1	65	1	Out	VDJ							0.0
2591	AATGTGAACGCCTTGTTGCTGGGGGACTCGGCCCTCTATCTCTGTGCCAGCAGCTTGGCCGGGGACAATGAGCAGTTCTTCGGGCCA	CASSLAGDNEQFF	1	0.03005711	39	TCRBV05-06*01	TCRBV05	TCRBV05-06	1.0				TCRBD02-01*01	TCRBD02	TCRBD02-01	1.0				TCRBJ02-01*01	TCRBJ02	TCRBJ02-01	1.0				0	1	8	3	0	5	42	58	59	-1	64	1	In	VDJ							0.0
2592	ATCCAGCCCTCAGAACCCAGGGACTCAGCTGTGTACTTCTGTGCCAGCAGTTTAATAGGGGGGGAGGCACCCCTCCACTTTGGGAAC	CASSLIGGEAPLHF	1	0.03005711	42	TCRBV12	TCRBV12	unresolved			TCRBV12-03,TCRBV12-04		TCRBD02-01*01	TCRBD02	TCRBD02-01	1.0				TCRBJ01-06*01	TCRBJ01	TCRBJ01-06	1.0				2	3	9	0	3	11	39	54	57	64	67	1	In	VDJ							0.0
2593	CGCACACAGCAGGAGGACTCGGCCGTGTATCTCTGTGCCAGCAGCTTATCCCTTCTCCGGACAGGGGTCGAGCAGTACTTCGGGCCG	CASSLSLLRTGVEQYF	1	0.03005711	48	TCRBV07-02*01	TCRBV07	TCRBV07-02	1.0				TCRBD01-01*01	TCRBD01	TCRBD01-01	1.0				TCRBJ02-07*01	TCRBJ02	TCRBJ02-07	1.0				2	10	1	2	1	6	33	48	58	67	68	1	In	VDJ							0.0
2594	CAGAACCCAGGGACTCAGCTGTGTATTTTTGTGCTAGTGGTTTGGTACCCCCTATTGTTGAGGGGGCGGGAGCAGTACTTCGGGCCG		1	0.03005711	52	TCRBV12-05*01	TCRBV12	TCRBV12-05	1.0				TCRBD01-01*01	TCRBD01	TCRBD01-01	1.0				TCRBJ02-07*01	TCRBJ02	TCRBJ02-07	1.0				0	14	5	0	2	7	29	46	60	67	69	1	Out	VDJ							0.0
2595	AGCTGGGGGACTCAGCCCTGTACTTCTGTGCCAGCAGGTAGTCTCCGCAAGCCTGAGTGAAAGACCTATGGCTACACCTTCGGTTCG		1	0.03005711	55	TCRBV13-01*01	TCRBV13	TCRBV13-01	1.0				unresolved		unresolved		TCRBD01,TCRBD02	TCRBD01-01,TCRBD02-01		TCRBJ01-02*01	TCRBJ01	TCRBJ01-02	1.0				6	25	2	7	0	4	26	37	62	-1	65	1	Out	VDJ							0.0
2596	CAGTGCCCATCCTGAAGACAGCAGCTTCTACATCTGCAGTGCTAGAGAGCCCAGAGAAATAGCAATCAGCCCCAGCATTTTGGTGAT		1	0.03005711	47	TCRBV20	TCRBV20	unresolved			TCRBV20-01,TCRBV20-or09_02		unresolved		unresolved		TCRBD01,TCRBD02	TCRBD01-01,TCRBD02-01		TCRBJ01-05*01	TCRBJ01	TCRBJ01-05	1.0				0	3	4	5	5	0	34	48	51	54	59	1	Out	VDJ							0.0
2597	AGGCTGGAGTTGGCTGCTCCCTCCCAGACATCTGTGTACTTCTGTGCCAGCAGTTACGTCCCGGGCGAAAAACTGTTTTTTGGCAGT	CASSYVPGEKLFF	1	0.03005711	39	TCRBV06-06	TCRBV06	TCRBV06-06				01,02	unresolved		unresolved		TCRBD01,TCRBD02	TCRBD01-01,TCRBD02-01		TCRBJ01-04*01	TCRBJ01	TCRBJ01-04	1.0				2	5	8	0	0	8	42	57	62	-1	66	1	In	VDJ							0.0
2598	GAGCACCTTGGAGCTGGGGGACTCGGCCCTTTATCTTTGCGCCAGCAGTTCCCGGTTTGGACTAATGAAAAACTGTTTTTTGGCAGT		1	0.03005711	44	TCRBV05-01*01	TCRBV05	TCRBV05-01	1.0				TCRBD02-01	TCRBD02	TCRBD02-01				01,02	TCRBJ01-04*01	TCRBJ01	TCRBJ01-04	1.0				5	4	8	5	5	2	37	48	52	55	60	1	Out	VDJ							0.0
2599	CCTACACGCCCTGCAGCCAGAAGACTCAGCCCTGTATCTCTGCGCCAGCAGCCAACTGCGGGGTAAGGGTGAGCTTTCTTTGGACAA		1	0.03005711	41	TCRBV04-01*01	TCRBV04	TCRBV04-01	1.0				TCRBD02-01*01	TCRBD02	TCRBD02-01	1.0				TCRBJ01-01*01	TCRBJ01	TCRBJ01-01	1.0				2	2	7	3	8	10	40	55	57	63	71	1	Out	VDJ							0.0
2600	CAGCCAGAAGACTCGGCCCTGTATCTCTGCGCCAGCAGCCAAGACCCGTGGCTAGCGGCTAGCACAGATACGCAGTATTTTGGCCCA	CASSQDPWLAASTDTQYF	1	0.03005711	54	TCRBV04-03*01	TCRBV04	TCRBV04-03	1.0				TCRBD02-01	TCRBD02	TCRBD02-01				01,02	TCRBJ02-03*01	TCRBJ02	TCRBJ02-03	1.0				0	7	4	5	2	0	27	44	51	58	60	1	In	VDJ							0.0
2601	TCCGCTACCAGCTCCCAGACATCTGTGTACTTCTGTGCCACCACCCCGACAGGGGTCGAATCTGGAAACACCATATATTTTGGAGAG	CATTPTGVESGNTIYF	1	0.03005711	48	TCRBV10-03*01	TCRBV10	TCRBV10-03	1.0				TCRBD01-01*01	TCRBD01	TCRBD01-01	1.0				TCRBJ01-03*01	TCRBJ01	TCRBJ01-03	1.0				10	7	2	2	5	1	33	40	47	55	60	1	In	VDJ							0.0
2602	AGCTCTCTGGAGCTGGGGGACTCAGCTTTGTATTTCTGTGCCAGCAGCCCCGATTGGGAACTCCCCTACGAGCAGTACTTCGGGCCG	CASSPDWELPYEQYF	1	0.03005711	45	TCRBV09-01	TCRBV09	TCRBV09-01				01,02	unresolved		unresolved		TCRBD01,TCRBD02	TCRBD01-01,TCRBD02-01		TCRBJ02-07*01	TCRBJ02	TCRBJ02-07	1.0				4	7	0	8	5	2	36	48	55	59	64	1	In	VDJ							0.0
2603	TGAACTAAACCTGAGCTCTCTGGAGCTGGGGGACTCAGCTTTGTATTTCTGTGCCATCGCGGGGTGTACGAGCAGTACTTCGGGCCG		1	0.03005711	32	TCRBV09-01	TCRBV09	TCRBV09-01				01,02	TCRBD02-01*01	TCRBD02	TCRBD02-01	1.0				TCRBJ02-07*01	TCRBJ02	TCRBJ02-07	1.0				9	2	7	3	2	4	49	56	58	64	66	1	Out	VDJ							0.0
2604	ATGAGCTCCTTGGAGCTGGGGGACTCAGCCCTGTACTTCTGTGCCAGCAGCTCGGGGACAGGGAACTATGGCTACACCTTCGGTTCG	CASSSGTGNYGYTF	1	0.03005711	42	TCRBV13-01*01	TCRBV13	TCRBV13-01	1.0				TCRBD01-01*01	TCRBD01	TCRBD01-01	1.0				TCRBJ01-02*01	TCRBJ01	TCRBJ01-02	1.0				4	2	0	3	0	2	39	52	54	-1	63	1	In	VDJ							0.0
2605	AGCTGGGGGACTCAGCCCTGTACTTCTGTGCCAGCAGTTGGGTAGAGCATGCCTGAGTGAAAGACCTATGGCTACACCTTCGGTTCG		1	0.03005711	55	TCRBV13-01*01	TCRBV13	TCRBV13-01	1.0				unresolved		unresolved		TCRBD01,TCRBD02	TCRBD01-01,TCRBD02-01		TCRBJ01-02*01	TCRBJ01	TCRBJ01-02	1.0				6	2	0	9	23	4	26	37	39	42	65	1	Out	VDJ							0.0
2606	TCACCTACACACCCTGCAGCCAGAAGACTCGGCCCTGTATCTCTGTGCCAGCAGGTTCAGGGGTTACAGCCCCAGCATTTTGGTGAT		1	0.03005711	38	TCRBV04-02*01	TCRBV04	TCRBV04-02	1.0				TCRBD01-01*01	TCRBD01	TCRBD01-01	1.0				TCRBJ01-05*01	TCRBJ01	TCRBJ01-05	1.0				6	3	4	2	3	7	43	54	57	63	66	1	Out	VDJ							0.0
2607	AGGCTGGAGTTGGCTGCTCCCTCCCAGACATCTGTGTACTTCTGTGCCGGCTCTCTGAGCAGGAACACTGAAGCTTTCTTTGGACAA	CAGSLSRNTEAFF	1	0.03005711	39	TCRBV06-06	TCRBV06	TCRBV06-06				01,02	unresolved		unresolved		TCRBD01,TCRBD02	TCRBD01-01,TCRBD02-01		TCRBJ01-01*01	TCRBJ01	TCRBJ01-01	1.0				11	11	4	5	0	1	42	48	59	-1	62	1	In	VDJ							0.0
2608	AATGTGAACGCCTTGTTGCTGGGGGACTCGGCCCTCTATCTCTGTGCCAGCAGCTTCCAATTGAACACTGAAGCTTTCTTTGGACAA	CASSFQLNTEAFF	1	0.03005711	39	TCRBV05-06*01	TCRBV05	TCRBV05-06	1.0				TCRBD01-01*01	TCRBD01	TCRBD01-01	1.0				TCRBJ01-01*01	TCRBJ01	TCRBJ01-01	1.0				2	1	4	6	2	0	42	56	57	59	61	1	In	VDJ							0.0
2609	ACTCTGAAGATCCGGTCCACAAAGCTGGAGGACTCAGCCATGTACTTCTGTGCCAGCAGTCCGACAGCTGAAGCTTTCTTTGGACAA	CASSPTAEAFF	1	0.03005711	33	TCRBV02-01*01	TCRBV02	TCRBV02-01	1.0				TCRBD01-01*01	TCRBD01	TCRBD01-01	1.0				TCRBJ01-01*01	TCRBJ01	TCRBJ01-01	1.0				5	2	2	5	0	6	48	60	62	-1	67	1	In	VDJ							0.0
2610	CTTGGGGACTCGGCCGTGTATCTCTGTGCCAGCAGCTAACGACCACACAAGGACAGGGTGGACACCGGGGAGCTGTTTTTTGGAGAA	CASS*RPHKDRVDTGELFF	1	0.03005711	57	TCRBV11-03*01	TCRBV11	TCRBV11-03	1.0				TCRBD01-01*01	TCRBD01	TCRBD01-01	1.0				TCRBJ02-02*01	TCRBJ02	TCRBJ02-02	1.0				4	13	1	3	3	3	24	37	50	58	61	1	Stop	VDJ							0.0
2611	AGAGTCTGCCATCCCCAACCAGACAGCTCTTTACTTCTGTGCCACCGACGTGGGGGGGCGTCATCAGATACGCAGTATTTTGGCCCA		1	0.03005711	44	TCRBV24	TCRBV24	unresolved			TCRBV24-01,TCRBV24-or09_02		TCRBD02-01*01	TCRBD02	TCRBD02-01	1.0				TCRBJ02-03*01	TCRBJ02	TCRBJ02-03	1.0				9	5	9	0	6	4	37	46	51	58	64	1	Out	VDJ							0.0
2612	AAGATCCGGTCCACAAAGCTGGAGGACTCAGCCATGTACTTCTGTGCCAGCAGTGACGATATCCAAGAGACCCAGTACTTCGGGCCA	CASSDDIQETQYF	1	0.03005711	39	TCRBV02-01*01	TCRBV02	TCRBV02-01	1.0				unresolved		unresolved		TCRBD01,TCRBD02	TCRBD01-01,TCRBD02-01		TCRBJ02-05*01	TCRBJ02	TCRBJ02-05	1.0				3	1	2	8	3	1	42	56	57	59	62	1	In	VDJ							0.0
2613	ATCCCCAACCAGACAGCTCTTTACTTCTGTGCCACCAGTGATCCGTCGGACTAGCGGGGGGTGCAAGAGACCCAGTACTTCGGGCCA	CATSDPSD*RGVQETQYF	1	0.03005711	54	TCRBV24	TCRBV24	unresolved			TCRBV24-01,TCRBV24-or09_02		TCRBD02-01*01	TCRBD02	TCRBD02-01	1.0				TCRBJ02-05*01	TCRBJ02	TCRBJ02-05	1.0				3	5	1	1	2	2	27	42	47	61	63	1	Stop	VDJ							0.0
2614	ACCTTGGAGCTGGGGGACTCGGCCCTTTATCTTTGCGCCAGCAGCTTGGGGCCCGGACTAGCAGAAGAGACCCAGTACTTCGGGCCA	CASSLGPGLAEETQYF	1	0.03005711	48	TCRBV05-01*01	TCRBV05	TCRBV05-01	1.0				TCRBD02-01	TCRBD02	TCRBD02-01				01,02	TCRBJ02-05*01	TCRBJ02	TCRBJ02-05	1.0				0	5	1	7	2	3	33	49	54	62	64	1	In	VDJ							0.0
2615	ATCCGGTCCACAAAGCTGGAGGACTCAGCCATGTACTTCTGTGCCAGCGGGGACAGGCGTACCTACAATGAGCAGTTCTTCGGGCCA	CASGDRRTYNEQFF	1	0.03005711	42	TCRBV02-01*01	TCRBV02	TCRBV02-01	1.0				TCRBD01-01*01	TCRBD01	TCRBD01-01	1.0				TCRBJ02-01*01	TCRBJ02	TCRBJ02-01	1.0				8	1	0	4	4	2	39	48	49	57	61	1	In	VDJ							0.0
2616	AGCACCTTGGAGCTGGGGGACTCGGCCCTTTATCTTTGCGCCAGCAGCCTCGGGACAGAAGATAATTCACCCCTCCACTTTGGGAAC	CASSLGTEDNSPLHF	1	0.03005711	45	TCRBV05-01*01	TCRBV05	TCRBV05-01	1.0				TCRBD01-01*01	TCRBD01	TCRBD01-01	1.0				TCRBJ01-06*01	TCRBJ01	TCRBJ01-06	1.0				4	3	0	5	3	5	36	48	51	58	61	1	In	VDJ							0.0
2617	GTGACCAGTGCCCATCCTGAAGACAGCAGCTTCTACATCTGCAGTGCCATCTCGGGACTAGCGGGGGAACAGCAGTACTTCGGGCCG	CSAISGLAGEQQYF	1	0.03005711	42	TCRBV20	TCRBV20	unresolved			TCRBV20-01,TCRBV20-or09_02		TCRBD02-01*01	TCRBD02	TCRBD02-01	1.0				TCRBJ02-07*01	TCRBJ02	TCRBJ02-07	1.0				6	6	0	2	3	8	39	47	53	67	70	1	In	VDJ							0.0
2618	CGCACAGAGCAGGGGGACTCGGCCATGTATCTCTGTGCCAGCAGCCCCGGACTAGCGGGGGCCCCATACGAGCAGTACTTCGGGCCG	CASSPGLAGAPYEQYF	1	0.03005711	48	TCRBV07-09	TCRBV07	TCRBV07-09				01,03	TCRBD02-01*01	TCRBD02	TCRBD02-01	1.0				TCRBJ02-07*01	TCRBJ02	TCRBJ02-07	1.0				5	3	1	2	5	4	33	45	48	61	66	1	In	VDJ							0.0
2619	CTGGAGTCGCCCAGCCCCAACCAGACCTCTCTGTACTTCTGTGCCAGCAGTTTACTAGCGGCAACCTACGAGCAGTACTTCGGGCCG	CASSLLAATYEQYF	1	0.03005711	42	TCRBV27-01*01	TCRBV27	TCRBV27-01	1.0				TCRBD02-01	TCRBD02	TCRBD02-01				01,02	TCRBJ02-07*01	TCRBJ02	TCRBJ02-07	1.0				2	0	4	5	3	2	39	-1	54	61	64	1	In	VDJ							0.0
2620	ATCCGGTCCACAAAGCTGGAGGACTCAGCCATGTACTTCTGTGCCAGCAGTGAGAGGGGTCGTACCTACGAGCAGTACTTCGGGCCG	CASSERGRTYEQYF	1	0.03005711	42	TCRBV02-01*01	TCRBV02	TCRBV02-01	1.0				unresolved		unresolved		TCRBD01,TCRBD02	TCRBD01-01,TCRBD02-01		TCRBJ02-07*01	TCRBJ02	TCRBJ02-07	1.0				3	1	5	2	5	2	39	53	54	59	64	1	In	VDJ							0.0
2621	CTGCAGCCAGAAGACTCAGCCCTGTATCTCTGCGCCAGCAGCCAAGAAGGGGGGCGAGGGGTTAACTATGGCTACACCTTCGGTTCG	CASSQEGGRGVNYGYTF	1	0.03005711	51	TCRBV04-01*01	TCRBV04	TCRBV04-01	1.0				unresolved		unresolved		TCRBD01,TCRBD02	TCRBD01-01,TCRBD02-01		TCRBJ01-02*01	TCRBJ01	TCRBJ01-02	1.0				0	0	5	1	9	1	30	-1	47	53	62	1	In	VDJ							0.0
2622	AGGCTGGAGTCGGCTGCTCCCTCCCAGACATCTGTGTACTTCTGTGCCAGCATGTCCGATCGAGGCTATGGCTACACCTTCGGTTCG	CASMSDRGYGYTF	1	0.03005711	39	TCRBV06-01*01	TCRBV06	TCRBV06-01	1.0				TCRBD02-01*02	TCRBD02	TCRBD02-01	2.0				TCRBJ01-02*01	TCRBJ01	TCRBJ01-02	1.0				7	9	11	1	0	4	42	52	61	-1	65	1	In	VDJ							0.0
2623	GTGACCAGTGCCCATCCTGAAGACAGCAGCTTCTACATCTGCAGTGTTACCCCGGCGACAGGGGCGGGTGGCTACACCTTCGGTTCG	CSVTPATGAGGYTF	1	0.03005711	42	TCRBV20	TCRBV20	unresolved			TCRBV20-01,TCRBV20-or09_02		TCRBD01-01*01	TCRBD01	TCRBD01-01	1.0				TCRBJ01-02*01	TCRBJ01	TCRBJ01-02	1.0				7	10	2	2	4	7	39	46	56	64	68	1	In	VDJ							0.0
2624	AACGCCTTGGAGCTGGACGACTCGGCCCTGTATCTCTGTGCCAGCAGCTTGTTAGCACGGGAACTTTTTGGCTACACCTTCGGTTCG	CASSLLARELFGYTF	1	0.03005711	45	TCRBV05-04*01	TCRBV05	TCRBV05-04	1.0				TCRBD02-01*02	TCRBD02	TCRBD02-01	2.0				TCRBJ01-02*01	TCRBJ01	TCRBJ01-02	1.0				1	6	8	3	6	7	36	51	57	62	68	1	In	VDJ							0.0
2625	TCGCCCAGCCCCAACCAGACCTCTCTGTACTTCTGTGCCAGCAGTTTTATAGGGCAAGAAAGAAATCAGCCCCAGCATTTTGGTGAT	CASSFIGQERNQPQHF	1	0.03005711	48	TCRBV27-01*01	TCRBV27	TCRBV27-01	1.0				unresolved		unresolved		TCRBD01,TCRBD02	TCRBD01-01,TCRBD02-01		TCRBJ01-05*01	TCRBJ01	TCRBJ01-05	1.0				3	3	5	3	9	4	33	47	50	54	63	1	In	VDJ							0.0
2626	ATCAATTCCCTGGAGCTTGGTGACTCTGCTGTGTATTTCTGTGCCAGCAGCCCCGGGACGGGCAATCAGCCCCAGCATTTTGGTGAT	CASSPGTGNQPQHF	1	0.03005711	42	TCRBV03	TCRBV03	unresolved			TCRBV03-01,TCRBV03-02		unresolved		unresolved		TCRBD01,TCRBD02	TCRBD01-01,TCRBD02-01		TCRBJ01-05*01	TCRBJ01	TCRBJ01-05	1.0				4	2	0	7	2	2	39	52	54	59	61	1	In	VDJ							0.0
2627	CTGGAGTTGGCTGCTCCCTCCCAGACATCTGTGTACTTCTGTGCCATACTCGGGACAGGGTCCACCGGGGAGCTGTTTTTTGGAGAA	CAILGTGSTGELFF	1	0.03005711	42	TCRBV06-06	TCRBV06	TCRBV06-06				01,02	TCRBD01-01*01	TCRBD01	TCRBD01-01	1.0				TCRBJ02-02*01	TCRBJ02	TCRBJ02-02	1.0				10	5	0	3	2	4	39	46	51	60	62	1	In	VDJ							0.0
2628	ACAGAGCGGGGGGACTCAGCCGTGTATCTCTGTGCCAGCAGCCTAGAACGCTTACAAAGTCGGGCCAACGTCCTGACTTTCGGGGCC	CASSLERLQSRANVLTF	1	0.03005711	51	TCRBV07-03*01	TCRBV07	TCRBV07-03	1.0				TCRBD02-01	TCRBD02	TCRBD02-01				01,02	TCRBJ02-06*01	TCRBJ02	TCRBJ02-06	1.0				5	0	4	8	15	5	30	-1	42	46	61	1	In	VDJ							0.0
2629	CTGGAGTCCGCTACCAGCTCCCAGACATCTGTGTACTTCTGTGCCATCAGTACAGGCTCTGGGGCCAACGTCCTGACTTTCGGGGCC	CAISTGSGANVLTF	1	0.03005711	42	TCRBV10-03*01	TCRBV10	TCRBV10-03	1.0				TCRBD01-01*01	TCRBD01	TCRBD01-01	1.0				TCRBJ02-06*01	TCRBJ02	TCRBJ02-06	1.0				5	0	3	4	0	0	39	-1	51	-1	56	1	In	VDJ							0.0
2630	CTGAATGTGAACGCCTTGTTGCTGGGGGACTCGGCCCTCTATCTCTGTGCCAGCAGCTTAGGGCGCTACGAGCAGTACTTCGGGCCG	CASSLGRYEQYF	1	0.03005711	36	TCRBV05-06*01	TCRBV05	TCRBV05-06	1.0				unresolved		unresolved		TCRBD01,TCRBD02	TCRBD01-01,TCRBD02-01		TCRBJ02-07*01	TCRBJ02	TCRBJ02-07	1.0				2	0	5	3	2	3	45	-1	59	63	65	1	In	VDJ							0.0
2631	ATCCAGCGCACAGAGCAGGGGGACTCGGCCATGTATCTCTGTGCCAGCAGCCTGGGACAGGGTGGCTACGAGCAGTACTTCGGGCCG	CASSLGQGGYEQYF	1	0.03005711	42	TCRBV07-09	TCRBV07	TCRBV07-09				01,03	TCRBD01-01*01	TCRBD01	TCRBD01-01	1.0				TCRBJ02-07*01	TCRBJ02	TCRBJ02-07	1.0				5	2	0	3	3	3	39	51	53	62	65	1	In	VDJ							0.0
2632	ACAGTGACCAGTGCCCATCCTGAAGACAGCAGCTTCTACATCTGCAGTGCTGGCCGAGGGACAGGGGGCGAGCAGTACTTCGGGCCG	CSAGRGTGGEQYF	1	0.03005711	39	TCRBV20	TCRBV20	unresolved			TCRBV20-01,TCRBV20-or09_02		TCRBD01-01*01	TCRBD01	TCRBD01-01	1.0				TCRBJ02-07*01	TCRBJ02	TCRBJ02-07	1.0				5	6	0	1	0	6	42	51	57	-1	68	1	In	VDJ							0.0
2633	ATCCTGGAGTCGCCCAGCCCCAACCAGACCTCTCTGTACTTCTGTGCCAGCAGGAAGGACAGGGACTATGGCTACACCTTCGGTTCG	CASRKDRDYGYTF	1	0.03005711	39	TCRBV27-01*01	TCRBV27	TCRBV27-01	1.0				TCRBD01-01*01	TCRBD01	TCRBD01-01	1.0				TCRBJ01-02*01	TCRBJ01	TCRBJ01-02	1.0				6	3	1	3	0	3	42	53	56	-1	64	1	In	VDJ							0.0
2634	GACCAGTGCCCATCCTGAAGACAGCAGCTTCTACATCTGCAGTGCTAGATCGGTAAGGGGCTAAGGCAGCCCCAGCATTTTGGTGAT		1	0.03005711	44	TCRBV20	TCRBV20	unresolved			TCRBV20-01,TCRBV20-or09_02		TCRBD01-01*01	TCRBD01	TCRBD01-01	1.0				TCRBJ01-05*01	TCRBJ01	TCRBJ01-05	1.0				2	6	5	2	6	7	37	49	55	60	66	1	Out	VDJ							0.0
2635	GCCTTGTTGCTGGGGGACTCGGCCCTCTATCTCTGTGCCAGCAGCTTGACCCCGGGGGCGACAGGTGAAAAACTGTTTTTTGGCAGT	CASSLTPGATGEKLFF	1	0.03005711	48	TCRBV05-06*01	TCRBV05	TCRBV05-06	1.0				unresolved		unresolved		TCRBD01,TCRBD02	TCRBD01-01,TCRBD02-01		TCRBJ01-04*01	TCRBJ01	TCRBJ01-04	1.0				1	11	2	4	0	7	33	48	59	-1	65	1	In	VDJ							0.0
2636	CTCAAGATCCAGCCTGCAAAGCTTGAGGACTCGGCCGTGTATCTCTGTGCCAGCAGGCAATCAAATTCACCCCTCCACTTTGGGAAC	CASRQSNSPLHF	1	0.03005711	36	TCRBV11-02*02	TCRBV11	TCRBV11-02	2.0				unresolved		unresolved		TCRBD01,TCRBD02	TCRBD01-01,TCRBD02-01		TCRBJ01-06*01	TCRBJ01	TCRBJ01-06	1.0				6	1	4	6	4	7	45	56	57	59	63	1	In	VDJ							0.0
2637	GCTACCCGCTCCCAGACATCTGTGTATTTCTGCGCCAGCAGTGAGACCAGCGGGGGCTCTGGGGCCAACGTCCTGACTTTCGGGGCC	CASSETSGGSGANVLTF	1	0.03005711	51	TCRBV10-02*01	TCRBV10	TCRBV10-02	1.0				TCRBD02-01*01	TCRBD02	TCRBD02-01	1.0				TCRBJ02-06*01	TCRBJ02	TCRBJ02-06	1.0				2	3	6	2	0	0	30	45	48	-1	56	1	In	VDJ							0.0
2638	CAGCGCACAGAGCGGGGGGACTCAGCCGTGTATCTCTGTGCCAGCAGCTTATCGGGACAGGGAACCTACGAGCAGTACTTCGGGCCG	CASSLSGQGTYEQYF	1	0.03005711	45	TCRBV07-03*01	TCRBV07	TCRBV07-03	1.0				TCRBD01-01*01	TCRBD01	TCRBD01-01	1.0				TCRBJ02-07*01	TCRBJ02	TCRBJ02-07	1.0				2	2	0	3	2	2	36	51	53	62	64	1	In	VDJ							0.0
2639	TCGGCTGCTCCCTCCCAGACATCTGTGTACTTCTGTGCCAGCAGTCTATCTCGCGGGTTCCTAGCCTACGAGCAGTACTTCGGGCCG	CASSLSRGFLAYEQYF	1	0.03005711	48	TCRBV06	TCRBV06	unresolved			TCRBV06-01,TCRBV06-05		TCRBD02-01	TCRBD02	TCRBD02-01				01,02	TCRBJ02-07*01	TCRBJ02	TCRBJ02-07	1.0				5	7	7	4	7	2	33	45	52	57	64	1	In	VDJ							0.0
2640	GTGAACGCCTTGGAGCTGGACGACTCGGCCCTGTATCTCTGTGCCAGCAGTCCCGGGACAGGGTCCTACGAGCAGTACTTCGGGCCG	CASSPGTGSYEQYF	1	0.03005711	42	TCRBV05-04*01	TCRBV05	TCRBV05-04	1.0				TCRBD01-01*01	TCRBD01	TCRBD01-01	1.0				TCRBJ02-07*01	TCRBJ02	TCRBJ02-07	1.0				5	4	0	3	0	1	39	50	54	-1	63	1	In	VDJ							0.0
2641	AAGATCCAGCGCACAGAGCGGGGGGACTCAGCCGTGTATCTCTGTGCCAGCAGCTTATCGGCTGGCTACGAGCAGTACTTCGGGCCG	CASSLSAGYEQYF	1	0.03005711	39	TCRBV07-03*01	TCRBV07	TCRBV07-03	1.0				unresolved		unresolved		TCRBD01,TCRBD02	TCRBD01-01,TCRBD02-01		TCRBJ02-07*01	TCRBJ02	TCRBJ02-07	1.0				2	2	9	0	3	3	42	57	59	62	65	1	In	VDJ							0.0
2642	ATCCAGCCTGCAAAGCTTGAGGACTCGGCCGTGTATCTCTGTGCCAGCAGCTATACTAGCGGGGGGGGCGAGCAGTACTTCGGGCCG	CASSYTSGGGEQYF	1	0.03005711	42	TCRBV11-02*02	TCRBV11	TCRBV11-02	2.0				TCRBD02-01*01	TCRBD02	TCRBD02-01	1.0				TCRBJ02-07*01	TCRBJ02	TCRBJ02-07	1.0				4	2	3	0	1	6	39	52	54	67	68	1	In	VDJ							0.0
2643	CTGAAGATCCAGCGCACAGAGCGGGGGGACTCAGCCGTGTATCTCTGTGCCAGCAGCTTCTATACACGGCAGTGAGGTTTCGGGCCG	CASSFYTRQ*GF	1	0.03005711	36	TCRBV07-03*01	TCRBV07	TCRBV07-03	1.0				TCRBD02-01*02	TCRBD02	TCRBD02-01	2.0				TCRBJ02-07*01	TCRBJ02	TCRBJ02-07	1.0				3	14	11	1	1	16	45	59	73	77	78	1	Stop	VDJ							0.0
2644	ATCCAGCCCTCAGAACCCAGGGACTCAGCTGTGTACTTCTGTGCCAGCAGCCAGGACAGCACCGTCTATGGCTACACCTTCGGTTCG	CASSQDSTVYGYTF	1	0.03005711	42	TCRBV12	TCRBV12	unresolved			TCRBV12-03,TCRBV12-04		TCRBD01-01*01	TCRBD01	TCRBD01-01	1.0				TCRBJ01-02*01	TCRBJ01	TCRBJ01-02	1.0				6	3	1	5	6	4	39	50	53	59	65	1	In	VDJ							0.0
2645	GTGACCAGTGCCCATCCTGAAGACAGCAGCTTCTACATCTGCAGTGCTCCCGGCGGGACAGGGGACCAGCCCCAGCATTTTGGTGAT	CSAPGGTGDQPQHF	1	0.03005711	42	TCRBV20	TCRBV20	unresolved			TCRBV20-01,TCRBV20-or09_02		TCRBD01-01*01	TCRBD01	TCRBD01-01	1.0				TCRBJ01-05*01	TCRBJ01	TCRBJ01-05	1.0				5	6	0	2	2	7	39	48	54	64	66	1	In	VDJ							0.0
2646	CTGGAGTCGGCTGCTCCCTCCCAGACATCTGTGTACTTCTGTGCCAGCAGACGTGACAGGAAAAATCAGCCCCAGCATTTTGGTGAT	CASRRDRKNQPQHF	1	0.03005711	42	TCRBV06-01*01	TCRBV06	TCRBV06-01	1.0				TCRBD01-01*01	TCRBD01	TCRBD01-01	1.0				TCRBJ01-05*01	TCRBJ01	TCRBJ01-05	1.0				6	4	2	4	3	4	39	50	54	60	63	1	In	VDJ							0.0
2647	AGAGTCTGCCATCCCCAACCAGACAGCTCTTTACTTCTGTGCCACCAGTGAAACGGGACCGCGAATGAAAAACTGTTTTTTGGCAGT		1	0.03005711	44	TCRBV24	TCRBV24	unresolved			TCRBV24-01,TCRBV24-or09_02		unresolved		unresolved		TCRBD01,TCRBD02	TCRBD01-01,TCRBD02-01		TCRBJ01-04*01	TCRBJ01	TCRBJ01-04	1.0				4	3	0	7	4	5	37	51	54	59	63	1	Out	VDJ							0.0
2648	TTGGCTGCTCCCTCCCAGACATCTGTGTACTTCTGTGCCAGCAGCCATGGGGGGGGAATAGAGAACACTGAAGCTTTCTTTGGACAA	CASSHGGGIENTEAFF	1	0.03005711	48	TCRBV06-06	TCRBV06	TCRBV06-06				01,02	TCRBD02-01*01	TCRBD02	TCRBD02-01	1.0				TCRBJ01-01*01	TCRBJ01	TCRBJ01-01	1.0				6	4	9	0	7	1	33	44	48	55	62	1	In	VDJ							0.0
2649	AGTGCCCATCCTGAAGACAGCAGCTTCTACATCTGCAGTGCTAGCAACCCTTACGGGGGCCCGAACACTGAAGCTTTCTTTGGACAA	CSASNPYGGPNTEAFF	1	0.03005711	48	TCRBV20	TCRBV20	unresolved			TCRBV20-01,TCRBV20-or09_02		unresolved		unresolved		TCRBD01,TCRBD02	TCRBD01-01,TCRBD02-01		TCRBJ01-01*01	TCRBJ01	TCRBJ01-01	1.0				3	10	6	0	2	1	33	44	54	60	62	1	In	VDJ							0.0
2650	CTGACAGTGACCAGTGCCCATCCTGAAGACAGCAGCTTCTACATCTGCAGTGCGGACGAGGGGGGGCGCGGAGCTTTCTTTGGACAA	CSADEGGRGAFF	1	0.03005711	36	TCRBV20	TCRBV20	unresolved			TCRBV20-01,TCRBV20-or09_02		TCRBD02-01*01	TCRBD02	TCRBD02-01	1.0				TCRBJ01-01*01	TCRBJ01	TCRBJ01-01	1.0				6	6	9	0	5	10	45	53	59	66	71	1	In	VDJ							0.0
2651	CCATCCCCAACCAGACAGCTCTTTACTTCTGTGCCACCAGCAAACTCCGGGACATAGAAAGACACCGGGGAGCTGTTTTTTGGAGAA		1	0.03005711	52	TCRBV24	TCRBV24	unresolved			TCRBV24-01,TCRBV24-or09_02		TCRBD01-01*01	TCRBD01	TCRBD01-01	1.0				TCRBJ02-02*01	TCRBJ02	TCRBJ02-02	1.0				7	8	0	6	7	3	29	40	48	54	61	1	Out	VDJ							0.0
2652	AACGCCTTGTTGCTGGGGGACTCGGCCCTCTATCTCTGTGCCAGCAGCTTTTCTGGAGCCCGAACAGATACGCAGTATTTTGGCCCA	CASSFSGARTDTQYF	1	0.03005711	45	TCRBV05-06*01	TCRBV05	TCRBV05-06	1.0				TCRBD02-01*02	TCRBD02	TCRBD02-01	2.0				TCRBJ02-03*01	TCRBJ02	TCRBJ02-03	1.0				2	4	10	2	5	3	36	50	54	58	63	1	In	VDJ							0.0
2653	CCTGCAGAGCTTGGGGACTCGGCCGTGTATCTCTGTGCCAGCAGCTTAGGTGGGACGCCGAGCACAGATACGCAGTATTTTGGCCCA	CASSLGGTPSTDTQYF	1	0.03005711	48	TCRBV11-03*01	TCRBV11	TCRBV11-03	1.0				unresolved		unresolved		TCRBD01,TCRBD02	TCRBD01-01,TCRBD02-01		TCRBJ02-03*01	TCRBJ02	TCRBJ02-03	1.0				1	2	0	7	4	0	33	49	51	56	60	1	In	VDJ							0.0
2654	ACCAGTGCCCATCCTGAAGACAGCAGCTTCTACATCTGCAGTGCAACCGGGACTAGGGGTATCACAGATACGCAGTATTTTGGCCCA	CSATGTRGITDTQYF	1	0.03005711	45	TCRBV20	TCRBV20	unresolved			TCRBV20-01,TCRBV20-or09_02		TCRBD02-01	TCRBD02	TCRBD02-01				01,02	TCRBJ02-03*01	TCRBJ02	TCRBJ02-03	1.0				6	4	0	8	6	2	36	44	48	56	62	1	In	VDJ							0.0
2655	CTGCTGTCGGCTGCTCCCTCCCAGACATCTGTGTACTTCTGTGCCAGCAGCGCCCTAATACTCACAGATACGCAGTATTTTGGCCCA	CASSALILTDTQYF	1	0.03005711	42	TCRBV06-05*01	TCRBV06	TCRBV06-05	1.0				TCRBD02-01	TCRBD02	TCRBD02-01				01,02	TCRBJ02-03*01	TCRBJ02	TCRBJ02-03	1.0				6	9	3	10	0	2	39	50	59	-1	62	1	In	VDJ							0.0
2656	ATCAATTCCCTGGAGCTTGGTGACTCTGCTGTGTATTTCTGTGCCAGCAGCATACACAGGGAAAAAGAGACCCAGTACTTCGGGCCA	CASSIHREKETQYF	1	0.03005711	42	TCRBV03	TCRBV03	unresolved			TCRBV03-01,TCRBV03-02		TCRBD01-01*01	TCRBD01	TCRBD01-01	1.0				TCRBJ02-05*01	TCRBJ02	TCRBJ02-05	1.0				5	4	3	3	3	3	39	51	55	61	64	1	In	VDJ							0.0
2657	TGCTGTCGGCTGCTCCCTCCCAGACATCTGTGTACTTCTGTGCCAGCAGTAAACTATGGGCTGCAAGAGACCCAGTACTTCGGGCCA		1	0.03005711	43	TCRBV06-05*01	TCRBV06	TCRBV06-05	1.0				unresolved		unresolved		TCRBD01,TCRBD02	TCRBD01-01,TCRBD02-01		TCRBJ02-05*01	TCRBJ02	TCRBJ02-05	1.0				5	7	8	0	2	2	38	50	57	61	63	1	Out	VDJ							0.0
2658	CTGCTGGGGTTGGAGTCGGCTGCTCCCTCCCAAACATCTGTGTACTTCTGTGCCAGCAGTGCCCGCAGGGAGCAGTTCTTCGGGCCA	CASSARREQFF	1	0.03005711	33	TCRBV06	TCRBV06	unresolved			TCRBV06-02,TCRBV06-03		TCRBD01-01*01	TCRBD01	TCRBD01-01	1.0				TCRBJ02-01*01	TCRBJ02	TCRBJ02-01	1.0				5	5	4	4	0	10	48	60	65	-1	69	1	In	VDJ							0.0
2659	CTCACTCTGGAGTCCGCTACCAGCTCCCAGACATCTGTGTACTTCTGTGCCATCAGTGATAGAAATTCACCCCTCCACTTTGGGAAC	CAISDRNSPLHF	1	0.03005711	36	TCRBV10-03*01	TCRBV10	TCRBV10-03	1.0				TCRBD02-01	TCRBD02	TCRBD02-01				01,02	TCRBJ01-06*01	TCRBJ01	TCRBJ01-06	1.0				3	0	5	8	1	7	45	-1	59	62	63	1	In	VDJ							0.0
2660	CAGCCCTCAGAACCCAGGGACTCAGCTGTGTACTTCTGTGCCAGCAGTCTTGGAGGGGGCTCGAATTCACCCCTCCACTTTGGGAAC	CASSLGGGSNSPLHF	1	0.03005711	45	TCRBV12	TCRBV12	unresolved			TCRBV12-03,TCRBV12-04		TCRBD01-01*01	TCRBD01	TCRBD01-01	1.0				TCRBJ01-06*01	TCRBJ01	TCRBJ01-06	1.0				5	5	5	0	3	7	36	48	53	60	63	1	In	VDJ							0.0
2661	CACATCAATTCCCTGGAGCTTGGTGACTCTGCTGTGTATTTCTGTGCCAGCAGCCAAGACGGACCCTACGAGCAGTACTTCGGGCCG	CASSQDGPYEQYF	1	0.03005711	39	TCRBV03	TCRBV03	unresolved			TCRBV03-01,TCRBV03-02		unresolved		unresolved		TCRBD01,TCRBD02	TCRBD01-01,TCRBD02-01		TCRBJ02-07*01	TCRBJ02	TCRBJ02-07	1.0				0	1	1	7	0	2	42	59	60	-1	64	1	In	VDJ							0.0
2662	ACAGTGACCAGTGCCCATCCTGAAGACAGCAGCTTCTACATCTGCAGTGCTAGAAGGGCAGGGGCGGTCGGCTACACCTTCGGTTCG	CSARRAGAVGYTF	1	0.03005711	39	TCRBV20	TCRBV20	unresolved			TCRBV20-01,TCRBV20-or09_02		TCRBD01-01*01	TCRBD01	TCRBD01-01	1.0				TCRBJ01-02*01	TCRBJ01	TCRBJ01-02	1.0				2	4	4	2	5	8	42	54	58	64	69	1	In	VDJ							0.0
2663	GAGATCCAGCGCACAGAGCAGGGGGACTCGGCCATGTATCTCTGTGCCAGCAGCCTCGGTGATCTCCGGGGCTACACCTTCGGTTCG	CASSLGDLRGYTF	1	0.03005711	39	TCRBV07-09	TCRBV07	TCRBV07-09				01,03	TCRBD02-01	TCRBD02	TCRBD02-01				01,02	TCRBJ01-02*01	TCRBJ01	TCRBJ01-02	1.0				5	2	8	5	10	8	42	54	56	59	69	1	In	VDJ							0.0
2664	CTACACACCCTGCAGCCAGAAGACTCGGCCCTGTATCTCTGCGCCAGCAGCCGGTCGACAGGGGGCTATGGCTACACCTTCGGTTCG	CASSRSTGGYGYTF	1	0.03005711	42	TCRBV04-03*01	TCRBV04	TCRBV04-03	1.0				TCRBD01-01*01	TCRBD01	TCRBD01-01	1.0				TCRBJ01-02*01	TCRBJ01	TCRBJ01-02	1.0				4	4	2	1	0	4	39	52	56	-1	65	1	In	VDJ							0.0
2665	ACAGCAGCTTCTACATCTGCAGTGCTAGACGCAAGCCTTTCATCGGGGGGACCCAGGCGATTCTATCAGCCCCAGCATTTTGGTGAT		1	0.03005711	64	TCRBV20	TCRBV20	unresolved			TCRBV20-01,TCRBV20-or09_02		TCRBD02-01*01	TCRBD02	TCRBD02-01	1.0				TCRBJ01-05*01	TCRBJ01	TCRBJ01-05	1.0				2	14	8	1	14	5	17	29	43	50	64	1	Out	VDJ							0.0
2666	ACAGTGACCAGTGCCCATCCTGAAGACAGCAGCTTCTACATCTGCAGTGCTAGAGCTCCCGGTGGTGAAAAACTGTTTTTTGGCAGT	CSARAPGGEKLFF	1	0.03005711	39	TCRBV20	TCRBV20	unresolved			TCRBV20-01,TCRBV20-or09_02		TCRBD02-01	TCRBD02	TCRBD02-01				01,02	TCRBJ01-04*01	TCRBJ01	TCRBJ01-04	1.0				1	4	8	5	3	7	42	55	59	62	65	1	In	VDJ							0.0
2667	ACCCTGGAGTCTGCCAGGCCCTCACATACCTCTCAGTACCTCTGTGCCAGCAGTGAAATTATGGCCGGGGAGCTGTTTTTTGGAGAA	CASSEIMAGELFF	1	0.03005711	39	TCRBV25-01*01	TCRBV25	TCRBV25-01	1.0				unresolved		unresolved		TCRBD01,TCRBD02	TCRBD01-01,TCRBD02-01		TCRBJ02-02*01	TCRBJ02	TCRBJ02-02	1.0				2	5	0	10	0	6	42	57	62	-1	64	1	In	VDJ							0.0
2668	ATCCTGAGTTCTAAGAAGCTCCTTCTCAGTGACTCTGGCTTCTATCTCTGTGCCTGGAGTCACGGCGGGGAGCTGTTTTTTGGAGAA	CAWSHGGELFF	1	0.03005711	33	TCRBV30-01*01	TCRBV30	TCRBV30-01	1.0				TCRBD02-01	TCRBD02	TCRBD02-01				01,02	TCRBJ02-02*01	TCRBJ02	TCRBJ02-02	1.0				2	2	8	5	0	7	48	60	62	-1	65	1	In	VDJ							0.0
2669	AGCACCTTGGAGCTGGGGGACTCGGCCCTTTATCTTTGCGCCAGCAGCTCCGGTCTCTTGGGCCAAGAGACCCAGTACTTCGGGCCA	CASSSGLLGQETQYF	1	0.03005711	45	TCRBV05-01*01	TCRBV05	TCRBV05-01	1.0				unresolved		unresolved		TCRBD01,TCRBD02	TCRBD01-01,TCRBD02-01		TCRBJ02-05*01	TCRBJ02	TCRBJ02-05	1.0				3	10	0	9	0	1	36	49	59	-1	62	1	In	VDJ							0.0
2670	GTGACCAGTGCCCATCCTGAAGACAGCAGCTTCTACATCTGCAGTGCGCCCCGGGACAGGGGAGTAGAGACCCAGTACTTCGGGCCA	CSAPRDRGVETQYF	1	0.03005711	42	TCRBV20	TCRBV20	unresolved			TCRBV20-01,TCRBV20-or09_02		TCRBD01-01*01	TCRBD01	TCRBD01-01	1.0				TCRBJ02-05*01	TCRBJ02	TCRBJ02-05	1.0				6	5	0	2	3	4	39	47	52	62	65	1	In	VDJ							0.0
2671	AACCTGAGCTCTCTGGAGCTGGGGGACTCAGCTTTGTATTTCTGTGCCAGCAGCGTAGACATTGGGGAGACCCAGTACTTCGGGCCA	CASSVDIGETQYF	1	0.03005711	39	TCRBV09-01	TCRBV09	TCRBV09-01				01,02	unresolved		unresolved		TCRBD01,TCRBD02	TCRBD01-01,TCRBD02-01		TCRBJ02-05*01	TCRBJ02	TCRBJ02-05	1.0				0	5	0	9	0	5	42	58	63	-1	66	1	In	VDJ							0.0
2672	GTGACCAGTGCCCATCCTGAAGACAGCAGCTTCTACATCTGCAGTGCTAGAGATCGGGGTGGAAAAAACATTCAGTACTTCGGCGCC	CSARDRGGKNIQYF	1	0.03005711	42	TCRBV20	TCRBV20	unresolved			TCRBV20-01,TCRBV20-or09_02		TCRBD02-01*01	TCRBD02	TCRBD02-01	1.0				TCRBJ02-04*01	TCRBJ02	TCRBJ02-04	1.0				0	1	8	3	4	4	39	53	54	59	63	1	In	VDJ							0.0
2673	TCCGCTACCAGCTCCCAGACATCTGTGTACTTCTGTGCCATCAGTGAGTCCCCAGCGGGGAATCGGAACATTCAGTACTTCGGCGCC	CAISESPAGNRNIQYF	1	0.03005711	48	TCRBV10-03*01	TCRBV10	TCRBV10-03	1.0				TCRBD02-01*01	TCRBD02	TCRBD02-01	1.0				TCRBJ02-04*01	TCRBJ02	TCRBJ02-04	1.0				0	3	6	3	6	7	33	50	53	60	66	1	In	VDJ							0.0
2674	CTCACTCTGGAGTCCGCTACCAGCTCCCAGACATCTGTGTACTTCTGTGCCATCACAGGGGCTCCGGGCACCATATATTTTGGAGAG	CAITGAPGTIYF	1	0.03005711	36	TCRBV10-03*01	TCRBV10	TCRBV10-03	1.0				TCRBD01-01*01	TCRBD01	TCRBD01-01	1.0				TCRBJ01-03*01	TCRBJ01	TCRBJ01-03	1.0				7	0	4	2	7	9	45	-1	55	61	68	1	In	VDJ							0.0
2675	AAGATCCAGCGCACAGAGCGGGGGGACTCAGCCGTGTATCTCTGTGCCAGCAGCCGTGCAGGGGGAGGGAAGCAGTACTTCGGGCCG	CASSRAGGGKQYF	1	0.03005711	39	TCRBV07-03*01	TCRBV07	TCRBV07-03	1.0				unresolved		unresolved		TCRBD01,TCRBD02	TCRBD01-01,TCRBD02-01		TCRBJ02-07*01	TCRBJ02	TCRBJ02-07	1.0				5	4	4	1	5	8	42	54	58	65	70	1	In	VDJ							0.0
2676	AGGCTGGAGTCGGCTGCTCCCTCCCAGACATCTGTGTACTTCTGTGCCATCCTGTCGGAGGGCGCCAACGAGCAGTACTTCGGGCCG	CAILSEGANEQYF	1	0.03005711	39	TCRBV06-01*01	TCRBV06	TCRBV06-01	1.0				TCRBD02-01*02	TCRBD02	TCRBD02-01	2.0				TCRBJ02-07*01	TCRBJ02	TCRBJ02-07	1.0				10	7	10	0	5	5	42	49	56	62	67	1	In	VDJ							0.0
2677	ATCCGGTCCACAAAGCTGGAGGACTCAGCCATGTACTTCTGTGCCAGCAGTCGGACAGGGGTAATCAACGAGCAGTACTTCGGGCCG	CASSRTGVINEQYF	1	0.03005711	42	TCRBV02-01*01	TCRBV02	TCRBV02-01	1.0				TCRBD01-01*01	TCRBD01	TCRBD01-01	1.0				TCRBJ02-07*01	TCRBJ02	TCRBJ02-07	1.0				5	1	1	2	6	5	39	51	52	61	67	1	In	VDJ							0.0
2678	CAGCGCACACAGCAGGAGGACTCGGCCGTGTATCTCTGTGCCAGCAGCTTAACCAGGCTTCCTTCCTACGAGCAGTACTTCGGGCCG	CASSLTRLPSYEQYF	1	0.03005711	45	TCRBV07-02*01	TCRBV07	TCRBV07-02	1.0				TCRBD01-01*01	TCRBD01	TCRBD01-01	1.0				TCRBJ02-07*01	TCRBJ02	TCRBJ02-07	1.0				2	2	4	4	6	1	36	51	53	57	63	1	In	VDJ							0.0
2679	CGGTCCACAAAGCTGGAGGACTCAGCCATGTACTTCTGTGCCAGCAGCGAAGGGAACCTAGGGGGGCGAGGCTACACCTTCGGTTCG	CASSEGNLGGRGYTF	1	0.03005711	45	TCRBV02-01*01	TCRBV02	TCRBV02-01	1.0				unresolved		unresolved		TCRBD01,TCRBD02	TCRBD01-01,TCRBD02-01		TCRBJ01-02*01	TCRBJ01	TCRBJ01-02	1.0				1	7	5	1	4	8	36	52	59	65	69	1	In	VDJ							0.0
2680	GAGCTGGGGGACTCGGCCCTTTATCTTTGCGCCAGCAGCTTAGTCCCGGGACAGGGGGCGACGATCTATGGCTACACCTTCGGTTCG	CASSLVPGQGATIYGYTF	1	0.03005711	54	TCRBV05-01*01	TCRBV05	TCRBV05-01	1.0				TCRBD01-01*01	TCRBD01	TCRBD01-01	1.0				TCRBJ01-02*01	TCRBJ01	TCRBJ01-02	1.0				2	6	0	0	6	4	27	41	47	59	65	1	In	VDJ							0.0
2681	ATCCGGTCCACAAAGCTGGAGGACTCAGCCATGTACTTCTGTGCCAGCAGTGGTCAGGGATTGGTTCAGCCCCAGCATTTTGGTGAT	CASSGQGLVQPQHF	1	0.03005711	42	TCRBV02-01*01	TCRBV02	TCRBV02-01	1.0				TCRBD01-01*01	TCRBD01	TCRBD01-01	1.0				TCRBJ01-05*01	TCRBJ01	TCRBJ01-05	1.0				4	2	4	3	6	6	39	52	54	59	65	1	In	VDJ							0.0
2682	CTGTCGGCTGCTCCCTCCCAGACATCTGTGTACTTCTGTGCCAGCAGTTACTCTGGGACAGGAAATGAAAAACTGTTTTTTGGCAGT	CASSYSGTGNEKLFF	1	0.03005711	45	TCRBV06-05*01	TCRBV06	TCRBV06-05	1.0				TCRBD01-01*01	TCRBD01	TCRBD01-01	1.0				TCRBJ01-04*01	TCRBJ01	TCRBJ01-04	1.0				0	1	0	4	1	5	36	53	54	62	63	1	In	VDJ							0.0
2683	CTCAGGCTGCTGTCGGCTGCTCCCTCCCAGACATCTGTGTACTTCTGTGCCAGCAGTTAGAGCTATGAAAAACTGTTTTTTGGCAGT	CASS*SYEKLFF	1	0.03005711	36	TCRBV06-05*01	TCRBV06	TCRBV06-05	1.0				TCRBD02-01	TCRBD02	TCRBD02-01				01,02	TCRBJ01-04*01	TCRBJ01	TCRBJ01-04	1.0				3	1	6	7	1	6	45	59	60	63	64	1	Stop	VDJ							0.0
2684	GTGAACGCCTTGTTGCTGGGGGACTCGGCCCTCTATCTCTGTGCCAGCAGCTGGGACAGAAGGAACACTGAAGCTTTCTTTGGACAA	CASSWDRRNTEAFF	1	0.03005711	42	TCRBV05-06*01	TCRBV05	TCRBV05-06	1.0				TCRBD01-01*01	TCRBD01	TCRBD01-01	1.0				TCRBJ01-01*01	TCRBJ01	TCRBJ01-01	1.0				3	0	0	5	3	1	39	-1	52	59	62	1	In	VDJ							0.0
2685	GCAAAGCTTGAGGACTCGGCCGTGTATCTCTGTGCCAGCAGCTTAGTTAGTCTTTGGGGTGGGAACACTGAAGCTTTCTTTGGACAA	CASSLVSLWGGNTEAFF	1	0.03005711	51	TCRBV11-02*02	TCRBV11	TCRBV11-02	2.0				unresolved		unresolved		TCRBD01,TCRBD02	TCRBD01-01,TCRBD02-01		TCRBJ01-01*01	TCRBJ01	TCRBJ01-01	1.0				1	9	6	2	3	1	30	46	55	59	62	1	In	VDJ							0.0
2686	CACACCCTGCAGCCAGAAGACTCGGCCCTGTATCTCTGTGCCAGCAGCCCGACAGGGCTGAACACCGGGGAGCTGTTTTTTGGAGAA	CASSPTGLNTGELFF	1	0.03005711	45	TCRBV04-02*01	TCRBV04	TCRBV04-02	1.0				TCRBD01-01*01	TCRBD01	TCRBD01-01	1.0				TCRBJ02-02*01	TCRBJ02	TCRBJ02-02	1.0				4	1	2	3	2	1	36	49	50	57	59	1	In	VDJ							0.0
2687	ACCTTGGAGCTGGGGGACTCGGCCCTTTATCTTTGCGCCAGCAGCGAAATGGGACAGGGGAAGGGGGAGACCCAGTACTTCGGGCCA	CASSEMGQGKGETQYF	1	0.03005711	48	TCRBV05-01*01	TCRBV05	TCRBV05-01	1.0				TCRBD01-01*01	TCRBD01	TCRBD01-01	1.0				TCRBJ02-05*01	TCRBJ02	TCRBJ02-05	1.0				4	5	0	2	6	5	33	45	50	60	66	1	In	VDJ							0.0
2688	AAGATCCAGCCCTCAGAACCCAGGGACTCAGCTGTGTACTTCTGTGCCAGCAGCAGGGGTCTATACAATGAGCAGTTCTTCGGGCCA	CASSRGLYNEQFF	1	0.03005711	39	TCRBV12	TCRBV12	unresolved			TCRBV12-03,TCRBV12-04		TCRBD01-01*01	TCRBD01	TCRBD01-01	1.0				TCRBJ02-01*01	TCRBJ02	TCRBJ02-01	1.0				6	0	4	2	4	4	42	-1	53	59	63	1	In	VDJ							0.0
2689	CCCTCAGAACCCAGGGACTCAGCTGTGTACTTCTGTGCCAGCACCCCCGGGAGGGGTTCCTATAATTCACCCCTCCACTTTGGGAAC	CASTPGRGSYNSPLHF	1	0.03005711	48	TCRBV12	TCRBV12	unresolved			TCRBV12-03,TCRBV12-04		TCRBD02-01*02	TCRBD02	TCRBD02-01	2.0				TCRBJ01-06*01	TCRBJ01	TCRBJ01-06	1.0				7	4	8	0	2	1	33	43	47	55	57	1	In	VDJ							0.0
2690	ACTCTGAAGATCCAGCCCTCAGAACCCAGGGACTCAGCTGTGTACTTCTGTGCCAGCAGTTTAGTACACACCATATATTTTGGAGAG	CASSLVHTIYF	1	0.03005711	33	TCRBV12	TCRBV12	unresolved			TCRBV12-03,TCRBV12-04		unresolved		unresolved		TCRBD01,TCRBD02	TCRBD01-01,TCRBD02-01		TCRBJ01-03*01	TCRBJ01	TCRBJ01-03	1.0				1	1	3	7	0	8	48	64	65	-1	67	1	In	VDJ							0.0
2691	ACCAGTGCCCATCCTGAAGACAGCAGCTTCTACATCTGCAGTGCTAGAGACGCGGGGACAGCCTCCTACGAGCAGTACTTCGGGCCG	CSARDAGTASYEQYF	1	0.03005711	45	TCRBV20	TCRBV20	unresolved			TCRBV20-01,TCRBV20-or09_02		TCRBD01-01*01	TCRBD01	TCRBD01-01	1.0				TCRBJ02-07*01	TCRBJ02	TCRBJ02-07	1.0				0	4	0	5	1	0	36	50	54	61	62	1	In	VDJ							0.0
2692	CAAAGCTGGAGGACTCAGCCATGTACTTCTGTGCCAGCAGTGAAGCGGATAAGGGACAGGGGCTCCTACGAGCAGTACTTCGGGCCG		1	0.03005711	52	TCRBV02-01*01	TCRBV02	TCRBV02-01	1.0				TCRBD01-01*01	TCRBD01	TCRBD01-01	1.0				TCRBJ02-07*01	TCRBJ02	TCRBJ02-07	1.0				0	6	0	2	0	0	29	46	52	-1	62	1	Out	VDJ							0.0
2693	ACCTTGGAGCTGGGGGACTCGGCCCTTTATCTTTGCGCCAGCAGCTTGGGTGGGACAGGGATCTCCTACGAGCAGTACTTCGGGCCG	CASSLGGTGISYEQYF	1	0.03005711	48	TCRBV05-01*01	TCRBV05	TCRBV05-01	1.0				TCRBD01-01*01	TCRBD01	TCRBD01-01	1.0				TCRBJ02-07*01	TCRBJ02	TCRBJ02-07	1.0				0	2	0	3	2	0	33	49	51	60	62	1	In	VDJ							0.0
2694	CTGAAGATCCAGCGCACACAGCAGGAGGACTCCGCCGTGTATCTCTGTGCCAGCAGCTTAGCGCGGGGGGAGCAGTACTTCGGGCCG	CASSLARGEQYF	1	0.03005711	36	TCRBV07-08*01	TCRBV07	TCRBV07-08	1.0				TCRBD02-01*01	TCRBD02	TCRBD02-01	1.0				TCRBJ02-07*01	TCRBJ02	TCRBJ02-07	1.0				0	0	7	2	0	7	45	-1	62	-1	69	1	In	VDJ							0.0
2695	GAACGCCTTGTTGCTGGGGGACTCGGCCCTCTATCTCTGTGCCAGCAGCTTATGACAGAGCCGGGTCATGGCTACACCTTCGGTTCG		1	0.03005711	44	TCRBV05-06*01	TCRBV05	TCRBV05-06	1.0				TCRBD01-01*01	TCRBD01	TCRBD01-01	1.0				TCRBJ01-02*01	TCRBJ01	TCRBJ01-02	1.0				2	2	2	5	9	6	37	51	53	58	67	1	Out	VDJ							0.0
2696	ACATGAGCTCCTTGGAGCTGGGGGACTCAGCCCTGTACTTCTGTGCCAGCAGCTTAGAGAGGGGGATATGGCTACACCTTCGGTTCG		1	0.03005711	40	TCRBV13-01*01	TCRBV13	TCRBV13-01	1.0				TCRBD01-01*01	TCRBD01	TCRBD01-01	1.0				TCRBJ01-02*01	TCRBJ01	TCRBJ01-02	1.0				1	2	5	1	1	5	41	57	59	65	66	1	Out	VDJ							0.0
2697	TGGAGTCGGCTGCTCCCTCCCAAACATCTGTGTACTTCTGTGCCAGCAGTTACTCACCCTAGCGCCGGGGAGCTGTTTTTTGGAGAA		1	0.03005711	43	TCRBV06	TCRBV06	unresolved			TCRBV06-02,TCRBV06-03		TCRBD02-01	TCRBD02	TCRBD02-01				01,02	TCRBJ02-02*01	TCRBJ02	TCRBJ02-02	1.0				0	3	4	6	0	6	38	55	58	-1	64	1	Out	VDJ							0.0
2698	GTCGGCTGCTCCCTCCCAGACATCTGTGTACTTCTGTGCCAGCAGTTACTGAGGACAGGGTTTCTGCAGACCCAGTACTTCGGGCCA		1	0.03005711	47	TCRBV06-05*01	TCRBV06	TCRBV06-05	1.0				TCRBD01-01*01	TCRBD01	TCRBD01-01	1.0				TCRBJ02-05*01	TCRBJ02	TCRBJ02-05	1.0				1	2	1	3	7	6	34	50	52	60	67	1	Out	VDJ							0.0
2699	CACACCCTGCAGCCAGAAGACTCGGCCCTGTATCTCTGCGCCAGCAGCCTAATACAGGGGGCTGGCGATGAGCAGTTCTTCGGGCCA	CASSLIQGAGDEQFF	1	0.03005711	45	TCRBV04-03*01	TCRBV04	TCRBV04-03	1.0				TCRBD01-01*01	TCRBD01	TCRBD01-01	1.0				TCRBJ02-01*01	TCRBJ02	TCRBJ02-01	1.0				4	4	3	0	5	8	36	49	53	62	67	1	In	VDJ							0.0
2700	GAGTCCGCCAGCACCAACCAGACATCTATGTACCTCTGTGCCAGCAGTTTCCGGGGACAGGCCAACTACGAGCAGTACTTCGGGCCG	CASSFRGQANYEQYF	1	0.03005711	45	TCRBV28-01*01	TCRBV28	TCRBV28-01	1.0				TCRBD01-01*01	TCRBD01	TCRBD01-01	1.0				TCRBJ02-07*01	TCRBJ02	TCRBJ02-07	1.0				3	3	0	4	4	3	36	50	53	61	65	1	In	VDJ							0.0
2701	CTGAGCTCTCTGGAGCTGGGGGACTCAGCTTTGTATTTCTGTGCCAGCAGCGGAGGGGTCAACTCCTACGAGCAGTACTTCGGGCCG	CASSGGVNSYEQYF	1	0.03005711	42	TCRBV09-01	TCRBV09	TCRBV09-01				01,02	unresolved		unresolved		TCRBD01,TCRBD02	TCRBD01-01,TCRBD02-01		TCRBJ02-07*01	TCRBJ02	TCRBJ02-07	1.0				3	1	5	2	4	0	39	52	53	58	62	1	In	VDJ							0.0
2702	CGGTCCACAAAGCTGGAGGACTCAGCCATGTACTTCTGTGCCAGCAGTGGTGTAAGGGGCTACTCCTACGAGCAGTACTTCGGGCCG	CASSGVRGYSYEQYF	1	0.03005711	45	TCRBV02-01*01	TCRBV02	TCRBV02-01	1.0				TCRBD01-01*01	TCRBD01	TCRBD01-01	1.0				TCRBJ02-07*01	TCRBJ02	TCRBJ02-07	1.0				4	5	5	2	3	0	36	49	54	59	62	1	In	VDJ							0.0
2703	AGCCCTCAGAACCCAGGGACTCAGCTGTGTACTTCTGTGCCAGCAGGGAGGGACAACAGGTTAAACTATGGCTACACCTTCGGTTCG		1	0.03005711	46	TCRBV12	TCRBV12	unresolved			TCRBV12-03,TCRBV12-04		unresolved		unresolved		TCRBD01,TCRBD02	TCRBD01-01,TCRBD02-01		TCRBJ01-02*01	TCRBJ01	TCRBJ01-02	1.0				6	3	0	6	8	2	35	46	49	55	63	1	Out	VDJ							0.0
2704	TCCACAAAGCTGGAGGACTCAGCCATGTACTTCTGTGCCAGCAGTGAACCCCAGGGGGAACTGAACTATGGCTACACCTTCGGTTCG	CASSEPQGELNYGYTF	1	0.03005711	48	TCRBV02-01*01	TCRBV02	TCRBV02-01	1.0				TCRBD01-01*01	TCRBD01	TCRBD01-01	1.0				TCRBJ01-02*01	TCRBJ01	TCRBJ01-02	1.0				2	3	4	1	5	2	33	48	51	58	63	1	In	VDJ							0.0
2705	AACGCCTTGTTGCTGGGGGACTCGGCCCTCTATCTCTGTGCCAGCAGCTTAAACCGGGACACCCACTATGGCTACACCTTCGGTTCG	CASSLNRDTHYGYTF	1	0.03005711	45	TCRBV05-06*01	TCRBV05	TCRBV05-06	1.0				TCRBD01-01*01	TCRBD01	TCRBD01-01	1.0				TCRBJ01-02*01	TCRBJ01	TCRBJ01-02	1.0				2	5	0	6	3	3	36	50	55	61	64	1	In	VDJ							0.0
2706	CTGGAGTCCGCTACCAGCTCCCAGACATCTGTGTACTTCTGTGCCATCAGTCTGGCGGACAGATCCTATGGCTACACCTTCGGTTCG	CAISLADRSYGYTF	1	0.03005711	42	TCRBV10-03*01	TCRBV10	TCRBV10-03	1.0				TCRBD01-01*01	TCRBD01	TCRBD01-01	1.0				TCRBJ01-02*01	TCRBJ01	TCRBJ01-02	1.0				5	5	1	5	3	4	39	51	56	62	65	1	In	VDJ							0.0
2707	CATCCCCAACCAGACAGCTCTTTACTTCTGTGCCACCAGTGATTTAAGAGGGGGTAGGGGGTGGTCTATGGCTACACCTTCGGTTCG		1	0.03005711	53	TCRBV24	TCRBV24	unresolved			TCRBV24-01,TCRBV24-or09_02		TCRBD01-01*01	TCRBD01	TCRBD01-01	1.0				TCRBJ01-02*01	TCRBJ01	TCRBJ01-02	1.0				1	3	5	1	11	4	28	45	48	54	65	1	Out	VDJ							0.0
2708	AAGATCCAGCCCTCAGAACCCAGGGACTCAGCTGTGTACTTCTGTGCCAGCAGTTCCCGACGGAATCAGCCCCAGCATTTTGGTGAT	CASSSRRNQPQHF	1	0.03005711	39	TCRBV12	TCRBV12	unresolved			TCRBV12-03,TCRBV12-04		unresolved		unresolved		TCRBD01,TCRBD02	TCRBD01-01,TCRBD02-01		TCRBJ01-05*01	TCRBJ01	TCRBJ01-05	1.0				4	3	2	7	2	4	42	55	58	61	63	1	In	VDJ							0.0
2709	CTGGAGTTGGCTGCTCCCTCCCAGACATCTGTGTACTTCTGTGCCAGCAGTGCGACAGGGAGGGATCAGCCCCAGCATTTTGGTGAT	CASSATGRDQPQHF	1	0.03005711	42	TCRBV06-06	TCRBV06	TCRBV06-06				01,02	unresolved		unresolved		TCRBD01,TCRBD02	TCRBD01-01,TCRBD02-01		TCRBJ01-05*01	TCRBJ01	TCRBJ01-05	1.0				5	2	2	3	4	5	39	51	53	60	64	1	In	VDJ							0.0
2710	TCTAAGAAGCTCCTTCTCAGTGACTCTGGCTTCTATCTCTGTGCCTGGAGGACCGATCAGGACAGTCAGCCCCAGCATTTTGGTGAT	CAWRTDQDSQPQHF	1	0.03005711	42	TCRBV30-01*01	TCRBV30	TCRBV30-01	1.0				TCRBD01-01*01	TCRBD01	TCRBD01-01	1.0				TCRBJ01-05*01	TCRBJ01	TCRBJ01-05	1.0				3	9	1	5	0	6	39	50	59	-1	65	1	In	VDJ							0.0
2711	GGAGTCGGCTGCTCCCTCCCAAACATCTGTGTACTTCTGTGCCAGCACCTAAAGGGACAATCATGGGGTGAAGCTTTCTTTGGACAA		1	0.03005711	44	TCRBV06	TCRBV06	unresolved			TCRBV06-02,TCRBV06-03		TCRBD01-01*01	TCRBD01	TCRBD01-01	1.0				TCRBJ01-01*01	TCRBJ01	TCRBJ01-01	1.0				7	6	0	6	9	7	37	47	53	59	68	1	Out	VDJ							0.0
2712	AACATGAGCCCTGAAGACAGCAGCATATATCTCTGCAGCGTTTGGGCTAGCGGGGGGGCCGGGGCCCATACGCAGTATTTTGGCCCA	CSVWASGGAGAHTQYF	1	0.03005711	48	TCRBV29-01*01	TCRBV29	TCRBV29-01	1.0				TCRBD02-01*01	TCRBD02	TCRBD02-01	1.0				TCRBJ02-03*01	TCRBJ02	TCRBJ02-03	1.0				5	4	4	0	9	7	33	42	46	58	67	1	In	VDJ							0.0
2713	GTGCCCATCCTGAAGACAGCAGCTTCTACATCTGCAGTGCTAGAGAGCCGTCCAGGGTTCAACCAAGAGACCCAGTACTTCGGGCCA		1	0.03005711	49	TCRBV20	TCRBV20	unresolved			TCRBV20-01,TCRBV20-or09_02		TCRBD01-01*01	TCRBD01	TCRBD01-01	1.0				TCRBJ02-05*01	TCRBJ02	TCRBJ02-05	1.0				0	6	4	3	4	0	32	46	52	57	61	1	Out	VDJ							0.0
2714	GGGTTGGAGTCGGCTGCTCCCTCCCAAACATCTGTGTACTTCTGTGCCAGCTGTCAAGGGAAGGGGGTAGGAGGGTTCTTCGGGCCA	CASCQGKGVGGFF	1	0.03005711	39	TCRBV06	TCRBV06	unresolved			TCRBV06-02,TCRBV06-03		TCRBD01-01*01	TCRBD01	TCRBD01-01	1.0				TCRBJ02-01*01	TCRBJ02	TCRBJ02-01	1.0				8	10	5	1	7	15	42	51	61	67	74	1	In	VDJ							0.0
2715	ATCCAGCCCTCAGAACCCAGGGACTCAGCTGTGTACTTCTGTGCCAGCAGTTTCAACCGAATGAATTCACCCCTCCACTTTGGGAAC	CASSFNRMNSPLHF	1	0.03005711	42	TCRBV12	TCRBV12	unresolved			TCRBV12-03,TCRBV12-04		unresolved		unresolved		TCRBD01,TCRBD02	TCRBD01-01,TCRBD02-01		TCRBJ01-06*01	TCRBJ01	TCRBJ01-06	1.0				3	5	2	8	3	7	39	53	58	60	63	1	In	VDJ							0.0
2716	TTGGAGCTGGGGGACTCGGCCCTTTATCTTTGCGCCAGCAGCTCGCCACAGGGACTTACCGATAATTCACCCCTCCACTTTGGGAAC	CASSSPQGLTDNSPLHF	1	0.03005711	51	TCRBV05-01*01	TCRBV05	TCRBV05-01	1.0				unresolved		unresolved		TCRBD01,TCRBD02	TCRBD01-01,TCRBD02-01		TCRBJ01-06*01	TCRBJ01	TCRBJ01-06	1.0				3	4	3	3	8	5	30	43	47	53	61	1	In	VDJ							0.0
2717	CTGAGCTCTCTGGAGCTGGGGGACTCAGCTTTGTATTTCTGTGCCAGCAGCCAACAAGACATCTCCTACGAGCAGTACTTCGGGCCG	CASSQQDISYEQYF	1	0.03005711	42	TCRBV09-01	TCRBV09	TCRBV09-01				01,02	TCRBD01-01*01	TCRBD01	TCRBD01-01	1.0				TCRBJ02-07*01	TCRBJ02	TCRBJ02-07	1.0				4	6	2	6	1	0	39	51	57	61	62	1	In	VDJ							0.0
2718	AAGATCCGGTCCACAAAGCTGGAGGACTCAGCCATGTACTTCTGTGCCAGCAGTGACACCTCTAACTATGGCTACACCTTCGGTTCG	CASSDTSNYGYTF	1	0.03005711	39	TCRBV02-01*01	TCRBV02	TCRBV02-01	1.0				unresolved		unresolved		TCRBD01,TCRBD02	TCRBD01-01,TCRBD02-01		TCRBJ01-02*01	TCRBJ01	TCRBJ01-02	1.0				3	1	3	7	2	0	42	56	57	59	61	1	In	VDJ							0.0
2719	CTGGGGTTGGAGTCGGCTGCTCCCTCCCAAACATCTGTGTACTTCTGTGCCAGCAGGCAGGGTCCTCAGCCCCAGCATTTTGGTGAT	CASRQGPQPQHF	1	0.03005711	36	TCRBV06	TCRBV06	unresolved			TCRBV06-02,TCRBV06-03		TCRBD01-01*01	TCRBD01	TCRBD01-01	1.0				TCRBJ01-05*01	TCRBJ01	TCRBJ01-05	1.0				6	1	4	3	3	6	45	56	57	62	65	1	In	VDJ							0.0
2720	CAAGATCCAGCCTGCAGAGCTTGGGGACTCGGCCGTGTATCTCTGTGCCAGCACCTATGGGGGCACGGGGAGCTGTTTTTTGGAGAA		1	0.03005711	38	TCRBV11-03*01	TCRBV11	TCRBV11-03	1.0				TCRBD01-01*01	TCRBD01	TCRBD01-01	1.0				TCRBJ02-02*01	TCRBJ02	TCRBJ02-02	1.0				7	5	6	0	1	7	43	53	58	64	65	1	Out	VDJ							0.0
2721	CTGCAGCCAGAAGACTCGGCCCTGTATCTCTGCGCCAGCAGCCAAGATCTAAGAGCGGGGGCTCGGAATGAGCAGTTCTTCGGGCCA	CASSQDLRAGARNEQFF	1	0.03005711	51	TCRBV04-03*01	TCRBV04	TCRBV04-03	1.0				TCRBD02-01*01	TCRBD02	TCRBD02-01	1.0				TCRBJ02-01*01	TCRBJ02	TCRBJ02-01	1.0				0	6	6	2	5	7	30	47	53	61	66	1	In	VDJ							0.0
2722	TCGGCTGCTCCCTCCCAGACATCTGTGTACTTCTGTGCCAGCAGAGTACGGACAGGGATAGACAATTCACCCCTCCACTTTGGGAAC	CASRVRTGIDNSPLHF	1	0.03005711	48	TCRBV06	TCRBV06	unresolved			TCRBV06-01,TCRBV06-05		TCRBD01-01*01	TCRBD01	TCRBD01-01	1.0				TCRBJ01-06*01	TCRBJ01	TCRBJ01-06	1.0				6	5	1	3	6	7	33	44	49	57	63	1	In	VDJ							0.0
2723	CAGCCTGCAAAGCTTGAGGACTCGGCCGTGTATCTCTGTGCCAGCAGCACGCTGGACAATTATAATTCACCCCTCCACTTTGGGAAC	CASSTLDNYNSPLHF	1	0.03005711	45	TCRBV11-02*02	TCRBV11	TCRBV11-02	2.0				TCRBD01-01*01	TCRBD01	TCRBD01-01	1.0				TCRBJ01-06*01	TCRBJ01	TCRBJ01-06	1.0				5	5	1	6	2	4	36	48	53	58	60	1	In	VDJ							0.0
2724	AAGATCCAGCCTGCAAAGCTTGAGGACTCGGCCGTGTATCTCTGTGCCAGCAGCTTAGGGGGGGCAAACACCATATATTTTGGAGAG	CASSLGGANTIYF	1	0.03005711	39	TCRBV11-02*02	TCRBV11	TCRBV11-02	2.0				unresolved		unresolved		TCRBD01,TCRBD02	TCRBD01-01,TCRBD02-01		TCRBJ01-03*01	TCRBJ01	TCRBJ01-03	1.0				1	1	6	0	0	6	42	58	59	-1	65	1	In	VDJ							0.0
2725	AAGATCCAGCGCACACAGCAGGAGGACTCCGCCGTGTATCTCTGTGCCAGCAGCGCAGACAGCTCCTACGAGCAGTACTTCGGGCCG	CASSADSSYEQYF	1	0.03005711	39	TCRBV07-08*01	TCRBV07	TCRBV07-08	1.0				TCRBD01-01*01	TCRBD01	TCRBD01-01	1.0				TCRBJ02-07*01	TCRBJ02	TCRBJ02-07	1.0				5	3	2	5	0	0	42	54	57	-1	62	1	In	VDJ							0.0
2726	AGTGCCCATCCTGAAGACAGCAGCTTCTACATCTGCAGTGCTAGAGGGGACAGGGGGCTCGGGTCCTACGAGCAGTACTTCGGGCCG	CSARGDRGLGSYEQYF	1	0.03005711	48	TCRBV20	TCRBV20	unresolved			TCRBV20-01,TCRBV20-or09_02		TCRBD01-01*01	TCRBD01	TCRBD01-01	1.0				TCRBJ02-07*01	TCRBJ02	TCRBJ02-07	1.0				1	0	0	0	5	1	33	-1	46	58	63	1	In	VDJ							0.0
2727	ATCCGGTCCACAAAGCTGGAGGACTCAGCCATGTACTTCTGTGCCAGCAGTGAGGGGACTGGGGGCTACGAGCAGTACTTCGGGCCG	CASSEGTGGYEQYF	1	0.03005711	42	TCRBV02-01*01	TCRBV02	TCRBV02-01	1.0				TCRBD02-01	TCRBD02	TCRBD02-01				01,02	TCRBJ02-07*01	TCRBJ02	TCRBJ02-07	1.0				3	1	0	10	5	3	39	53	54	60	65	1	In	VDJ							0.0
2728	CACCTACACGCCCTGCAGCCAGAAGACTCAGCCCTGTATCTCTGCGCCAGCAGCCAGCAGGTGGGTCAGCCCCAGCATTTTGGTGAT	CASSQQVGQPQHF	1	0.03005711	39	TCRBV04-01*01	TCRBV04	TCRBV04-01	1.0				TCRBD01-01*01	TCRBD01	TCRBD01-01	1.0				TCRBJ01-05*01	TCRBJ01	TCRBJ01-05	1.0				3	1	4	4	4	6	42	56	57	61	65	1	In	VDJ							0.0
2729	ACAGTGACCAGTGCCCATCCTGAAGACAGCAGCTTCTACATCTGCAGTGCTGAAACAGGGGCCCGTGAGACCCAGTACTTCGGGCCA	CSAETGARETQYF	1	0.03005711	39	TCRBV20	TCRBV20	unresolved			TCRBV20-01,TCRBV20-or09_02		TCRBD01-01*01	TCRBD01	TCRBD01-01	1.0				TCRBJ02-05*01	TCRBJ02	TCRBJ02-05	1.0				5	3	3	2	5	5	42	51	54	61	66	1	In	VDJ							0.0
2730	CTGATTCTGGAGTCCGCCAGCACCAACCAGACATCTATGTACCTCTGTGCCAGCAGTTCCGCGAGGACACCCCTCCACTTTGGGAAC	CASSSARTPLHF	1	0.03005711	36	TCRBV28-01*01	TCRBV28	TCRBV28-01	1.0				TCRBD02-01*02	TCRBD02	TCRBD02-01	2.0				TCRBJ01-06*01	TCRBJ01	TCRBJ01-06	1.0				4	4	11	1	1	11	45	58	62	66	67	1	In	VDJ							0.0
2731	TTCCCCTGACCCTGGAGTCTGCCAGGCCCTCACATACCTCTCAGTACCTCTGTGCCAGCAGTGGGGGGCAGGGGCTCTTTTGGGAAC		1	0.03005711	31	TCRBV25-01*01	TCRBV25	TCRBV25-01	1.0				TCRBD01-01*01	TCRBD01	TCRBD01-01	1.0				TCRBJ01-06*01	TCRBJ01	TCRBJ01-06	1.0				4	5	4	2	4	22	50	63	68	74	78	1	Out	VDJ							0.0
2732	CTACACACCCTGCAGCCAGAAGACTCGGCCCTGTATCTCTGTGCCAGCAGCCAAGCCGACAGGGTTGGAGAGCAGTACTTCGGGCCG	CASSQADRVGEQYF	1	0.03005711	42	TCRBV04-02*01	TCRBV04	TCRBV04-02	1.0				TCRBD01-01*01	TCRBD01	TCRBD01-01	1.0				TCRBJ02-07*01	TCRBJ02	TCRBJ02-07	1.0				1	2	2	3	5	7	39	55	57	64	69	1	In	VDJ							0.0
2733	AGCACCAACCAGACATCTATGTACCTCTGTGCCAGCAGTACTAATCAGGGGGCGCTCGGAACCCTTTACGAGCAGTACTTCGGGCCG	CASSTNQGALGTLYEQYF	1	0.03005711	54	TCRBV28-01*01	TCRBV28	TCRBV28-01	1.0				TCRBD01-01*01	TCRBD01	TCRBD01-01	1.0				TCRBJ02-07*01	TCRBJ02	TCRBJ02-07	1.0				5	6	4	0	13	4	27	39	45	53	66	1	In	VDJ							0.0
2734	GTGAACGCCTTGTTGCTGGGGGACTCGGCCCTCTATCTCTGTGCCAGCAGCTTGTGGGGGGGGCCTGGGGAGCAGTACTTCGGGCCG	CASSLWGGPGEQYF	1	0.03005711	42	TCRBV05-06*01	TCRBV05	TCRBV05-06	1.0				TCRBD02-01*01	TCRBD02	TCRBD02-01	1.0				TCRBJ02-07*01	TCRBJ02	TCRBJ02-07	1.0				1	1	9	0	7	7	39	54	55	62	69	1	In	VDJ							0.0
2735	TCCACAAAGCTGGAGGACTCAGCCATGTACTTCTGTGCCAGCAGGGGAGGACAGGGGCCGACCAGTTCGAAAGCTTTCTTTGGACAA	CASRGGQGPTSSKAFF	1	0.03005711	48	TCRBV02-01*01	TCRBV02	TCRBV02-01	1.0				TCRBD01-01*01	TCRBD01	TCRBD01-01	1.0				TCRBJ01-01*01	TCRBJ01	TCRBJ01-01	1.0				6	4	1	2	13	9	33	44	48	57	70	1	In	VDJ							0.0
2736	AGGCTGGAGTTGGCTGCTCCCTCCCAGACATCTGTGTACTTCTGTGCCAGCAGTGACAGCCCGAACACTGAAGCTTTCTTTGGACAA	CASSDSPNTEAFF	1	0.03005711	39	TCRBV06-06	TCRBV06	TCRBV06-06				01,02	TCRBD01-01*01	TCRBD01	TCRBD01-01	1.0				TCRBJ01-01*01	TCRBJ01	TCRBJ01-01	1.0				5	0	2	5	3	1	42	-1	54	59	62	1	In	VDJ							0.0
2737	GCTGTCGGCTGCTCCCTCCCAGACATCTGTGTACTTCTGTGCCAGCAGCACCAGGGGGCTTCTGGAAACACCATATATTTTGGAGAG		1	0.03005711	44	TCRBV06-05*01	TCRBV06	TCRBV06-05	1.0				TCRBD01-01*01	TCRBD01	TCRBD01-01	1.0				TCRBJ01-03*01	TCRBJ01	TCRBJ01-03	1.0				6	3	4	0	1	1	37	48	51	59	60	1	Out	VDJ							0.0
2738	TCCAGCCTGCAGAGCTTGGGGACTCGGCCGTGTATCTCTGTGCCAGCAGCTTACCCCACACTTAACTATGGCTACACCTTCGGTTCG		1	0.03005711	43	TCRBV11-03*01	TCRBV11	TCRBV11-03	1.0				unresolved		unresolved		TCRBD01,TCRBD02	TCRBD01-01,TCRBD02-01		TCRBJ01-02*01	TCRBJ01	TCRBJ01-02	1.0				2	4	3	6	2	1	38	53	57	60	62	1	Out	VDJ							0.0
2739	AAGATCCAGCCCTCAGAACCCAGGGACTCAGCTGTGTACTTCTGTGCCAGCACCCGACAGGGAAGTGAAAAACTGTTTTTTGGCAGT	CASTRQGSEKLFF	1	0.03005711	39	TCRBV12	TCRBV12	unresolved			TCRBV12-03,TCRBV12-04		TCRBD01-01*01	TCRBD01	TCRBD01-01	1.0				TCRBJ01-04*01	TCRBJ01	TCRBJ01-04	1.0				7	3	2	3	3	7	42	52	55	62	65	1	In	VDJ							0.0
2740	CTGACAGTGACCAGTGCCCATCCTGAAGACAGCAGCTTCTACATCTGCAGTGCCGGAGTCTGGGGGACTGAAGCTTTCTTTGGACAA	CSAGVWGTEAFF	1	0.03005711	36	TCRBV20	TCRBV20	unresolved			TCRBV20-01,TCRBV20-or09_02		unresolved		unresolved		TCRBD01,TCRBD02	TCRBD01-01,TCRBD02-01		TCRBJ01-01*01	TCRBJ01	TCRBJ01-01	1.0				6	8	6	1	0	5	45	53	61	-1	66	1	In	VDJ							0.0
2741	TCGGCTGCTCCCTCCCAGACATCTGTGTACTTCTGTGCCAGCAGTTACCCCCAATCAGGGAGCGAAGAGACCCAGTACTTCGGGCCA	CASSYPQSGSEETQYF	1	0.03005711	48	TCRBV06-05*01	TCRBV06	TCRBV06-05	1.0				unresolved		unresolved		TCRBD01,TCRBD02	TCRBD01-01,TCRBD02-01		TCRBJ02-05*01	TCRBJ02	TCRBJ02-05	1.0				2	7	4	3	4	3	33	48	55	60	64	1	In	VDJ							0.0
2742	CTGAGTTCTAAGAAGCTCCTTCTCAGTGACTCTGGCTTCTATCTCTGTGCCTGGAGTCCTCGGACGGAGACCCAGTACTTCGGGCCA	CAWSPRTETQYF	1	0.03005711	36	TCRBV30-01*01	TCRBV30	TCRBV30-01	1.0				unresolved		unresolved		TCRBD01,TCRBD02	TCRBD01-01,TCRBD02-01		TCRBJ02-05*01	TCRBJ02	TCRBJ02-05	1.0				2	4	1	7	1	5	45	57	61	65	66	1	In	VDJ							0.0
2743	TCTAAGAAGCTCCTTCTCAGTGACTCTGGCTTCTATCTCTGTGCCTGGAGACCCCTGAGCTCCTACAATGAGCAGTTCTTCGGGCCA	CAWRPLSSYNEQFF	1	0.03005711	42	TCRBV30-01*01	TCRBV30	TCRBV30-01	1.0				TCRBD02-01*02	TCRBD02	TCRBD02-01	2.0				TCRBJ02-01*01	TCRBJ02	TCRBJ02-01	1.0				3	6	11	2	0	0	39	50	56	-1	59	1	In	VDJ							0.0
2744	CCTGTCCCTAGAGTCTGCCATCCCCAACCAGACAGCTCTTTACTTCTGTGCCACCAGAACTCTGGAAACACCATATATTTTGGAGAG		1	0.03005711	35	TCRBV24	TCRBV24	unresolved			TCRBV24-01,TCRBV24-or09_02		unresolved		unresolved					TCRBJ01-03*01	TCRBJ01	TCRBJ01-03	1.0				7	0	0	0	2	0	46	-1	-1	57	59	1	Out	VJ							0.0
2745	TCGCTCAGGCTGGAGTCGGCTGCTCCCTCCCAGACATCTGTGTACTTCTGTGCCAGCGACAAATCCTACGAGCAGTACTTCGGGCCG	CASDKSYEQYF	1	0.03005711	33	TCRBV06-01*01	TCRBV06	TCRBV06-01	1.0				TCRBD01-01*01	TCRBD01	TCRBD01-01	1.0				TCRBJ02-07*01	TCRBJ02	TCRBJ02-07	1.0				8	0	2	6	2	1	48	-1	57	61	63	1	In	VDJ							0.0
2746	CAGCCTGCAGAGCTTGGGGACTCGGCCGTGTATCTCTGTGCCAGCATCCTACAGCGATGAGACTCCTACGAGCAGTACTTCGGGCCG	CASILQR*DSYEQYF	1	0.03005711	45	TCRBV11-03*01	TCRBV11	TCRBV11-03	1.0				unresolved		unresolved		TCRBD01,TCRBD02	TCRBD01-01,TCRBD02-01		TCRBJ02-07*01	TCRBJ02	TCRBJ02-07	1.0				7	4	3	5	8	0	36	46	50	54	62	1	Stop	VDJ							0.0
2747	CTCAACTCTGACTGTGAGCAACATGAGCCCTGAAGACAGCAGCATATATCTCTGCAGCGTGGGGGGGAGACCCAGTACTTCGGGCCA		1	0.03005711	29	TCRBV29-01*01	TCRBV29	TCRBV29-01	1.0				TCRBD02-01*01	TCRBD02	TCRBD02-01	1.0				TCRBJ02-05*01	TCRBJ02	TCRBJ02-05	1.0				6	0	9	1	0	5	52	-1	60	-1	66	1	Out	VDJ							0.0
2748	GTCCGCTACCAGCTCCCAGACATCTGTGTACTTCTGTGCCATCAGTTGGACAGGGCCTAAGCTAACTATGGCTACACCTTCGGTTCG		1	0.03005711	47	TCRBV10-03*01	TCRBV10	TCRBV10-03	1.0				TCRBD01-01*01	TCRBD01	TCRBD01-01	1.0				TCRBJ01-02*01	TCRBJ01	TCRBJ01-02	1.0				5	1	1	3	6	0	34	46	47	55	61	1	Out	VDJ							0.0
2749	AGCACCTTGGAGCTGGGGGACTCGGCCCTTTATCTTTGCGCCAGCAGCATGGGCAGGGGTTTTATAGGTGGCTACACCTTCGGTTCG	CASSMGRGFIGGYTF	1	0.03005711	45	TCRBV05-01*01	TCRBV05	TCRBV05-01	1.0				TCRBD01-01*01	TCRBD01	TCRBD01-01	1.0				TCRBJ01-02*01	TCRBJ01	TCRBJ01-02	1.0				0	1	4	2	9	7	36	52	53	59	68	1	In	VDJ							0.0
2750	CTGAGTTCTAAGAAGCTCCTTCTCAGTGACTCTGGCTTCTATCTCTGTGCCTCTTCCAGGGGCGGGCAGCCCCAGCATTTTGGTGAT	CASSRGGQPQHF	1	0.03005711	36	TCRBV30-01*01	TCRBV30	TCRBV30-01	1.0				TCRBD01-01*01	TCRBD01	TCRBD01-01	1.0				TCRBJ01-05*01	TCRBJ01	TCRBJ01-05	1.0				7	4	4	2	4	7	45	52	56	62	66	1	In	VDJ							0.0
2751	AAGATCCAGCGCACAGAGCAGGGGGACTCAGCTGTGTATCTCTGTGCCAGCAGCAAGACAGGAAATCAGCCCCAGCATTTTGGTGAT	CASSKTGNQPQHF	1	0.03005711	39	TCRBV07-04*01	TCRBV07	TCRBV07-04	1.0				TCRBD01-01*01	TCRBD01	TCRBD01-01	1.0				TCRBJ01-05*01	TCRBJ01	TCRBJ01-05	1.0				5	2	2	4	1	4	42	54	56	62	63	1	In	VDJ							0.0
2752	CAGCCCTCAGAACCCAGGGACTCAGCTGTGTACTTCTGTGCCAGCAGTTGGGGGCAGCTTAGCAATCAGCCCCAGCATTTTGGTGAT	CASSWGQLSNQPQHF	1	0.03005711	45	TCRBV12	TCRBV12	unresolved			TCRBV12-03,TCRBV12-04		TCRBD01-01*01	TCRBD01	TCRBD01-01	1.0				TCRBJ01-05*01	TCRBJ01	TCRBJ01-05	1.0				4	0	6	0	4	0	36	-1	49	55	59	1	In	VDJ							0.0
2753	CTACACACCCTGCAGCCAGAAGACTCGGCCCTGTATCTCTGCGCCAGCACCCGGACAGGGGTAAATGAAAAACTGTTTTTTGGCAGT	CASTRTGVNEKLFF	1	0.03005711	42	TCRBV04-03*01	TCRBV04	TCRBV04-03	1.0				TCRBD01-01*01	TCRBD01	TCRBD01-01	1.0				TCRBJ01-04*01	TCRBJ01	TCRBJ01-04	1.0				7	3	1	2	2	5	39	49	52	61	63	1	In	VDJ							0.0
2754	AAGCTCCTTCTCAGTGACTCTGGCTTCTATCTCTGTGCCTGGAGCCCAAAGCTGACAGGGGGAGGTGAAAAACTGTTTTTTGGCAGT	CAWSPKLTGGGEKLFF	1	0.03005711	48	TCRBV30-01*01	TCRBV30	TCRBV30-01	1.0				TCRBD01-01*01	TCRBD01	TCRBD01-01	1.0				TCRBJ01-04*01	TCRBJ01	TCRBJ01-04	1.0				3	9	2	1	3	7	33	44	53	62	65	1	In	VDJ							0.0
2755	ATCCAGCCTGCAGAGCTTGGGGACTCGGCCATGTATCTCTGTGCCAGCACCCTTGAGACTGCGGCGGATGAAGCTTTCTTTGGACAA	CASTLETAADEAFF	1	0.03005711	42	TCRBV11-01*01	TCRBV11	TCRBV11-01	1.0				TCRBD02-01	TCRBD02	TCRBD02-01				01,02	TCRBJ01-01*01	TCRBJ01	TCRBJ01-01	1.0				7	7	2	10	8	7	39	49	56	60	68	1	In	VDJ							0.0
2756	CTGTCGGCTGCTCCCTCCCAGACATCTGTGTACTTCTGTGCCAGCAGTTACGGGAGGCGTACGACCTACGAGCAGTACTTCGGGCCG	CASSYGRRTTYEQYF	1	0.03005711	45	TCRBV06-05*01	TCRBV06	TCRBV06-05	1.0				TCRBD02-01*02	TCRBD02	TCRBD02-01	2.0				TCRBJ02-07*01	TCRBJ02	TCRBJ02-07	1.0				2	0	9	1	7	2	36	-1	51	57	64	1	In	VDJ							0.0
2757	GCCATCCCCAACCAGACAGCTCTTTACTTCTGTGCCACCAGTGAAGCCTGGGTCTGACAGGTCCAAGGCGAGCAGTACTTCGGGCCG	CATSEAWV*QVQGEQYF	1	0.03005711	51	TCRBV24	TCRBV24	unresolved			TCRBV24-01,TCRBV24-or09_02		TCRBD01-01*01	TCRBD01	TCRBD01-01	1.0				TCRBJ02-07*01	TCRBJ02	TCRBJ02-07	1.0				4	11	2	4	7	6	30	44	55	61	68	1	Stop	VDJ							0.0
2758	CAGCCCTCAGAACCCAGGGACTCAGCTGTGTACTTCTGTGCCAGCAGTACTAAACAGGGGATCAACTATGGCTACACCTTCGGTTCG	CASSTKQGINYGYTF	1	0.03005711	45	TCRBV12	TCRBV12	unresolved			TCRBV12-03,TCRBV12-04		TCRBD01-01*01	TCRBD01	TCRBD01-01	1.0				TCRBJ01-02*01	TCRBJ01	TCRBJ01-02	1.0				5	5	3	2	3	2	36	48	53	60	63	1	In	VDJ							0.0
2759	GCTGCTCCCTCCCAGACATCTGTGTACTTCTGTGCCAGCAGTTACTCGAAATCTGGGCCGATGACCGGTGGCTACACCTTCGGTTCG	CASSYSKSGPMTGGYTF	1	0.03005711	51	TCRBV06	TCRBV06	unresolved			TCRBV06-05,TCRBV06-06		TCRBD01-01*01	TCRBD01	TCRBD01-01	1.0				TCRBJ01-02*01	TCRBJ01	TCRBJ01-02	1.0				0	7	8	0	10	7	30	47	54	58	68	1	In	VDJ							0.0
2760	CCTGCAGCCAGAAGACTCGGCCCTGTATCTCTGCGCCAGCACCTAGCCAAGAGACACTGGAGCAATCAGCCCCAGCATTTTGGTGAT		1	0.03005711	50	TCRBV04-03*01	TCRBV04	TCRBV04-03	1.0				TCRBD02-01	TCRBD02	TCRBD02-01				01,02	TCRBJ01-05*01	TCRBJ01	TCRBJ01-05	1.0				7	1	4	7	13	1	31	41	42	47	60	1	Out	VDJ							0.0
2761	GATCCAGCCTGCAGAGCTTGGGGACTCGGCCGTGTATCTCTGTGCCAGCAGCCCAACGGAGGATTGGGAAAACTGTTTTTTGGCAGT		1	0.03005711	41	TCRBV11-03*01	TCRBV11	TCRBV11-03	1.0				TCRBD02-01*02	TCRBD02	TCRBD02-01	2.0				TCRBJ01-04*01	TCRBJ01	TCRBJ01-04	1.0				5	5	10	1	6	10	40	52	57	62	68	1	Out	VDJ							0.0
2762	ACTGTGAGCAACATGAGCCCTGAAGACAGCAGCATATATCTCTGCAGCGTTGCACAGGGAAAGGGGGCTGAAGCTTTCTTTGGACAA	CSVAQGKGAEAFF	1	0.03005711	39	TCRBV29-01*01	TCRBV29	TCRBV29-01	1.0				TCRBD01-01*01	TCRBD01	TCRBD01-01	1.0				TCRBJ01-01*01	TCRBJ01	TCRBJ01-01	1.0				4	1	3	3	8	6	42	52	53	59	67	1	In	VDJ							0.0
2763	TTGGAGTCGGCTGCTCCCTCCCAAACATCTGTGTACTTCTGTGCCAGCAGTTACCTAGGGGAGACCGGGGAGCTGTTTTTTGGAGAA	CASSYLGETGELFF	1	0.03005711	42	TCRBV06	TCRBV06	unresolved			TCRBV06-02,TCRBV06-03		unresolved		unresolved		TCRBD01,TCRBD02	TCRBD01-01,TCRBD02-01		TCRBJ02-02*01	TCRBJ02	TCRBJ02-02	1.0				2	2	5	2	2	5	39	54	56	61	63	1	In	VDJ							0.0
2764	AGCAACATGAGCCCTGAAGACAGCAGCATATATCTCTGCAGCGTTGACTCCGGGACAGGGTTGATGAATGAGCAGTTCTTCGGGCCA	CSVDSGTGLMNEQFF	1	0.03005711	45	TCRBV29-01*01	TCRBV29	TCRBV29-01	1.0				TCRBD01-01*01	TCRBD01	TCRBD01-01	1.0				TCRBJ02-01*01	TCRBJ02	TCRBJ02-01	1.0				3	4	0	3	6	7	36	47	51	60	66	1	In	VDJ							0.0
2765	AATGTGAGCACCTTGGAGCTGGGGGACTCGGCCCTTTATCTTTGCGCCACCAAGCGGGACAGGGACTACGAGCAGTACTTCGGGCCG	CATKRDRDYEQYF	1	0.03005711	39	TCRBV05-01*01	TCRBV05	TCRBV05-01	1.0				TCRBD01-01*01	TCRBD01	TCRBD01-01	1.0				TCRBJ02-07*01	TCRBJ02	TCRBJ02-07	1.0				9	6	0	3	1	3	42	49	55	64	65	1	In	VDJ							0.0
2766	CGGTCCACAAAGCTGGAGGACTCAGCCATGTACTTCTGTGCCAGCAGACCAGACAGCAAAAGCTCCTACGAGCAGTACTTCGGGCCG	CASRPDSKSSYEQYF	1	0.03005711	45	TCRBV02-01*01	TCRBV02	TCRBV02-01	1.0				TCRBD01-01*01	TCRBD01	TCRBD01-01	1.0				TCRBJ02-07*01	TCRBJ02	TCRBJ02-07	1.0				6	4	2	5	6	0	36	47	51	56	62	1	In	VDJ							0.0
2767	CTACACACCCTGCAGCCAGAAGACTCGGCCCTGTATCTCTGCGCCAGCAGCCAGGGACGGGACAATCAGCCCCAGCATTTTGGTGAT	CASSQGRDNQPQHF	1	0.03005711	42	TCRBV04-03*01	TCRBV04	TCRBV04-03	1.0				unresolved		unresolved		TCRBD01,TCRBD02	TCRBD01-01,TCRBD02-01		TCRBJ01-05*01	TCRBJ01	TCRBJ01-05	1.0				3	0	0	7	4	3	39	-1	53	58	62	1	In	VDJ							0.0
2768	CGGCTGCTCCCTCCCAAACATCTGTGTACTTCTGTGCCAGCAGCAGATCCCGGGACAGGTTCTAATCAGCCCCAGCATTTTGGTGAT		1	0.03005711	49	TCRBV06	TCRBV06	unresolved			TCRBV06-02,TCRBV06-03		TCRBD01-01*01	TCRBD01	TCRBD01-01	1.0				TCRBJ01-05*01	TCRBJ01	TCRBJ01-05	1.0				6	8	0	4	4	4	32	43	51	59	63	1	Out	VDJ							0.0
2769	AAGCTCCTTCTCAGTGACTCTGGCTTCTATCTCTGTGCCTGGAGCCCTATGCGGGGAGGGGTTTCAGATACGCAGTATTTTGGCCCA	CAWSPMRGGVSDTQYF	1	0.03005711	48	TCRBV30-01*01	TCRBV30	TCRBV30-01	1.0				TCRBD02-01*02	TCRBD02	TCRBD02-01	2.0				TCRBJ02-03*01	TCRBJ02	TCRBJ02-03	1.0				3	9	9	0	4	4	33	44	53	60	64	1	In	VDJ							0.0
2770	ATCCAGCCTGCAAAGCTTGAGGACTCGGCCGTGTATCTCTGTGCCAGCAGCTCAAGACAGCTGCAAGAGACCCAGTACTTCGGGCCA	CASSSRQLQETQYF	1	0.03005711	42	TCRBV11-02*02	TCRBV11	TCRBV11-02	2.0				TCRBD01-01*01	TCRBD01	TCRBD01-01	1.0				TCRBJ02-05*01	TCRBJ02	TCRBJ02-05	1.0				4	3	2	5	3	2	39	52	55	60	63	1	In	VDJ							0.0
2771	ACCCTGGAGTCTGCCAGGCCCTCACATACCTCTCAGTACCTCTGTGCCAGCAGTGTAGACAAGGATTCACCCCTCCACTTTGGGAAC	CASSVDKDSPLHF	1	0.03005711	39	TCRBV25-01*01	TCRBV25	TCRBV25-01	1.0				TCRBD01-01*01	TCRBD01	TCRBD01-01	1.0				TCRBJ01-06*01	TCRBJ01	TCRBJ01-06	1.0				4	2	2	6	3	8	42	55	57	61	64	1	In	VDJ							0.0
2772	GTCGCACTGCAGCAAGAAGACTCAGCTGCGTATCTCTGCACCAGCAGTGGGGCACAAAGTCGGGCCAACGTCCTGACTTTCGGGGCC	CTSSGAQSRANVLTF	1	0.03005711	45	TCRBV01-01*01	TCRBV01	TCRBV01-01	1.0				TCRBD01-01*01	TCRBD01	TCRBD01-01	1.0				TCRBJ02-06*01	TCRBJ02	TCRBJ02-06	1.0				6	1	7	0	8	5	36	47	48	53	61	1	In	VDJ							0.0
2773	GTGAACGCCTTGTTGCTGGGGGACTCGGCCCTCTATCTCTGTGCCAGCAGCTTGGCCGGAGGCGGCTACGAGCAGTACTTCGGGCCG	CASSLAGGGYEQYF	1	0.03005711	42	TCRBV05-06*01	TCRBV05	TCRBV05-06	1.0				TCRBD02-01*02	TCRBD02	TCRBD02-01	2.0				TCRBJ02-07*01	TCRBJ02	TCRBJ02-07	1.0				0	2	10	1	3	3	39	55	57	62	65	1	In	VDJ							0.0
2774	CGGTCCACAAAGCTGGAGGACTCAGCCATGTACTTCTGTGCCAGCAGTGATGCTGCAATCCCTAACTATGGCTACACCTTCGGTTCG	CASSDAAIPNYGYTF	1	0.03005711	45	TCRBV02-01*01	TCRBV02	TCRBV02-01	1.0				unresolved		unresolved		TCRBD01,TCRBD02	TCRBD01-01,TCRBD02-01		TCRBJ01-02*01	TCRBJ01	TCRBJ01-02	1.0				3	5	4	6	4	0	36	50	55	57	61	1	In	VDJ							0.0
2775	ACAGTGACCAGTGCCCATCCTGAAGACAGCAGCTTCTACATCTGCAGTGCTAGGGGGGACTCGGACTATGGCTACACCTTCGGTTCG	CSARGDSDYGYTF	1	0.03005711	39	TCRBV20	TCRBV20	unresolved			TCRBV20-01,TCRBV20-or09_02		TCRBD02-01	TCRBD02	TCRBD02-01				01,02	TCRBJ01-02*01	TCRBJ01	TCRBJ01-02	1.0				3	2	0	10	3	3	42	53	55	61	64	1	In	VDJ							0.0
2776	TCCCTCCCAGACATCTGTGTACTTCTGTGCCAGCAGTTACTGGACGGGGGACACCCCGAGGGGGATTATGGCTACACCTTCGGTTCG		1	0.03005711	56	TCRBV06	TCRBV06	unresolved			TCRBV06-05,TCRBV06-06		unresolved		unresolved		TCRBD01,TCRBD02	TCRBD01-01,TCRBD02-01		TCRBJ01-02*01	TCRBJ01	TCRBJ01-02	1.0				1	6	0	6	13	5	25	41	47	53	66	1	Out	VDJ							0.0
2777	CTCAAGATCCAGCCTGCAGAGCTTGGGGACTCGGCCGTGTATCTCTGTGCCAGCAGCTTAGTACACTCTGGCTACACCTTCGGTTCG	CASSLVHSGYTF	1	0.03005711	36	TCRBV11-03*01	TCRBV11	TCRBV11-03	1.0				unresolved		unresolved		TCRBD01,TCRBD02	TCRBD01-01,TCRBD02-01		TCRBJ01-02*01	TCRBJ01	TCRBJ01-02	1.0				1	1	3	6	3	7	45	61	62	65	68	1	In	VDJ							0.0
2778	GCCAGAAGACTCAGCCCTGTATCTCTGCGCCAGCAGCCAAGATTTTGCCTAGCGGGGACCCGCACAGATACGCAGTATTTTGGCCCA		1	0.03005711	56	TCRBV04-01*01	TCRBV04	TCRBV04-01	1.0				TCRBD02-01*01	TCRBD02	TCRBD02-01	1.0				TCRBJ02-03*01	TCRBJ02	TCRBJ02-03	1.0				0	6	4	3	4	1	25	42	48	57	61	1	Out	VDJ							0.0
2779	ACTGTGAGCAACATGAGCCCTGAAGACAGCAGCATATATCTCTGCAGCGTTGAGGTGGAACTGGGATATGAGCAGTTCTTCGGGCCA	CSVEVELGYEQFF	1	0.03005711	39	TCRBV29-01*01	TCRBV29	TCRBV29-01	1.0				unresolved		unresolved		TCRBD01,TCRBD02	TCRBD01-01,TCRBD02-01		TCRBJ02-01*01	TCRBJ02	TCRBJ02-01	1.0				3	9	0	8	1	8	42	53	62	66	67	1	In	VDJ							0.0
2780	CTCACTCTGGAGTCAGCTACCCGCTCCCAGACATCTGTGTATTTCTGCGCCAGCACTACGAACCTGGACGAGCAGTACTTCGGGCCG	CASTTNLDEQYF	1	0.03005711	36	TCRBV10-02*01	TCRBV10	TCRBV10-02	1.0				TCRBD02-01	TCRBD02	TCRBD02-01				01,02	TCRBJ02-07*01	TCRBJ02	TCRBJ02-07	1.0				7	0	4	9	9	5	45	-1	55	58	67	1	In	VDJ							0.0
2781	CGGCTGCTCCCTCCCAGACATCTGTGTACTTCTGTGCCAGCAGTTACCCTGTGAGAGGGGCACTTCTACGAGCAGTACTTCGGGCCG		1	0.03005711	49	TCRBV06-05*01	TCRBV06	TCRBV06-05	1.0				unresolved		unresolved		TCRBD01,TCRBD02	TCRBD01-01,TCRBD02-01		TCRBJ02-07*01	TCRBJ02	TCRBJ02-07	1.0				2	8	5	2	5	3	32	47	55	60	65	1	Out	VDJ							0.0
2782	CAACATGAGCCCTGAAGACAGCAGCATATATCTCTGCAGCGTTAGTCCTTCGGTTTCGACGAAAACTATGGCTACACCTTCGGTTCG		1	0.03005711	47	TCRBV29-01*01	TCRBV29	TCRBV29-01	1.0				unresolved		unresolved		TCRBD01,TCRBD02	TCRBD01-01,TCRBD02-01		TCRBJ01-02*01	TCRBJ01	TCRBJ01-02	1.0				5	14	2	7	3	2	34	43	57	60	63	1	Out	VDJ							0.0
2783	TCGGCTGCTCCCTCCCAAACATCTGTGTACTTCTGTGCCAGCAGTGCTGGGACAGGTTATAGCAATCAGCCCCAGCATTTTGGTGAT	CASSAGTGYSNQPQHF	1	0.03005711	48	TCRBV06	TCRBV06	unresolved			TCRBV06-02,TCRBV06-03		TCRBD01-01*01	TCRBD01	TCRBD01-01	1.0				TCRBJ01-05*01	TCRBJ01	TCRBJ01-05	1.0				5	3	0	4	3	0	33	45	48	56	59	1	In	VDJ							0.0
2784	AATGTGAACGCCTTGTTGCTGGGGGACTCGGCCCTCTATCTCTGTGCCAGCAGCTTGGCTAGTCCAGATACGCAGTATTTTGGCCCA	CASSLASPDTQYF	1	0.03005711	39	TCRBV05-06*01	TCRBV05	TCRBV05-06	1.0				TCRBD02-01	TCRBD02	TCRBD02-01				01,02	TCRBJ02-03*01	TCRBJ02	TCRBJ02-03	1.0				0	0	4	8	2	4	42	-1	58	62	64	1	In	VDJ							0.0
2785	CACCTACACACCCTGCAGCCAGAAGACTCGGCCCTGTATCTCTGCGCCAGCAGCCAAGTAGTGGGACTAGCGCAGTATTTTGGCCCA	CASSQVVGLAQYF	1	0.03005711	39	TCRBV04-03*01	TCRBV04	TCRBV04-03	1.0				TCRBD02-01	TCRBD02	TCRBD02-01				01,02	TCRBJ02-03*01	TCRBJ02	TCRBJ02-03	1.0				1	4	0	8	0	10	42	58	62	-1	70	1	In	VDJ							0.0
2786	GTGACCAGTGCCCATCCTGAAGACAGCAGCTTCTACATCTGCAGTGCAAACGGACACCTGGTTGCCTACGAGCAGTACTTCGGGCCG	CSANGHLVAYEQYF	1	0.03005711	42	TCRBV20	TCRBV20	unresolved			TCRBV20-01,TCRBV20-or09_02		TCRBD01-01*01	TCRBD01	TCRBD01-01	1.0				TCRBJ02-07*01	TCRBJ02	TCRBJ02-07	1.0				6	4	1	6	8	2	39	47	51	56	64	1	In	VDJ							0.0
2787	CTCAAGATCCAGCCTGCAAAGCTTGAGGACTCGGCCGTGTATCTCTGTGCCAGCAGCTTAGAAGGACAGGGCTACACCTTCGGTTCG	CASSLEGQGYTF	1	0.03005711	36	TCRBV11-02*02	TCRBV11	TCRBV11-02	2.0				TCRBD01-01*01	TCRBD01	TCRBD01-01	1.0				TCRBJ01-02*01	TCRBJ01	TCRBJ01-02	1.0				0	1	1	5	0	8	45	62	63	-1	69	1	In	VDJ							0.0
2788	CGGTCCACAAAGCTGGAGGACTCAGCCATGTACTTCTGTGCCAGCCCCGAGGAGATACAGGTGGCCGATGGCTACACCTTCGGTTCG	CASPEEIQVADGYTF	1	0.03005711	45	TCRBV02-01*01	TCRBV02	TCRBV02-01	1.0				TCRBD01-01*01	TCRBD01	TCRBD01-01	1.0				TCRBJ01-02*01	TCRBJ01	TCRBJ01-02	1.0				8	11	3	4	6	6	36	45	56	61	67	1	In	VDJ							0.0
2789	TCCACAAAGCTGGAGGACTCAGCCATGTACTTCTGTGCCAGCAGTGAGCTGGGACAGGGAGAGGATCAGCCCCAGCATTTTGGTGAT	CASSELGQGEDQPQHF	1	0.03005711	48	TCRBV02-01*01	TCRBV02	TCRBV02-01	1.0				TCRBD01-01*01	TCRBD01	TCRBD01-01	1.0				TCRBJ01-05*01	TCRBJ01	TCRBJ01-05	1.0				3	3	0	3	5	5	33	47	50	59	64	1	In	VDJ							0.0
2790	TGCCATCCCCAACCAGACAGCTCTTTACTTCTGTGCCACCACCAGTTTACAGGGGTAACTGGGGCCAACGTCCTGACTTTCGGGGCC		1	0.03005711	50	TCRBV24	TCRBV24	unresolved			TCRBV24-01,TCRBV24-or09_02		TCRBD01-01*01	TCRBD01	TCRBD01-01	1.0				TCRBJ02-06*01	TCRBJ02	TCRBJ02-06	1.0				8	7	3	2	3	2	31	41	48	55	58	1	Out	VDJ							0.0
2791	TCAGCTACCCGCTCCCAGACATCTGTGTATTTCTGCGCCAGCAGTGAGTCGATAGGTATCGGAACTCAGCCCCAGCATTTTGGTGAT	CASSESIGIGTQPQHF	1	0.03005711	48	TCRBV10-02*01	TCRBV10	TCRBV10-02	1.0				unresolved		unresolved		TCRBD01,TCRBD02	TCRBD01-01,TCRBD02-01		TCRBJ01-05*01	TCRBJ01	TCRBJ01-05	1.0				0	10	1	8	2	6	33	50	60	63	65	1	In	VDJ							0.0
2792	AGCAACATGAGCCCTGAAGACAGCAGCATATATCTCTGCAGCGTGTCGGGACTAGCGGGGGGGGACGATACGCAGTATTTTGGCCCA	CSVSGLAGGDDTQYF	1	0.03005711	45	TCRBV29-01*01	TCRBV29	TCRBV29-01	1.0				TCRBD02-01*01	TCRBD02	TCRBD02-01	1.0				TCRBJ02-03*01	TCRBJ02	TCRBJ02-03	1.0				6	3	0	0	3	6	36	44	47	63	66	1	In	VDJ							0.0
2793	AGGCTGCTGTCGGCTGCTCCCTCCCAGACATCTGTGTACTTCTGTGCCAGCAGTTACGACGGGTCCTACGAGCAGTACTTCGGGCCG	CASSYDGSYEQYF	1	0.03005711	39	TCRBV06-05*01	TCRBV06	TCRBV06-05	1.0				TCRBD02-01	TCRBD02	TCRBD02-01				01,02	TCRBJ02-07*01	TCRBJ02	TCRBJ02-07	1.0				2	2	8	4	0	1	42	57	59	-1	63	1	In	VDJ							0.0
2794	ACAGTGACCAGTGCCCATCCTGAAGACAGCAGCTTCTACATCTGCAGTGCTAGAGATTCTAGGGTTCAGCCCCAGCATTTTGGTGAT	CSARDSRVQPQHF	1	0.03005711	39	TCRBV20	TCRBV20	unresolved			TCRBV20-01,TCRBV20-or09_02		unresolved		unresolved		TCRBD01,TCRBD02	TCRBD01-01,TCRBD02-01		TCRBJ01-05*01	TCRBJ01	TCRBJ01-05	1.0				0	4	5	3	1	6	42	56	60	64	65	1	In	VDJ							0.0
2795	TCTAAGAAGCTCCTTCTCAGTGACTCTGGCTTCTATCTCTGTGCCTGGAGTCGTACAGGGGGCGGCACTGAAGCTTTCTTTGGACAA	CAWSRTGGGTEAFF	1	0.03005711	42	TCRBV30-01*01	TCRBV30	TCRBV30-01	1.0				TCRBD01-01*01	TCRBD01	TCRBD01-01	1.0				TCRBJ01-01*01	TCRBJ01	TCRBJ01-01	1.0				2	3	3	0	2	4	39	51	54	63	65	1	In	VDJ							0.0
2796	CTACACACCCTGCAGCCAGAAGACTCGGCCCTGTATCTCTGCGCCAGCAGACCCGGAAGTAACACCGGGGAGCTGTTTTTTGGAGAA	CASRPGSNTGELFF	1	0.03005711	42	TCRBV04-03*01	TCRBV04	TCRBV04-03	1.0				unresolved		unresolved		TCRBD01,TCRBD02	TCRBD01-01,TCRBD02-01		TCRBJ02-02*01	TCRBJ02	TCRBJ02-02	1.0				6	4	1	8	3	2	39	50	54	57	60	1	In	VDJ							0.0
2797	TCTAAGAAGCTCCTTCTCAGTGACTCTGGCTTCTATCTCTGTGCCTGGAGTGCGGTTAATAGCAATCAGCCCCAGCATTTTGGTGAT	CAWSAVNSNQPQHF	1	0.03005711	42	TCRBV30-01*01	TCRBV30	TCRBV30-01	1.0				TCRBD02-01	TCRBD02	TCRBD02-01				01,02	TCRBJ01-05*01	TCRBJ01	TCRBJ01-05	1.0				1	0	8	5	4	0	39	-1	52	55	59	1	In	VDJ							0.0
2798	GGGTTGGAGTCGGCTGCTCCCTCCCAAACATCTGTGTACTTCTGTGCCAGCAGTTACAGTAGGGATCAGCCCCAGCATTTTGGTGAT	CASSYSRDQPQHF	1	0.03005711	39	TCRBV06	TCRBV06	unresolved			TCRBV06-02,TCRBV06-03		unresolved		unresolved		TCRBD01,TCRBD02	TCRBD01-01,TCRBD02-01		TCRBJ01-05*01	TCRBJ01	TCRBJ01-05	1.0				2	3	5	3	0	5	42	57	60	-1	64	1	In	VDJ							0.0
2799	AAGATCCGGTCCACAAAGCTGGAGGACTCAGCCATGTACTTCTGTGCCAGCACAGGGACAGGCCCCTACGAGCAGTACTTCGGGCCG	CASTGTGPYEQYF	1	0.03005711	39	TCRBV02-01*01	TCRBV02	TCRBV02-01	1.0				TCRBD01-01*01	TCRBD01	TCRBD01-01	1.0				TCRBJ02-07*01	TCRBJ02	TCRBJ02-07	1.0				7	2	0	4	2	2	42	52	54	62	64	1	In	VDJ							0.0
2800	ACAGTGACCAGTGCCCATCCTGAAGACAGCAGCTTCTACATCTGCAGTGCCAGAGACAGGGTGCTCTACGAGCAGTACTTCGGGCCG	CSARDRVLYEQYF	1	0.03005711	39	TCRBV20	TCRBV20	unresolved			TCRBV20-01,TCRBV20-or09_02		TCRBD01-01*01	TCRBD01	TCRBD01-01	1.0				TCRBJ02-07*01	TCRBJ02	TCRBJ02-07	1.0				0	0	4	3	4	3	42	-1	56	61	65	1	In	VDJ							0.0
2801	AACGCCTTGTTGCTGGGGGACTCGGCCCTCTATCTCTGTGCCAGCAGTCCAGAGGGGACCCGAGGGGAAAAACTGTTTTTTGGCAGT	CASSPEGTRGEKLFF	1	0.03005711	45	TCRBV05-06*01	TCRBV05	TCRBV05-06	1.0				unresolved		unresolved		TCRBD01,TCRBD02	TCRBD01-01,TCRBD02-01		TCRBJ01-04*01	TCRBJ01	TCRBJ01-04	1.0				5	7	0	7	7	8	36	47	54	59	66	1	In	VDJ							0.0
2802	TCTAAGAAGCTCCTTCTCAGTGACTCTGGCTTCTATCTCTGTGCCTGGAGGGGCTGGAGCTCCTACAATGAGCAGTTCTTCGGGCCA	CAWRGWSSYNEQFF	1	0.03005711	42	TCRBV30-01*01	TCRBV30	TCRBV30-01	1.0				unresolved		unresolved		TCRBD01,TCRBD02	TCRBD01-01,TCRBD02-01		TCRBJ02-01*01	TCRBJ02	TCRBJ02-01	1.0				3	0	8	0	5	0	39	-1	50	54	59	1	In	VDJ							0.0
2803	GAGTCTGCCAGGCCCTCACATACCTCTCAGTACCTCTGTGCCAGCTTAGACGGGTGGGGGCATGGAAACACCATATATTTTGGAGAG	CASLDGWGHGNTIYF	1	0.03005711	45	TCRBV25-01*01	TCRBV25	TCRBV25-01	1.0				TCRBD01-01*01	TCRBD01	TCRBD01-01	1.0				TCRBJ01-03*01	TCRBJ01	TCRBJ01-03	1.0				8	10	6	0	1	3	36	45	55	61	62	1	In	VDJ							0.0
2804	TCAAGATCCAGCCTGCAGAGCTTGGGGACTCGGCCGTGTATCTCTGTGCCAGCAGCTCGTACCCGATACGAGCAGTACTTCGGGCCG		1	0.03005711	37	TCRBV11-03*01	TCRBV11	TCRBV11-03	1.0				unresolved		unresolved		TCRBD01,TCRBD02	TCRBD01-01,TCRBD02-01		TCRBJ02-07*01	TCRBJ02	TCRBJ02-07	1.0				4	7	2	8	0	4	44	57	64	-1	66	1	Out	VDJ							0.0
2805	ACTCTCAAGATCCAGCCTGCAAAGCTTGAGGACTCGGCCGTGTATCTCTGTGCCAGCAGCGAGGTCTACGAGCAGTACTTCGGGCCG	CASSEVYEQYF	1	0.03005711	33	TCRBV11-02*02	TCRBV11	TCRBV11-02	2.0				TCRBD02-01*02	TCRBD02	TCRBD02-01	2.0				TCRBJ02-07*01	TCRBJ02	TCRBJ02-07	1.0				5	0	11	1	1	3	48	-1	60	64	65	1	In	VDJ							0.0
2806	CGGTCCACAAAGCTGGAGGACTCAGCCATGTACTTCTGTGCCAGCAGTGTACGGCAGACAATTAACTATGGCTACACCTTCGGTTCG	CASSVRQTINYGYTF	1	0.03005711	45	TCRBV02-01*01	TCRBV02	TCRBV02-01	1.0				TCRBD01-01*01	TCRBD01	TCRBD01-01	1.0				TCRBJ01-02*01	TCRBJ01	TCRBJ01-02	1.0				4	7	2	6	2	1	36	49	56	60	62	1	In	VDJ							0.0
2807	AGGCTGCTGTCGGCTGCTCCCTCCCAGACATCTGTGTACTTCTGTGCCAGCAGCCCGAGACGGTGGTATGGCTACACCTTCGGTTCG	CASSPRRWYGYTF	1	0.03005711	39	TCRBV06-05*01	TCRBV06	TCRBV06-05	1.0				unresolved		unresolved		TCRBD01,TCRBD02	TCRBD01-01,TCRBD02-01		TCRBJ01-02*01	TCRBJ01	TCRBJ01-02	1.0				6	5	2	7	5	5	42	53	58	61	66	1	In	VDJ							0.0
2808	GTGACCAGTGCCCATCCTGAAGACAGCAGCTTCTACATCTGCAGTGCTAGATCCAAGCGGATTCCTCACGAGCAGTACTTCGGGCCG	CSARSKRIPHEQYF	1	0.03005711	42	TCRBV20	TCRBV20	unresolved			TCRBV20-01,TCRBV20-or09_02		TCRBD02-01	TCRBD02	TCRBD02-01				01,02	TCRBJ02-07*01	TCRBJ02	TCRBJ02-07	1.0				2	4	6	5	7	5	39	51	55	60	67	1	In	VDJ							0.0
2809	CTGGAGTTGGCTGCTCCCTCCCAGACATCTGTGTACTTCTGTGCCAGCAGGGACGACAGTACGTCCTACGAGCAGTACTTCGGGCCG	CASRDDSTSYEQYF	1	0.03005711	42	TCRBV06-06	TCRBV06	TCRBV06-06				01,02	TCRBD01-01*01	TCRBD01	TCRBD01-01	1.0				TCRBJ02-07*01	TCRBJ02	TCRBJ02-07	1.0				6	4	2	5	4	1	39	50	54	59	63	1	In	VDJ							0.0
2810	TTGCTGGGGGACTCGGCCCTCTATCTCTGTGCCAGCAGCTTGTTGGGGGGGGACCTGCGCTATAATTCACCCCTCCACTTTGGGAAC	CASSLLGGDLRYNSPLHF	1	0.03005711	54	TCRBV05-06*01	TCRBV05	TCRBV05-06	1.0				TCRBD02-01*01	TCRBD02	TCRBD02-01	1.0				TCRBJ01-06*01	TCRBJ01	TCRBJ01-06	1.0				1	2	9	0	8	3	27	42	44	51	59	1	In	VDJ							0.0
2811	CAGCCTGCAGAGCTTGGGGACTCGGCCATGTATCTCTGTGCCAGCAGCCCCAGAGGGGGGGCGGCCTACGAGCAGTACTTCGGGCCG	CASSPRGGAAYEQYF	1	0.03005711	45	TCRBV11-01*01	TCRBV11	TCRBV11-01	1.0				TCRBD02-01*01	TCRBD02	TCRBD02-01	1.0				TCRBJ02-07*01	TCRBJ02	TCRBJ02-07	1.0				5	6	9	0	3	2	36	48	54	61	64	1	In	VDJ							0.0
2812	ACAGTGACCAGTGCCCATCCTGAAGACAGCAGCTTCTACATCTGCAGTGCCTCGAGCGGGGGGGGCTACGAGCAGTACTTCGGGCCG	CSASSGGGYEQYF	1	0.03005711	39	TCRBV20	TCRBV20	unresolved			TCRBV20-01,TCRBV20-or09_02		TCRBD02-01*01	TCRBD02	TCRBD02-01	1.0				TCRBJ02-07*01	TCRBJ02	TCRBJ02-07	1.0				6	4	6	0	1	3	42	50	54	64	65	1	In	VDJ							0.0
2813	TCTAAGAAGCTCCTTCTCAGTGACTCTGGCTTCTATCTCTGTGCCTGGCTAGGCAGGGGGGGCTACCAGCCCCAGCATTTTGGTGAT	CAWLGRGGYQPQHF	1	0.03005711	42	TCRBV30-01*01	TCRBV30	TCRBV30-01	1.0				unresolved		unresolved		TCRBD01,TCRBD02	TCRBD01-01,TCRBD02-01		TCRBJ01-05*01	TCRBJ01	TCRBJ01-05	1.0				5	5	4	1	6	7	39	48	53	60	66	1	In	VDJ							0.0
2814	CTGAGTTCTAAGAAGCTCCTTCTCAGTGACTCTGGCTTCTATCTCTGTGCCTGGAGTTCTGACACCGGGGAGCTGTTTTTTGGAGAA	CAWSSDTGELFF	1	0.03005711	36	TCRBV30-01*01	TCRBV30	TCRBV30-01	1.0				TCRBD02-01	TCRBD02	TCRBD02-01				01,02	TCRBJ02-02*01	TCRBJ02	TCRBJ02-02	1.0				2	1	4	10	1	3	45	57	58	60	61	1	In	VDJ							0.0
2815	GAGTCTGCCAGGCCCTCACATACCTCTCAGTACCTCTGTGCCAGCAGTGGCACTAGCGGGGACGTCGGGGAGCTGTTTTTTGGAGAA	CASSGTSGDVGELFF	1	0.03005711	45	TCRBV25-01*01	TCRBV25	TCRBV25-01	1.0				TCRBD02-01*01	TCRBD02	TCRBD02-01	1.0				TCRBJ02-02*01	TCRBJ02	TCRBJ02-02	1.0				4	2	3	3	4	7	36	49	51	61	65	1	In	VDJ							0.0
2816	GAGTCTGCCATCCCCAACCAGACAGCTCTTTACTTCTGTGCCACCAGTGATTCGCGCATCCAACAAGAGACCCAGTACTTCGGGCCA	CATSDSRIQQETQYF	1	0.03005711	45	TCRBV24	TCRBV24	unresolved			TCRBV24-01,TCRBV24-or09_02		TCRBD02-01	TCRBD02	TCRBD02-01				01,02	TCRBJ02-05*01	TCRBJ02	TCRBJ02-05	1.0				2	1	7	6	7	2	36	52	53	56	63	1	In	VDJ							0.0
2817	CTGCTGGGGTTGGAGTCGGCTGCTCCCTCCCAAACATCTGTGTACTTCTGTGCCAGCAGTTACGGCTTCCACCTCCACTTTGGGAAC	CASSYGFHLHF	1	0.03005711	33	TCRBV06	TCRBV06	unresolved			TCRBV06-02,TCRBV06-03		TCRBD01-01*01	TCRBD01	TCRBD01-01	1.0				TCRBJ01-06*01	TCRBJ01	TCRBJ01-06	1.0				2	0	9	0	5	15	48	-1	63	66	71	1	In	VDJ							0.0
2818	CTCCCTGTCCCTAGAGTCTGCCATCCCCAACCAGACAGCTCTTTACTTCTGTGCCACCGAAAATCTCGTGGCTACACCTTCGGTTCG		1	0.03005711	32	TCRBV24	TCRBV24	unresolved			TCRBV24-01,TCRBV24-or09_02		unresolved		unresolved		TCRBD01,TCRBD02	TCRBD01-01,TCRBD02-01		TCRBJ01-02*01	TCRBJ01	TCRBJ01-02	1.0				9	0	2	8	8	7	49	-1	58	60	68	1	Out	VDJ							0.0
2819	CTGTCGGCTGCTCCCTCCCAGACATCTGTGTACTTCTGTGCCAGCAGCCAGCGAGGAGGGATCCTTCAGCCCCAGCATTTTGGTGAT	CASSQRGGILQPQHF	1	0.03005711	45	TCRBV06-05*01	TCRBV06	TCRBV06-05	1.0				TCRBD02-01*02	TCRBD02	TCRBD02-01	2.0				TCRBJ01-05*01	TCRBJ01	TCRBJ01-05	1.0				6	7	10	0	5	6	36	47	54	60	65	1	In	VDJ							0.0
2820	ATCCTGAGTTCTAAGAAGCTCCTTCTCAGTGACTCTGGCTTCTATCTCTGTGCCTGCGAAGAGAACACTGAAGCTTTCTTTGGACAA	CACEENTEAFF	1	0.03005711	33	TCRBV30-01*01	TCRBV30	TCRBV30-01	1.0				unresolved		unresolved		TCRBD01,TCRBD02	TCRBD01-01,TCRBD02-01		TCRBJ01-01*01	TCRBJ01	TCRBJ01-01	1.0				6	1	2	8	3	1	48	56	57	59	62	1	In	VDJ							0.0
2821	GGGGTTGGAGTCGGCTGCTCCCTCCCAAACATCTGTGTACTTCTGTGCCAGCAGTCGCCCAGGCGTTCACCCCTCCACTTTGGGAAC		1	0.03005711	38	TCRBV06	TCRBV06	unresolved			TCRBV06-02,TCRBV06-03		TCRBD01-01*01	TCRBD01	TCRBD01-01	1.0				TCRBJ01-06*01	TCRBJ01	TCRBJ01-06	1.0				5	4	4	4	2	9	43	55	59	63	65	1	Out	VDJ							0.0
2822	ACCCTGCAGCCAGAAGACTCGGCCCTGTATCTCTGCGCCAGCAGCCAAGATCGGGACAGGGGCTCCTACGAGCAGTACTTCGGGCCG	CASSQDRDRGSYEQYF	1	0.03005711	48	TCRBV04-03*01	TCRBV04	TCRBV04-03	1.0				TCRBD01-01*01	TCRBD01	TCRBD01-01	1.0				TCRBJ02-07*01	TCRBJ02	TCRBJ02-07	1.0				0	2	0	2	0	0	33	50	52	-1	62	1	In	VDJ							0.0
2823	ACTGTGAGCAACATGAGCCCTGAAGACAGCAGCATATATCTCTGCAGCACCAGGACGGCCGAAATTAGTCGGGCTTTCTTTGGACAA	CSTRTAEISRAFF	1	0.03005711	39	TCRBV29-01*01	TCRBV29	TCRBV29-01	1.0				unresolved		unresolved		TCRBD01,TCRBD02	TCRBD01-01,TCRBD02-01		TCRBJ01-01*01	TCRBJ01	TCRBJ01-01	1.0				8	4	1	7	16	11	42	48	52	56	72	1	In	VDJ							0.0
2824	TCGGCTGCTCCCTCCCAAACATCTGTGTACTTCTGTGCCAGCAGTTGGCTTAGCGGGGTCTCCTCCTACGAGCAGTACTTCGGGCCG	CASSWLSGVSSYEQYF	1	0.03005711	48	TCRBV06	TCRBV06	unresolved			TCRBV06-02,TCRBV06-03		TCRBD02-01*01	TCRBD02	TCRBD02-01	1.0				TCRBJ02-07*01	TCRBJ02	TCRBJ02-07	1.0				4	4	5	3	4	0	33	46	50	58	62	1	In	VDJ							0.0
2825	CTGGAGTTGGCTGCTCCCTCCCAGACATCTGTGTACTTCTGTGCCAGCAGTTACAACAGGGGGGACTATGGCTACACCTTCGGTTCG	CASSYNRGDYGYTF	1	0.03005711	42	TCRBV06-06	TCRBV06	TCRBV06-06				01,02	TCRBD01-01*01	TCRBD01	TCRBD01-01	1.0				TCRBJ01-02*01	TCRBJ01	TCRBJ01-02	1.0				2	1	3	1	1	3	39	54	55	63	64	1	In	VDJ							0.0
2826	TCTGACTGTGAGCAACATGAGCCCTGAAGACAGCAGCATATATCTCTGCAGCGTAGCTAAGTATACACTGAAGCTTTCTTTGGACAA		1	0.03005711	35	TCRBV29-01*01	TCRBV29	TCRBV29-01	1.0				TCRBD02-01	TCRBD02	TCRBD02-01				01,02	TCRBJ01-01*01	TCRBJ01	TCRBJ01-01	1.0				6	2	4	9	5	3	46	54	56	59	64	1	Out	VDJ							0.0
2827	AGCAACATGAGCCCTGAAGACAGCAGCATATATCTCTGCAGCGTTAGGGTGCCCCGGTTCGGGGCCAACGTCCTGACTTTCGGGGCC	CSVRVPRFGANVLTF	1	0.03005711	45	TCRBV29-01*01	TCRBV29	TCRBV29-01	1.0				unresolved		unresolved		TCRBD01,TCRBD02	TCRBD01-01,TCRBD02-01		TCRBJ02-06*01	TCRBJ02	TCRBJ02-06	1.0				5	0	5	3	11	4	36	-1	45	49	60	1	In	VDJ							0.0
2828	ATCCTGAGTTCTAAGAAGCTCCTTCTCAGTGACTCTGGCTTCTATCTCTGTGCCTGGAGTGTGGAAACAGAGCAGTTCTTCGGGCCA	CAWSVETEQFF	1	0.03005711	33	TCRBV30-01*01	TCRBV30	TCRBV30-01	1.0				unresolved		unresolved		TCRBD01,TCRBD02	TCRBD01-01,TCRBD02-01		TCRBJ02-01*01	TCRBJ02	TCRBJ02-01	1.0				0	0	1	8	4	10	48	-1	62	65	69	1	In	VDJ							0.0
2829	TCTAAGAAGCTCCTTCTCAGTGACTCTGGCTTCTATCTCTGTGCCTGGAGTGGGACGCGTTCAGGGAATGAGCAGTTCTTCGGGCCA	CAWSGTRSGNEQFF	1	0.03005711	42	TCRBV30-01*01	TCRBV30	TCRBV30-01	1.0				TCRBD01-01*01	TCRBD01	TCRBD01-01	1.0				TCRBJ02-01*01	TCRBJ02	TCRBJ02-01	1.0				1	9	4	3	0	7	39	52	61	-1	66	1	In	VDJ							0.0
2830	CAACCAGACAGCTCTTTACTTCTGTGCCACCAGTGATTTGCATTTGGGGACAGGGGGTAGCTATCCTACGAGCAGTACTTCGGGCCG		1	0.03005711	59	TCRBV24	TCRBV24	unresolved			TCRBV24-01,TCRBV24-or09_02		TCRBD01-01*01	TCRBD01	TCRBD01-01	1.0				TCRBJ02-07*01	TCRBJ02	TCRBJ02-07	1.0				0	6	0	1	6	1	22	40	46	57	63	1	Out	VDJ							0.0
2831	CTCAGTGACTCTGGCTTCTATCTCTGTGCCTGGAGTGTAGGCCGGGGTGTTGGGATTCTAGCCAAAAACATTCAGTACTTCGGCGCC	CAWSVGRGVGILAKNIQYF	1	0.03005711	57	TCRBV30-01	TCRBV30	TCRBV30-01				01,02	TCRBD02-01*01	TCRBD02	TCRBD02-01	1.0				TCRBJ02-04*01	TCRBJ02	TCRBJ02-04	1.0				0	4	8	3	12	0	24	38	42	47	59	1	In	VDJ							0.0
2832	CTGCTGTCGGCTGCTCCCTCCCAGACATCTGTGTACTTCTGTGCCAGCAGATTCCGGGACAGTCCCATAGGCTACACCTTCGGTTCG	CASRFRDSPIGYTF	1	0.03005711	42	TCRBV06-05*01	TCRBV06	TCRBV06-05	1.0				TCRBD01-01*01	TCRBD01	TCRBD01-01	1.0				TCRBJ01-02*01	TCRBJ01	TCRBJ01-02	1.0				6	5	0	5	7	8	39	50	55	62	69	1	In	VDJ							0.0
2833	ACTGTGAGCAACATGAGCCCTGAAGACAGCAGCATATATCTCTGCAGCGTTGGGGACGATAGCAATCAGCCCCAGCATTTTGGTGAT	CSVGDDSNQPQHF	1	0.03005711	39	TCRBV29-01*01	TCRBV29	TCRBV29-01	1.0				unresolved		unresolved		TCRBD01,TCRBD02	TCRBD01-01,TCRBD02-01		TCRBJ01-05*01	TCRBJ01	TCRBJ01-05	1.0				4	0	0	7	2	0	42	-1	52	57	59	1	In	VDJ							0.0
2834	AACGCCTTGTTGCTGGGGGACTCGGCCCTCTATCTCTGTGCCAGCAGCATCGGGGGACAGGGGGATCAGCCCCAGCATTTTGGTGAT	CASSIGGQGDQPQHF	1	0.03005711	45	TCRBV05-06*01	TCRBV05	TCRBV05-06	1.0				TCRBD01-01*01	TCRBD01	TCRBD01-01	1.0				TCRBJ01-05*01	TCRBJ01	TCRBJ01-05	1.0				4	5	0	1	0	5	36	48	53	-1	64	1	In	VDJ							0.0
2835	TTGGAGTCGGCTGCTCCCTCCCAAACATCTGTGTACTTCTGTGCCAGCAGTTACTCCTCGGGTCCCTACGAGCAGTACTTCGGGCCG	CASSYSSGPYEQYF	1	0.03005711	42	TCRBV06	TCRBV06	unresolved			TCRBV06-02,TCRBV06-03		TCRBD02-01	TCRBD02	TCRBD02-01				01,02	TCRBJ02-07*01	TCRBJ02	TCRBJ02-07	1.0				0	2	8	4	2	2	39	56	58	62	64	1	In	VDJ							0.0
2836	CTGACTGTGAGCAACATGAGCCCTGAAGACAGCAGCATATATCTCTGCAGCGTTCCAGGGGGCCACACTGAAGCTTTCTTTGGACAA	CSVPGGHTEAFF	1	0.03005711	36	TCRBV29-01*01	TCRBV29	TCRBV29-01	1.0				TCRBD01-01*01	TCRBD01	TCRBD01-01	1.0				TCRBJ01-01*01	TCRBJ01	TCRBJ01-01	1.0				5	1	4	0	1	3	45	54	55	63	64	1	In	VDJ							0.0
2837	CTGAGTTCTAAGAAGCTCCTTCTCAGTGACTCTGGCTTCTATCTCTGTGCCTGGAGTGTACGGGGCGGGGAGCTGTTTTTTGGAGAA	CAWSVRGGELFF	1	0.03005711	36	TCRBV30-01*01	TCRBV30	TCRBV30-01	1.0				TCRBD02-01*01	TCRBD02	TCRBD02-01	1.0				TCRBJ02-02*01	TCRBJ02	TCRBJ02-02	1.0				0	1	8	3	0	7	45	59	60	-1	65	1	In	VDJ							0.0
2838	CTGGAGTCTGCCAGGCCCTCACATACCTCTCAGTACCTCTGTGCCAGCAGTTCAAACCTTGGGGCAGATACGCAGTATTTTGGCCCA	CASSSNLGADTQYF	1	0.03005711	42	TCRBV25-01*01	TCRBV25	TCRBV25-01	1.0				unresolved		unresolved		TCRBD01,TCRBD02	TCRBD01-01,TCRBD02-01		TCRBJ02-03*01	TCRBJ02	TCRBJ02-03	1.0				5	9	6	2	0	4	39	51	60	-1	64	1	In	VDJ							0.0
2839	ACTGTGAGCAACATGAGCCCTGAAGACAGCAGCATATATCTCTGCAGCGCCCAGGGACAGATCCAAAACATTCAGTACTTCGGCGCC	CSAQGQIQNIQYF	1	0.03005711	39	TCRBV29-01*01	TCRBV29	TCRBV29-01	1.0				TCRBD01-01*01	TCRBD01	TCRBD01-01	1.0				TCRBJ02-04*01	TCRBJ02	TCRBJ02-04	1.0				7	4	0	5	4	5	42	49	53	60	64	1	In	VDJ							0.0
2840	CACACCCTGCAGCCAGAAGACTCGGCCCTGTATCTCTGCGCCAGCAGCCCCTCCCGGGCGGGGGGCTATGGCTACACCTTCGGTTCG	CASSPSRAGGYGYTF	1	0.03005711	45	TCRBV04-03*01	TCRBV04	TCRBV04-03	1.0				TCRBD02-01*01	TCRBD02	TCRBD02-01	1.0				TCRBJ01-02*01	TCRBJ01	TCRBJ01-02	1.0				4	8	7	1	0	4	36	49	57	-1	65	1	In	VDJ							0.0
2841	GCCCTGCAGCCAGAAGACTCAGCCCTGTATCTCTGCGCCAGCAGCCAAGAGAGGGCCCATACCCTCTACGAGCAGTACTTCGGGCCG	CASSQERAHTLYEQYF	1	0.03005711	48	TCRBV04-01*01	TCRBV04	TCRBV04-01	1.0				TCRBD02-01*02	TCRBD02	TCRBD02-01	2.0				TCRBJ02-07*01	TCRBJ02	TCRBJ02-07	1.0				0	0	11	0	10	3	33	-1	50	55	65	1	In	VDJ							0.0
2842	AGTTCTAAGAAGCTCCTTCTCAGTGACTCTGGCTTCTATCTCTGTGCCTGGAGAATTGACGTGTATAAGGGCTACACCTTCGGTTCG	CAWRIDVYKGYTF	1	0.03005711	39	TCRBV30-01*01	TCRBV30	TCRBV30-01	1.0				unresolved		unresolved		TCRBD01,TCRBD02	TCRBD01-01,TCRBD02-01		TCRBJ01-02*01	TCRBJ01	TCRBJ01-02	1.0				3	4	2	7	9	8	42	53	57	60	69	1	In	VDJ							0.0
2843	GGGTTGGAGTCGGCTGCTCCCTCCCAAACATCTGTGTACTTCTGTGCCAGCGATCAGTACCTTAATCAGCCCCAGCATTTTGGTGAT	CASDQYLNQPQHF	1	0.03005711	39	TCRBV06	TCRBV06	unresolved			TCRBV06-02,TCRBV06-03		TCRBD01-01*01	TCRBD01	TCRBD01-01	1.0				TCRBJ01-05*01	TCRBJ01	TCRBJ01-05	1.0				8	3	4	5	6	4	42	51	54	57	63	1	In	VDJ							0.0
2844	TCTAAGAAGCTCCTTCTCAGTGACTCTGGCTTCTATCTCTGTGCCTGGAGGAGCGGACAGGGGAGAGGGCCCCAGCATTTTGGTGAT	CAWRSGQGRGPQHF	1	0.03005711	42	TCRBV30-01*01	TCRBV30	TCRBV30-01	1.0				TCRBD01-01*01	TCRBD01	TCRBD01-01	1.0				TCRBJ01-05*01	TCRBJ01	TCRBJ01-05	1.0				3	4	1	2	5	9	39	50	54	63	68	1	In	VDJ							0.0
2845	ACCCTGCAGCCAGAAGACTCGGCCCTGTATCTCTGCGCCAGCAGCCAAGGGCTCAAGGGACAGCTTTGGGAGCAGTACTTCGGGCCG	CASSQGLKGQLWEQYF	1	0.03005711	48	TCRBV04-03*01	TCRBV04	TCRBV04-03	1.0				TCRBD01-01*01	TCRBD01	TCRBD01-01	1.0				TCRBJ02-07*01	TCRBJ02	TCRBJ02-07	1.0				1	7	0	5	6	7	33	49	56	63	69	1	In	VDJ							0.0
2846	CTGACCCTGGAGTCTGCCAGGCCCTCACATACCTCTCAGTACCTCTGTGCCAGCAGACAGGGTTTGTGGGGCTACACCTTCGGTTCG	CASRQGLWGYTF	1	0.03005711	36	TCRBV25-01*01	TCRBV25	TCRBV25-01	1.0				TCRBD01-01*01	TCRBD01	TCRBD01-01	1.0				TCRBJ01-02*01	TCRBJ01	TCRBJ01-02	1.0				6	0	3	3	7	8	45	-1	56	62	69	1	In	VDJ							0.0
2847	TCTAAGAAGCTCCTTCTCAGTGACTCTGGCTTCTATCTCTGTGCCTGGAGTGCGGGCTTAACTAATGAAAAACTGTTTTTTGGCAGT	CAWSAGLTNEKLFF	1	0.03005711	42	TCRBV30-01*01	TCRBV30	TCRBV30-01	1.0				unresolved		unresolved		TCRBD01,TCRBD02	TCRBD01-01,TCRBD02-01		TCRBJ01-04*01	TCRBJ01	TCRBJ01-04	1.0				1	1	8	0	2	1	39	52	53	57	59	1	In	VDJ							0.0
2848	GTCGGCTGCTCCCTCCCAAACATCTGTGTACTTCTGTGCCACCCTGAAGTCACCGTAGGGGCTAACTATGGCTACACCTTCGGTTCG		1	0.03005711	47	TCRBV06	TCRBV06	unresolved			TCRBV06-02,TCRBV06-03		TCRBD01-01*01	TCRBD01	TCRBD01-01	1.0				TCRBJ01-02*01	TCRBJ01	TCRBJ01-02	1.0				10	15	5	2	0	0	34	41	56	-1	61	1	Out	VDJ							0.0
2849	CTGACCCTGGAGTCTGCCAGGCCCTCACATACCTCTCAGTACCTCTGTGCCAGCACCCCCTCGGGAGAAAAACTGTTTTTTGGCAGT	CASTPSGEKLFF	1	0.03005711	36	TCRBV25-01*01	TCRBV25	TCRBV25-01	1.0				TCRBD02-01*02	TCRBD02	TCRBD02-01	2.0				TCRBJ01-04*01	TCRBJ01	TCRBJ01-04	1.0				7	6	8	3	0	8	45	55	61	-1	66	1	In	VDJ							0.0
2850	TCCCTAGAGTCTGCCATCCCCAACCAGACAGCTCTTTACTTCTGTGCCACCAGTGATGGAACAGCGCGGGAGCAGTACTTCGGGCCG	CATSDGTAREQYF	1	0.03005711	39	TCRBV24	TCRBV24	unresolved			TCRBV24-01,TCRBV24-or09_02		unresolved		unresolved		TCRBD01,TCRBD02	TCRBD01-01,TCRBD02-01		TCRBJ02-07*01	TCRBJ02	TCRBJ02-07	1.0				3	3	3	5	5	7	42	57	60	64	69	1	In	VDJ							0.0
2851	TCTAAGAAGCTCCTTCTCAGTGACTCTGGCTTCTATCTCTGTGCCTGGAGTGTAAAGGGAAGGAATGAAAAACTGTTTTTTGGCAGT	CAWSVKGRNEKLFF	1	0.03005711	42	TCRBV30-01*01	TCRBV30	TCRBV30-01	1.0				unresolved		unresolved		TCRBD01,TCRBD02	TCRBD01-01,TCRBD02-01		TCRBJ01-04*01	TCRBJ01	TCRBJ01-04	1.0				0	3	0	8	3	5	39	53	56	60	63	1	In	VDJ							0.0
2852	AACATGAGCCCTGAAGACAGCAGCATATATCTCTGCAGCGTTGAAGACAGACTCTGGATAGAGGGCTATGGCTACACCTTCGGTTCG	CSVEDRLWIEGYGYTF	1	0.03005711	48	TCRBV29-01*01	TCRBV29	TCRBV29-01	1.0				TCRBD02-01*02	TCRBD02	TCRBD02-01	2.0				TCRBJ01-02*01	TCRBJ01	TCRBJ01-02	1.0				0	13	11	0	0	4	33	47	60	-1	65	1	In	VDJ							0.0
2853	TGAGTTCTAAGAAGCTCCTTCTCAGTGACTCTGGCTTCTATCTCTGTGCCTTCCGGGACTCCTAACTATGGCTACACCTTCGGTTCG		1	0.03005711	37	TCRBV30-01*01	TCRBV30	TCRBV30-01	1.0				TCRBD02-01	TCRBD02	TCRBD02-01				01,02	TCRBJ01-02*01	TCRBJ01	TCRBJ01-02	1.0				7	3	0	10	1	0	44	51	54	60	61	1	Out	VDJ							0.0
2854	GTGAACGCCTTGTTGCTGGGGGACTCGGCCCTCTATCTCTGTGCCAGCAGCTTGGTGGGCGGCAGCTACGAGCAGTACTTCGGGCCG	CASSLVGGSYEQYF	1	0.03005711	42	TCRBV05-06*01	TCRBV05	TCRBV05-06	1.0				unresolved		unresolved		TCRBD01,TCRBD02	TCRBD01-01,TCRBD02-01		TCRBJ02-07*01	TCRBJ02	TCRBJ02-07	1.0				0	1	8	0	5	3	39	55	56	60	65	1	In	VDJ							0.0
2855	ATCCTGAGTTCTAAGAAGCTCCTTCTCAGTGACTCTGGCTTCTATCTCTGTGCCTGGATCAGCTCCGCGAGAGCTTTCTTTGGACAA	CAWISSARAFF	1	0.03005711	33	TCRBV30-01*01	TCRBV30	TCRBV30-01	1.0				unresolved		unresolved		TCRBD01,TCRBD02	TCRBD01-01,TCRBD02-01		TCRBJ01-01*01	TCRBJ01	TCRBJ01-01	1.0				4	1	4	5	9	10	48	58	59	62	71	1	In	VDJ							0.0
2856	CTGACTGTGAGCAACATGAGCCCTGAAGACAGCAGCATATATCTCTGCAGCGGGGGAAGGGATGGAGAGACCCAGTACTTCGGGCCA	CSGGRDGETQYF	1	0.03005711	36	TCRBV29-01*01	TCRBV29	TCRBV29-01	1.0				unresolved		unresolved		TCRBD01,TCRBD02	TCRBD01-01,TCRBD02-01		TCRBJ02-05*01	TCRBJ02	TCRBJ02-05	1.0				7	1	0	8	8	4	45	52	53	57	65	1	In	VDJ							0.0
2857	TCTAAGAAGCTCCTTCTCAGTGACTCTGGCTTCTATCTCTGTGCCTGGAGTGTCTCTCCGAACACCGGGGAGCTGTTTTTTGGAGAA	CAWSVSPNTGELFF	1	0.03005711	42	TCRBV30-01*01	TCRBV30	TCRBV30-01	1.0				TCRBD02-01	TCRBD02	TCRBD02-01				01,02	TCRBJ02-02*01	TCRBJ02	TCRBJ02-02	1.0				0	0	4	10	3	0	39	-1	53	55	58	1	In	VDJ							0.0
2858	CTGAGTTCTAAGAAGCTCCTTCTCAGTGACTCTGGCTTCTATCTCTGTGCCTGGAACACAGGGGACTACGAGCAGTACTTCGGGCCG	CAWNTGDYEQYF	1	0.03005711	36	TCRBV30-01*01	TCRBV30	TCRBV30-01	1.0				TCRBD01-01*01	TCRBD01	TCRBD01-01	1.0				TCRBJ02-07*01	TCRBJ02	TCRBJ02-07	1.0				4	2	3	2	1	3	45	55	57	64	65	1	In	VDJ							0.0
2859	TCTAAGAAGCTCCTTCTCAGTGACTCTGGCTTCTATCTCTGTGCCTGGAGCCTTCGCCGGGGGCAAGAGACCCAGTACTTCGGGCCA	CAWSLRRGQETQYF	1	0.03005711	42	TCRBV30-01*01	TCRBV30	TCRBV30-01	1.0				TCRBD02-01*01	TCRBD02	TCRBD02-01	1.0				TCRBJ02-05*01	TCRBJ02	TCRBJ02-05	1.0				3	7	8	2	0	2	39	50	57	-1	63	1	In	VDJ							0.0
2860	ATCCTGAGTTCTAAGAAGCTCCTTCTCAGTGACTCTGGCTTCTATCTCTGTGCCTGGCTAGCGGGCTACGAGCAGTACTTCGGGCCG	CAWLAGYEQYF	1	0.03005711	33	TCRBV30-01*01	TCRBV30	TCRBV30-01	1.0				TCRBD02-01	TCRBD02	TCRBD02-01				01,02	TCRBJ02-07*01	TCRBJ02	TCRBJ02-07	1.0				5	0	4	4	0	3	48	-1	57	-1	65	1	In	VDJ							0.0
2861	AGTTCTAAGAAGCTCCTTCTCAGTGACTCTGGCTTCTATCTCTGTGCCTGGAGTGTAGCCGGAGGCGATACGCAGTATTTTGGCCCA	CAWSVAGGDTQYF	1	0.03005711	39	TCRBV30-01*01	TCRBV30	TCRBV30-01	1.0				TCRBD02-01*02	TCRBD02	TCRBD02-01	2.0				TCRBJ02-03*01	TCRBJ02	TCRBJ02-03	1.0				0	4	10	1	1	6	42	56	60	65	66	1	In	VDJ							0.0
2862	AGTTCTAAGAAGCTCCTTCTCAGTGACTCTGGCTTCTATCTCTGTGCCTGGAGTAAAGGGATGAACACTGAAGCTTTCTTTGGACAA	CAWSKGMNTEAFF	1	0.03005711	39	TCRBV30-01*01	TCRBV30	TCRBV30-01	1.0				unresolved		unresolved		TCRBD01,TCRBD02	TCRBD01-01,TCRBD02-01		TCRBJ01-01*01	TCRBJ01	TCRBJ01-01	1.0				2	3	0	8	0	0	42	54	57	-1	61	1	In	VDJ							0.0
2863	AGTTCTAAGAAGCTCCTTCTCAGTGACTCTGGCTTCTATCTCTGTGCCTGGAGTGTACGTGGGGGTCAGCCCCAGCATTTTGGTGAT	CAWSVRGGQPQHF	1	0.03005711	39	TCRBV30-01*01	TCRBV30	TCRBV30-01	1.0				unresolved		unresolved		TCRBD01,TCRBD02	TCRBD01-01,TCRBD02-01		TCRBJ01-05*01	TCRBJ01	TCRBJ01-05	1.0				0	4	6	1	0	6	42	56	60	-1	65	1	In	VDJ							0.0
2864	TCTAAGAAGCTCCTTCTCAGTGACTCTGGCTTCTATCTCTGTGCCTGGAGCGGCAGTTCCGTCACTCAGCCCCAGCATTTTGGTGAT	CAWSGSSVTQPQHF	1	0.03005711	42	TCRBV30-01*01	TCRBV30	TCRBV30-01	1.0				unresolved		unresolved		TCRBD01,TCRBD02	TCRBD01-01,TCRBD02-01		TCRBJ01-05*01	TCRBJ01	TCRBJ01-05	1.0				3	3	4	5	9	6	39	50	53	56	65	1	In	VDJ							0.0
2865	TCTAAGAAGCTCCTTCTCAGTGACTCTGGCTTCTATCTCTGTGCCTGGAGTGTGCGGGGGGCGGCTGAAAAACTGTTTTTTGGCAGT	CAWSVRGAAEKLFF	1	0.03005711	42	TCRBV30-01*01	TCRBV30	TCRBV30-01	1.0				TCRBD02-01*01	TCRBD02	TCRBD02-01	1.0				TCRBJ01-04*01	TCRBJ01	TCRBJ01-04	1.0				0	0	7	1	4	7	39	-1	53	61	65	1	In	VDJ							0.0
2866	CTGGAGTCTGCCAGGCCCTCACATACCTCTCAGTACCTCTGTGCCAGCAGTAAAGCGGGGGGGCCGGGCGAGCAGTACTTCGGGCCG	CASSKAGGPGEQYF	1	0.03005711	42	TCRBV25-01*01	TCRBV25	TCRBV25-01	1.0				TCRBD02-01*01	TCRBD02	TCRBD02-01	1.0				TCRBJ02-07*01	TCRBJ02	TCRBJ02-07	1.0				5	2	6	0	5	6	39	51	53	63	68	1	In	VDJ							0.0
2867	AGTTCTAAGAAGCTCCTTCTCAGTGACTCTGGCTTCTATCTCTGTGCCACCAACTCAGGGGTCTCCTACGAGCAGTACTTCGGGCCG	CATNSGVSYEQYF	1	0.03005711	39	TCRBV30-01*01	TCRBV30	TCRBV30-01	1.0				TCRBD01-01*01	TCRBD01	TCRBD01-01	1.0				TCRBJ02-07*01	TCRBJ02	TCRBJ02-07	1.0				8	7	4	2	1	0	42	48	55	61	62	1	In	VDJ							0.0
2868	AGTTCTAAGAAGCTCCTTCTCAGTGACTCTGGCTTCTATCTCTGTGCCTGCGCGACAGAAAACAATCAGCCCCAGCATTTTGGTGAT	CACATENNQPQHF	1	0.03005711	39	TCRBV30-01*01	TCRBV30	TCRBV30-01	1.0				TCRBD01-01*01	TCRBD01	TCRBD01-01	1.0				TCRBJ01-05*01	TCRBJ01	TCRBJ01-05	1.0				6	3	2	5	4	3	42	50	53	58	62	1	In	VDJ							0.0
2869	AAGCTCCTTCTCAGTGACTCTGGCTTCTATCTCTGTGCCTGGAGTGTAAGGGGGACAGGGGGTTTTGACGAGCAGTACTTCGGGCCG	CAWSVRGTGGFDEQYF	1	0.03005711	48	TCRBV30-01*01	TCRBV30	TCRBV30-01	1.0				TCRBD01-01*01	TCRBD01	TCRBD01-01	1.0				TCRBJ02-07*01	TCRBJ02	TCRBJ02-07	1.0				0	4	0	1	5	5	33	47	51	62	67	1	In	VDJ							0.0
2870	ACTGTGAGCAACATGAGCCCTGAAGACAGCAGCATATATCTCTGCAGCGTCGCCCAGGGAGTCGCCTACGAGCAGTACTTCGGGCCG	CSVAQGVAYEQYF	1	0.03005711	39	TCRBV29-01*01	TCRBV29	TCRBV29-01	1.0				unresolved		unresolved		TCRBD01,TCRBD02	TCRBD01-01,TCRBD02-01		TCRBJ02-07*01	TCRBJ02	TCRBJ02-07	1.0				6	4	4	3	5	2	42	50	54	59	64	1	In	VDJ							0.0
2871	ATCCTGAGTTCTAAGAAGCTCCTTCTCAGTGACTCTGGCTTCTATCTCTGTGCCCGGGGGACCGGCTATGGCTACACCTTCGGTTCG	CARGTGYGYTF	1	0.03005711	33	TCRBV30-01*01	TCRBV30	TCRBV30-01	1.0				TCRBD02-01*01	TCRBD02	TCRBD02-01	1.0				TCRBJ01-02*01	TCRBJ01	TCRBJ01-02	1.0				8	0	8	2	5	4	48	-1	54	60	65	1	In	VDJ							0.0
2872	CTGAGTTCTAAGAAGCTCCTTCTCAGTGACTCTGGCTTCTATCTCTGTGCCTGGAGTGCCGGCAGTCAGCCCCAGCATTTTGGTGAT	CAWSAGSQPQHF	1	0.03005711	36	TCRBV30-01*01	TCRBV30	TCRBV30-01	1.0				unresolved		unresolved		TCRBD01,TCRBD02	TCRBD01-01,TCRBD02-01		TCRBJ01-05*01	TCRBJ01	TCRBJ01-05	1.0				1	4	4	5	0	6	45	58	62	-1	65	1	In	VDJ							0.0
2873	ATCCTGAGTTCTAAGAAGCTCCTTCTCAGTGACTCTGGCTTCTATCTCTGTGCCTGGAAGGACGGCTACGAGCAGTACTTCGGGCCG	CAWKDGYEQYF	1	0.03005711	33	TCRBV30-01*01	TCRBV30	TCRBV30-01	1.0				unresolved		unresolved		TCRBD01,TCRBD02	TCRBD01-01,TCRBD02-01		TCRBJ02-07*01	TCRBJ02	TCRBJ02-07	1.0				4	1	1	7	2	3	48	58	59	63	65	1	In	VDJ							0.0
2874	CTGAGTTCTAAGAAGCTCCTTCTCAGTGACTCTGGCTTCTATCTCTGTGCCTGGAGCAGGGAAACCTACGAGCAGTACTTCGGGCCG	CAWSRETYEQYF	1	0.03005711	36	TCRBV30-01*01	TCRBV30	TCRBV30-01	1.0				TCRBD01-01*01	TCRBD01	TCRBD01-01	1.0				TCRBJ02-07*01	TCRBJ02	TCRBJ02-07	1.0				3	0	4	3	3	2	45	-1	56	61	64	1	In	VDJ							0.0
